pid 1098518
Linux 6.8.0-136-generic (856a17914eb3) 	08/10/26 	_x86_64_	(72 CPU)

07:11:56      UID      TGID       TID    %usr %system  %guest   %wait    %CPU   CPU  Command
07:12:01        0   1098518         - 2864.27  238.92    0.00    0.00 3103.19    26  python
07:12:01        0         -   1098518    0.00    0.00    0.00    0.00    0.00    26  |__python
07:12:01        0         -   1098522    0.00    0.00    0.00    0.00    0.00     0  |__python
07:12:01        0         -   1098523    0.00    0.00    0.00    0.00    0.00     2  |__python
07:12:01        0         -   1098524    0.00    0.00    0.00    0.00    0.00    68  |__python
07:12:01        0         -   1098525    0.00    0.00    0.00    0.00    0.00    15  |__python
07:12:01        0         -   1098526    0.00    0.00    0.00    0.00    0.00    69  |__python
07:12:01        0         -   1098527    0.00    0.00    0.00    0.00    0.00     1  |__python
07:12:01        0         -   1098528    0.00    0.00    0.00    0.00    0.00    70  |__python
07:12:01        0         -   1098529    0.00    0.00    0.00    0.00    0.00     8  |__python
07:12:01        0         -   1098530    0.00    0.00    0.00    0.00    0.00    71  |__python
07:12:01        0         -   1098531    0.00    0.00    0.00    0.00    0.00    41  |__python
07:12:01        0         -   1098532    0.00    0.00    0.00    0.00    0.00    42  |__python
07:12:01        0         -   1098533    0.00    0.00    0.00    0.00    0.00    54  |__python
07:12:01        0         -   1098534    0.00    0.00    0.00    0.00    0.00    55  |__python
07:12:01        0         -   1098535    0.00    0.00    0.00    0.00    0.00     3  |__python
07:12:01        0         -   1098536    0.00    0.00    0.00    0.00    0.00    56  |__python
07:12:01        0         -   1098537    0.00    0.00    0.00    0.00    0.00     4  |__python
07:12:01        0         -   1098538    0.00    0.00    0.00    0.00    0.00    21  |__python
07:12:01        0         -   1098539    0.00    0.00    0.00    0.00    0.00     7  |__python
07:12:01        0         -   1098540    0.00    0.00    0.00    0.00    0.00    22  |__python
07:12:01        0         -   1098541    0.00    0.00    0.00    0.00    0.00     9  |__python
07:12:01        0         -   1098542    0.00    0.00    0.00    0.00    0.00    23  |__python
07:12:01        0         -   1098543    0.00    0.00    0.00    0.00    0.00    10  |__python
07:12:01        0         -   1098544    0.00    0.00    0.00    0.00    0.00    24  |__python
07:12:01        0         -   1098545    0.00    0.00    0.00    0.00    0.00    11  |__python
07:12:01        0         -   1098546    0.00    0.00    0.00    0.00    0.00    61  |__python
07:12:01        0         -   1098547    0.00    0.00    0.00    0.00    0.00    12  |__python
07:12:01        0         -   1098548    0.00    0.00    0.00    0.00    0.00    26  |__python
07:12:01        0         -   1098549    0.00    0.00    0.00    0.00    0.00    49  |__python
07:12:01        0         -   1098550    0.00    0.00    0.00    0.00    0.00    63  |__python
07:12:01        0         -   1098551    0.00    0.00    0.00    0.00    0.00    50  |__python
07:12:01        0         -   1098552    0.00    0.00    0.00    0.00    0.00    28  |__python
07:12:01        0         -   1098553    0.00    0.00    0.00    0.00    0.00    16  |__python
07:12:01        0         -   1098554    0.00    0.00    0.00    0.00    0.00    65  |__python
07:12:01        0         -   1098555    0.00    0.00    0.00    0.00    0.00    17  |__python
07:12:01        0         -   1098556    0.00    0.00    0.00    0.00    0.00    66  |__python
07:12:01        0         -   1098557    0.00    0.00    0.00    0.00    0.00     5  |__python
07:12:01        0         -   1098558    0.00    0.00    0.00    0.00    0.00    32  |__python
07:12:01        0         -   1098559    0.00    0.00    0.00    0.00    0.00    53  |__python
07:12:01        0         -   1098560    0.00    0.00    0.00    0.00    0.00     6  |__python
07:12:01        0         -   1098561    0.00    0.00    0.00    0.00    0.00    34  |__python
07:12:01        0         -   1098562    0.00    0.00    0.00    0.00    0.00    52  |__python
07:12:01        0         -   1098563    0.00    0.00    0.00    0.00    0.00    20  |__python
07:12:01        0         -   1098564    0.00    0.00    0.00    0.00    0.00    58  |__python
07:12:01        0         -   1098565    0.00    0.00    0.00    0.00    0.00    39  |__python
07:12:01        0         -   1098566    0.00    0.00    0.00    0.00    0.00    59  |__python
07:12:01        0         -   1098567    0.00    0.00    0.00    0.00    0.00    43  |__python
07:12:01        0         -   1098568    0.00    0.00    0.00    0.00    0.00    62  |__python
07:12:01        0         -   1098569    0.00    0.00    0.00    0.00    0.00    51  |__python
07:12:01        0         -   1098570    0.00    0.00    0.00    0.00    0.00    27  |__python
07:12:01        0         -   1098571    0.00    0.00    0.00    0.00    0.00    44  |__python
07:12:01        0         -   1098572    0.00    0.00    0.00    0.00    0.00    64  |__python
07:12:01        0         -   1098573    0.00    0.00    0.00    0.00    0.00    36  |__python
07:12:01        0         -   1098574    0.00    0.00    0.00    0.00    0.00    60  |__python
07:12:01        0         -   1098575    0.00    0.00    0.00    0.00    0.00    14  |__python
07:12:01        0         -   1098576    0.00    0.00    0.00    0.00    0.00    25  |__python
07:12:01        0         -   1098577    0.00    0.00    0.00    0.00    0.00    13  |__python
07:12:01        0         -   1098578    0.00    0.00    0.00    0.00    0.00    57  |__python
07:12:01        0         -   1098579    0.00    0.00    0.00    0.00    0.00    47  |__python
07:12:01        0         -   1098580    0.00    0.00    0.00    0.00    0.00    35  |__python
07:12:01        0         -   1098581    0.00    0.00    0.00    0.00    0.00    48  |__python
07:12:01        0         -   1098582    0.00    0.00    0.00    0.00    0.00    19  |__python
07:12:01        0         -   1098583    0.00    0.00    0.00    0.00    0.00    38  |__python
07:12:01        0         -   1098584    0.00    0.00    0.00    0.00    0.00    33  |__python
07:12:01        0         -   1098597    0.00    0.00    0.00    0.00    0.00    33  |__python
07:12:01        0         -   1098598    0.00    0.00    0.00    0.00    0.00     5  |__python
07:12:01        0         -   1098599    0.00    0.00    0.00    0.00    0.00    34  |__python
07:12:01        0         -   1098600    0.00    0.00    0.00    0.00    0.00     6  |__python
07:12:01        0         -   1098601    0.00    0.00    0.00    0.00    0.00    35  |__python
07:12:01        0         -   1098602    0.00    0.00    0.00    0.00    0.00     7  |__python
07:12:01        0         -   1098603    0.00    0.00    0.00    0.00    0.00    31  |__python
07:12:01        0         -   1098604    0.00    0.00    0.00    0.00    0.00     8  |__python
07:12:01        0         -   1098605    0.00    0.00    0.00    0.00    0.00    32  |__python
07:12:01        0         -   1098606    0.00    0.00    0.00    0.00    0.00     4  |__python
07:12:01        0         -   1098607    0.00    0.00    0.00    0.00    0.00    30  |__python
07:12:01        0         -   1098608    0.00    0.00    0.00    0.00    0.00     9  |__python
07:12:01        0         -   1098609    0.00    0.00    0.00    0.00    0.00    29  |__python
07:12:01        0         -   1098610    0.00    0.00    0.00    0.00    0.00    10  |__python
07:12:01        0         -   1098611    0.00    0.00    0.00    0.00    0.00    26  |__python
07:12:01        0         -   1098612    0.00    0.00    0.00    0.00    0.00    11  |__python
07:12:01        0         -   1098613    0.00    0.00    0.00    0.00    0.00    27  |__python
07:12:01        0         -   1098614    0.00    0.00    0.00    0.00    0.00    12  |__python
07:12:01        0         -   1098615    0.00    0.00    0.00    0.00    0.00    28  |__python
07:12:01        0         -   1098616    0.00    0.00    0.00    0.00    0.00    49  |__python
07:12:01        0         -   1098617    0.00    0.00    0.00    0.00    0.00    25  |__python
07:12:01        0         -   1098618    0.00    0.00    0.00    0.00    0.00    14  |__python
07:12:01        0         -   1098619    0.00    0.00    0.00    0.00    0.00    22  |__python
07:12:01        0         -   1098620    0.00    0.00    0.00    0.00    0.00    15  |__python
07:12:01        0         -   1098621    0.00    0.00    0.00    0.00    0.00    24  |__python
07:12:01        0         -   1098622    0.00    0.00    0.00    0.00    0.00    52  |__python
07:12:01        0         -   1098623    0.00    0.00    0.00    0.00    0.00    23  |__python
07:12:01        0         -   1098624    0.00    0.00    0.00    0.00    0.00    17  |__python
07:12:01        0         -   1098625    0.00    0.00    0.00    0.00    0.00    21  |__python
07:12:01        0         -   1098626    0.00    0.00    0.00    0.00    0.00     0  |__python
07:12:01        0         -   1098627    0.00    0.00    0.00    0.00    0.00    18  |__python
07:12:01        0         -   1098628    0.00    0.00    0.00    0.00    0.00    37  |__python
07:12:01        0         -   1098629    0.00    0.00    0.00    0.00    0.00    19  |__python
07:12:01        0         -   1098630    0.00    0.00    0.00    0.00    0.00     2  |__python
07:12:01        0         -   1098631    0.00    0.00    0.00    0.00    0.00    20  |__python
07:12:01        0         -   1098632    0.40    0.40    0.00    0.00    0.80    30  |__warchest-dispat
07:12:01        0         -   1098633   54.49   13.37    0.00    0.00   67.86    68  |__warchest-wave-0
07:12:01        0         -   1098634    0.00    0.00    0.00    0.00    0.00    48  |__cuda00001400006
07:12:01        0         -   1098635   65.47   14.77    0.00    0.00   80.24    66  |__warchest-wave-0
07:12:01        0         -   1098636   56.89   12.77    0.00    0.00   69.66    67  |__warchest-wave-0
07:12:01        0         -   1098637   49.30    6.59    0.00    0.00   55.89    25  |__warchest-wave-0
07:12:01        0         -   1098638   61.68    8.98    0.00    0.00   70.66    29  |__warchest-wave-0
07:12:01        0         -   1098639    0.00    0.00    0.00    0.00    0.00    28  |__warchest-wave-0
07:12:01        0         -   1098640    0.00    0.20    0.00    0.00    0.20    16  |__cuda-EvtHandlr
07:12:01        0         -   1098713    0.00    0.20    0.00    0.00    0.20     5  |__warchest-routes
07:12:01        0         -   1098714    0.20    0.40    0.00    0.00    0.60    20  |__warchest-dispat
07:12:01        0         -   1098715   59.08   10.38    0.00    0.00   69.46    56  |__warchest-wave-1
07:12:01        0         -   1098716   50.10    9.18    0.00    0.00   59.28    42  |__warchest-wave-1
07:12:01        0         -   1098717   55.89   10.58    0.00    0.00   66.47    24  |__warchest-wave-1
07:12:01        0         -   1098718   53.69    8.98    0.00    0.00   62.67    26  |__warchest-wave-1
07:12:01        0         -   1098719   60.48   13.17    0.00    0.00   73.65    58  |__warchest-wave-1
07:12:01        0         -   1098720    0.00    0.00    0.00    0.00    0.00    20  |__warchest-wave-1
07:12:01        0         -   1098721    0.20    0.00    0.00    0.00    0.20    50  |__cuda-EvtHandlr
07:12:01        0         -   1098770    0.00    0.00    0.00    0.00    0.00     1  |__warchest-routes
07:12:01        0         -   1098771    3.19    0.40    0.00    0.00    3.59    28  |__warchest-gpu-st
07:12:01        0         -   1098772   57.09    0.20    0.00    0.00   57.29    34  |__warchest-gpu-st
07:12:01        0         -   1098773   64.07    3.99    0.00    0.00   68.06    23  |__warchest-gpu-st
07:12:01        0         -   1098774   53.49    1.60    0.00    0.00   55.09    15  |__warchest-gpu-st
07:12:01        0         -   1098775   61.88    1.60    0.00    0.00   63.47    62  |__warchest-gpu-st
07:12:01        0         -   1098776   58.08    1.40    0.00    0.00   59.48     9  |__warchest-gpu-st
07:12:01        0         -   1098777   47.90    1.40    0.00    0.00   49.30    41  |__warchest-gpu-st
07:12:01        0         -   1098778   60.68    4.39    0.00    0.00   65.07    46  |__warchest-gpu-st
07:12:01        0         -   1098779   50.70    2.40    0.00    0.00   53.09    38  |__warchest-gpu-st
07:12:01        0         -   1098780   54.69    1.00    0.00    0.00   55.69    31  |__warchest-gpu-st
07:12:01        0         -   1098781   63.47    7.58    0.00    0.00   71.06    64  |__warchest-gpu-st
07:12:01        0         -   1098782   57.09    0.80    0.00    0.00   57.88    27  |__warchest-gpu-st
07:12:01        0         -   1098783   67.07    4.19    0.00    0.00   71.26    71  |__warchest-gpu-st
07:12:01        0         -   1098784   59.48    3.79    0.00    0.00   63.27    14  |__warchest-gpu-st
07:12:01        0         -   1098785   58.88    4.19    0.00    0.00   63.07    40  |__warchest-gpu-st
07:12:01        0         -   1098786   81.84    7.39    0.00    0.00   89.22    39  |__warchest-gpu-st
07:12:01        0         -   1098787   66.27    4.59    0.00    0.00   70.86    63  |__warchest-gpu-st
07:12:01        0         -   1098788   68.26    5.19    0.00    0.00   73.45    49  |__warchest-gpu-st
07:12:01        0         -   1098789   55.49    1.40    0.00    0.00   56.89    65  |__warchest-gpu-st
07:12:01        0         -   1098790   64.87    3.19    0.00    0.00   68.06    32  |__warchest-gpu-st
07:12:01        0         -   1098791   57.88    0.80    0.00    0.00   58.68    19  |__warchest-gpu-st
07:12:01        0         -   1098792   77.64    6.39    0.00    0.00   84.03    11  |__warchest-gpu-st
07:12:01        0         -   1098793   57.88    4.59    0.00    0.00   62.48    18  |__warchest-gpu-st
07:12:01        0         -   1098794   82.44    4.99    0.00    0.00   87.43    22  |__warchest-gpu-st
07:12:01        0         -   1098795   62.67    3.59    0.00    0.00   66.27    44  |__warchest-gpu-st
07:12:01        0         -   1098796   70.46    5.19    0.00    0.00   75.65    48  |__warchest-gpu-st
07:12:01        0         -   1098797   62.28    3.99    0.00    0.00   66.27    13  |__warchest-gpu-st
07:12:01        0         -   1098798   70.86    5.59    0.00    0.00   76.45    52  |__warchest-gpu-st
07:12:01        0         -   1098799   56.89    2.00    0.00    0.00   58.88    11  |__warchest-gpu-st
07:12:01        0         -   1098800   71.86    5.39    0.00    0.00   77.25    37  |__warchest-gpu-st
07:12:01        0         -   1098801   60.68    1.80    0.00    0.00   62.48    17  |__warchest-gpu-st
07:12:01        0         -   1098802   72.65    5.19    0.00    0.00   77.84     7  |__warchest-gpu-st
07:12:01        0         -   1098803   72.85    4.39    0.00    0.00   77.25    36  |__warchest-gpu-st
07:12:01        0         -   1098804   61.28    2.79    0.00    0.00   64.07    61  |__warchest-gpu-st
07:12:01        0         -   1098805   66.27    4.39    0.00    0.00   70.66    57  |__warchest-gpu-st
07:12:01        0         -   1098806   73.45    4.39    0.00    0.00   77.84    55  |__warchest-gpu-st
07:12:01        0         -   1098807   67.27    4.19    0.00    0.00   71.46    69  |__warchest-gpu-st
07:12:06        0   1098518         - 2153.80  239.60    0.00    0.00 2393.40    26  python
07:12:06        0         -   1098518    0.00    0.40    0.00    0.00    0.40    26  |__python
07:12:06        0         -   1098522    0.00    0.00    0.00    0.00    0.00     0  |__python
07:12:06        0         -   1098523    0.00    0.00    0.00    0.00    0.00     2  |__python
07:12:06        0         -   1098524    0.00    0.00    0.00    0.00    0.00    68  |__python
07:12:06        0         -   1098525    0.00    0.00    0.00    0.00    0.00    15  |__python
07:12:06        0         -   1098526    0.00    0.00    0.00    0.00    0.00    69  |__python
07:12:06        0         -   1098527    0.00    0.00    0.00    0.00    0.00     1  |__python
07:12:06        0         -   1098528    0.00    0.00    0.00    0.00    0.00    70  |__python
07:12:06        0         -   1098529    0.00    0.00    0.00    0.00    0.00     8  |__python
07:12:06        0         -   1098530    0.00    0.00    0.00    0.00    0.00    71  |__python
07:12:06        0         -   1098531    0.00    0.00    0.00    0.00    0.00    41  |__python
07:12:06        0         -   1098532    0.00    0.00    0.00    0.00    0.00    42  |__python
07:12:06        0         -   1098533    0.00    0.00    0.00    0.00    0.00    54  |__python
07:12:06        0         -   1098534    0.00    0.00    0.00    0.00    0.00    55  |__python
07:12:06        0         -   1098535    0.00    0.00    0.00    0.00    0.00     3  |__python
07:12:06        0         -   1098536    0.00    0.00    0.00    0.00    0.00    56  |__python
07:12:06        0         -   1098537    0.00    0.00    0.00    0.00    0.00     4  |__python
07:12:06        0         -   1098538    0.00    0.00    0.00    0.00    0.00    21  |__python
07:12:06        0         -   1098539    0.00    0.00    0.00    0.00    0.00     7  |__python
07:12:06        0         -   1098540    0.00    0.00    0.00    0.00    0.00    22  |__python
07:12:06        0         -   1098541    0.00    0.00    0.00    0.00    0.00     9  |__python
07:12:06        0         -   1098542    0.00    0.00    0.00    0.00    0.00    23  |__python
07:12:06        0         -   1098543    0.00    0.00    0.00    0.00    0.00    10  |__python
07:12:06        0         -   1098544    0.00    0.00    0.00    0.00    0.00    24  |__python
07:12:06        0         -   1098545    0.00    0.00    0.00    0.00    0.00    11  |__python
07:12:06        0         -   1098546    0.00    0.00    0.00    0.00    0.00    61  |__python
07:12:06        0         -   1098547    0.00    0.00    0.00    0.00    0.00    12  |__python
07:12:06        0         -   1098548    0.00    0.00    0.00    0.00    0.00    26  |__python
07:12:06        0         -   1098549    0.00    0.00    0.00    0.00    0.00    49  |__python
07:12:06        0         -   1098550    0.00    0.00    0.00    0.00    0.00    63  |__python
07:12:06        0         -   1098551    0.00    0.00    0.00    0.00    0.00    50  |__python
07:12:06        0         -   1098552    0.00    0.00    0.00    0.00    0.00    28  |__python
07:12:06        0         -   1098553    0.00    0.00    0.00    0.00    0.00    16  |__python
07:12:06        0         -   1098554    0.00    0.00    0.00    0.00    0.00    65  |__python
07:12:06        0         -   1098555    0.00    0.00    0.00    0.00    0.00    17  |__python
07:12:06        0         -   1098556    0.00    0.00    0.00    0.00    0.00    66  |__python
07:12:06        0         -   1098557    0.00    0.00    0.00    0.00    0.00     5  |__python
07:12:06        0         -   1098558    0.00    0.00    0.00    0.00    0.00    32  |__python
07:12:06        0         -   1098559    0.00    0.00    0.00    0.00    0.00    53  |__python
07:12:06        0         -   1098560    0.00    0.00    0.00    0.00    0.00     6  |__python
07:12:06        0         -   1098561    0.00    0.00    0.00    0.00    0.00    34  |__python
07:12:06        0         -   1098562    0.00    0.00    0.00    0.00    0.00    52  |__python
07:12:06        0         -   1098563    0.00    0.00    0.00    0.00    0.00    20  |__python
07:12:06        0         -   1098564    0.00    0.00    0.00    0.00    0.00    58  |__python
07:12:06        0         -   1098565    0.00    0.00    0.00    0.00    0.00    39  |__python
07:12:06        0         -   1098566    0.00    0.00    0.00    0.00    0.00    59  |__python
07:12:06        0         -   1098567    0.00    0.00    0.00    0.00    0.00    43  |__python
07:12:06        0         -   1098568    0.00    0.00    0.00    0.00    0.00    62  |__python
07:12:06        0         -   1098569    0.00    0.00    0.00    0.00    0.00    51  |__python
07:12:06        0         -   1098570    0.00    0.00    0.00    0.00    0.00    27  |__python
07:12:06        0         -   1098571    0.00    0.00    0.00    0.00    0.00    44  |__python
07:12:06        0         -   1098572    0.00    0.00    0.00    0.00    0.00    64  |__python
07:12:06        0         -   1098573    0.00    0.00    0.00    0.00    0.00    36  |__python
07:12:06        0         -   1098574    0.00    0.00    0.00    0.00    0.00    60  |__python
07:12:06        0         -   1098575    0.00    0.00    0.00    0.00    0.00    14  |__python
07:12:06        0         -   1098576    0.00    0.00    0.00    0.00    0.00    25  |__python
07:12:06        0         -   1098577    0.00    0.00    0.00    0.00    0.00    13  |__python
07:12:06        0         -   1098578    0.00    0.00    0.00    0.00    0.00    57  |__python
07:12:06        0         -   1098579    0.00    0.00    0.00    0.00    0.00    47  |__python
07:12:06        0         -   1098580    0.00    0.00    0.00    0.00    0.00    35  |__python
07:12:06        0         -   1098581    0.00    0.00    0.00    0.00    0.00    48  |__python
07:12:06        0         -   1098582    0.00    0.00    0.00    0.00    0.00    19  |__python
07:12:06        0         -   1098583    0.00    0.00    0.00    0.00    0.00    38  |__python
07:12:06        0         -   1098584    0.00    0.00    0.00    0.00    0.00    33  |__python
07:12:06        0         -   1098597    0.00    0.00    0.00    0.00    0.00    33  |__python
07:12:06        0         -   1098598    0.00    0.00    0.00    0.00    0.00     5  |__python
07:12:06        0         -   1098599    0.00    0.00    0.00    0.00    0.00    34  |__python
07:12:06        0         -   1098600    0.00    0.00    0.00    0.00    0.00     6  |__python
07:12:06        0         -   1098601    0.00    0.00    0.00    0.00    0.00    35  |__python
07:12:06        0         -   1098602    0.00    0.00    0.00    0.00    0.00     7  |__python
07:12:06        0         -   1098603    0.00    0.00    0.00    0.00    0.00    31  |__python
07:12:06        0         -   1098604    0.00    0.00    0.00    0.00    0.00     8  |__python
07:12:06        0         -   1098605    0.00    0.00    0.00    0.00    0.00    32  |__python
07:12:06        0         -   1098606    0.00    0.00    0.00    0.00    0.00     4  |__python
07:12:06        0         -   1098607    0.00    0.00    0.00    0.00    0.00    30  |__python
07:12:06        0         -   1098608    0.00    0.00    0.00    0.00    0.00     9  |__python
07:12:06        0         -   1098609    0.00    0.00    0.00    0.00    0.00    29  |__python
07:12:06        0         -   1098610    0.00    0.00    0.00    0.00    0.00    10  |__python
07:12:06        0         -   1098611    0.00    0.00    0.00    0.00    0.00    26  |__python
07:12:06        0         -   1098612    0.00    0.00    0.00    0.00    0.00    11  |__python
07:12:06        0         -   1098613    0.00    0.00    0.00    0.00    0.00    27  |__python
07:12:06        0         -   1098614    0.00    0.00    0.00    0.00    0.00    12  |__python
07:12:06        0         -   1098615    0.00    0.00    0.00    0.00    0.00    28  |__python
07:12:06        0         -   1098616    0.00    0.00    0.00    0.00    0.00    49  |__python
07:12:06        0         -   1098617    0.00    0.00    0.00    0.00    0.00    25  |__python
07:12:06        0         -   1098618    0.00    0.00    0.00    0.00    0.00    14  |__python
07:12:06        0         -   1098619    0.00    0.00    0.00    0.00    0.00    22  |__python
07:12:06        0         -   1098620    0.00    0.00    0.00    0.00    0.00    15  |__python
07:12:06        0         -   1098621    0.00    0.00    0.00    0.00    0.00    24  |__python
07:12:06        0         -   1098622    0.00    0.00    0.00    0.00    0.00    52  |__python
07:12:06        0         -   1098623    0.00    0.00    0.00    0.00    0.00    23  |__python
07:12:06        0         -   1098624    0.00    0.00    0.00    0.00    0.00    17  |__python
07:12:06        0         -   1098625    0.00    0.00    0.00    0.00    0.00    21  |__python
07:12:06        0         -   1098626    0.00    0.00    0.00    0.00    0.00     0  |__python
07:12:06        0         -   1098627    0.00    0.00    0.00    0.00    0.00    18  |__python
07:12:06        0         -   1098628    0.00    0.00    0.00    0.00    0.00    37  |__python
07:12:06        0         -   1098629    0.00    0.00    0.00    0.00    0.00    19  |__python
07:12:06        0         -   1098630    0.00    0.00    0.00    0.00    0.00     2  |__python
07:12:06        0         -   1098631    0.00    0.00    0.00    0.00    0.00    20  |__python
07:12:06        0         -   1098632    0.20    0.20    0.00    0.00    0.40    35  |__warchest-dispat
07:12:06        0         -   1098633   48.00   18.40    0.00    0.00   66.40    29  |__warchest-wave-0
07:12:06        0         -   1098634    0.00    0.00    0.00    0.00    0.00    48  |__cuda00001400006
07:12:06        0         -   1098635   60.80   15.00    0.00    0.00   75.80    34  |__warchest-wave-0
07:12:06        0         -   1098636   46.60    8.60    0.00    0.00   55.20    67  |__warchest-wave-0
07:12:06        0         -   1098637   52.60   11.80    0.00    0.00   64.40    25  |__warchest-wave-0
07:12:06        0         -   1098638   59.40   13.40    0.00    0.00   72.80    56  |__warchest-wave-0
07:12:06        0         -   1098639    0.00    0.00    0.00    0.00    0.00    28  |__warchest-wave-0
07:12:06        0         -   1098640    0.20    0.00    0.00    0.00    0.20    45  |__cuda-EvtHandlr
07:12:06        0         -   1098713    0.00    0.00    0.00    0.00    0.00     5  |__warchest-routes
07:12:06        0         -   1098714    0.20    0.20    0.00    0.00    0.40    20  |__warchest-dispat
07:12:06        0         -   1098715   47.80   18.00    0.00    0.00   65.80    20  |__warchest-wave-1
07:12:06        0         -   1098716   35.00    6.00    0.00    0.00   41.00    44  |__warchest-wave-1
07:12:06        0         -   1098717   59.60   14.60    0.00    0.00   74.20    64  |__warchest-wave-1
07:12:06        0         -   1098718   54.80   15.80    0.00    0.00   70.60    55  |__warchest-wave-1
07:12:06        0         -   1098719   58.40   17.40    0.00    0.00   75.80    58  |__warchest-wave-1
07:12:06        0         -   1098720    0.00    0.00    0.00    0.00    0.00    26  |__warchest-wave-1
07:12:06        0         -   1098721    0.00    0.20    0.00    0.00    0.20    50  |__cuda-EvtHandlr
07:12:06        0         -   1098770    0.00    0.60    0.00    0.00    0.60     2  |__warchest-routes
07:12:06        0         -   1098771    2.60    1.40    0.00    0.00    4.00    68  |__warchest-gpu-st
07:12:06        0         -   1098772   64.40    9.80    0.00    0.00   74.20    62  |__warchest-gpu-st
07:12:06        0         -   1098773   64.40    4.60    0.00    0.00   69.00     1  |__warchest-gpu-st
07:12:06        0         -   1098774   37.80    2.80    0.00    0.00   40.60    15  |__warchest-gpu-st
07:12:06        0         -   1098775   48.20    3.00    0.00    0.00   51.20    54  |__warchest-gpu-st
07:12:06        0         -   1098776   31.00    1.20    0.00    0.00   32.20     9  |__warchest-gpu-st
07:12:06        0         -   1098777   23.00    0.00    0.00    0.00   23.00    41  |__warchest-gpu-st
07:12:06        0         -   1098778   62.20    6.20    0.00    0.00   68.40    46  |__warchest-gpu-st
07:12:06        0         -   1098779   31.00    1.60    0.00    0.00   32.60    30  |__warchest-gpu-st
07:12:06        0         -   1098780   20.60    0.00    0.00    0.00   20.60    31  |__warchest-gpu-st
07:12:06        0         -   1098781   64.00    2.20    0.00    0.00   66.20    24  |__warchest-gpu-st
07:12:06        0         -   1098782   41.00    3.20    0.00    0.00   44.20    18  |__warchest-gpu-st
07:12:06        0         -   1098783   51.00    1.00    0.00    0.00   52.00    71  |__warchest-gpu-st
07:12:06        0         -   1098784   34.60    1.00    0.00    0.00   35.60     7  |__warchest-gpu-st
07:12:06        0         -   1098785   33.20    0.40    0.00    0.00   33.60    40  |__warchest-gpu-st
07:12:06        0         -   1098786   52.20    2.80    0.00    0.00   55.00     3  |__warchest-gpu-st
07:12:06        0         -   1098787   53.60    1.60    0.00    0.00   55.20    63  |__warchest-gpu-st
07:12:06        0         -   1098788   38.60    1.40    0.00    0.00   40.00    48  |__warchest-gpu-st
07:12:06        0         -   1098789   35.60    2.80    0.00    0.00   38.40    65  |__warchest-gpu-st
07:12:06        0         -   1098790   33.00    0.20    0.00    0.00   33.20    59  |__warchest-gpu-st
07:12:06        0         -   1098791   71.40    8.60    0.00    0.00   80.00    19  |__warchest-gpu-st
07:12:06        0         -   1098792   43.40    1.40    0.00    0.00   44.80    47  |__warchest-gpu-st
07:12:06        0         -   1098793   85.40    6.60    0.00    0.00   92.00    13  |__warchest-gpu-st
07:12:06        0         -   1098794   50.80    4.20    0.00    0.00   55.00     6  |__warchest-gpu-st
07:12:06        0         -   1098795   30.60    0.80    0.00    0.00   31.40     4  |__warchest-gpu-st
07:12:06        0         -   1098796   50.20    1.60    0.00    0.00   51.80    45  |__warchest-gpu-st
07:12:06        0         -   1098797   28.00    0.00    0.00    0.00   28.00    14  |__warchest-gpu-st
07:12:06        0         -   1098798   46.20    3.80    0.00    0.00   50.00    52  |__warchest-gpu-st
07:12:06        0         -   1098799   40.80    2.40    0.00    0.00   43.20     5  |__warchest-gpu-st
07:12:06        0         -   1098800   54.20    3.60    0.00    0.00   57.80    38  |__warchest-gpu-st
07:12:06        0         -   1098801   28.40    0.60    0.00    0.00   29.00    17  |__warchest-gpu-st
07:12:06        0         -   1098802   64.00    8.20    0.00    0.00   72.20     8  |__warchest-gpu-st
07:12:06        0         -   1098803   33.80    0.20    0.00    0.00   34.00    36  |__warchest-gpu-st
07:12:06        0         -   1098804   32.60    0.20    0.00    0.00   32.80    32  |__warchest-gpu-st
07:12:06        0         -   1098805   54.80    5.00    0.00    0.00   59.80    57  |__warchest-gpu-st
07:12:06        0         -   1098806   45.80    2.40    0.00    0.00   48.20    54  |__warchest-gpu-st
07:12:06        0         -   1098807   44.60    1.20    0.00    0.00   45.80    69  |__warchest-gpu-st
07:12:11        0   1098518         - 1903.40  176.80    0.00    0.00 2080.20    26  python
07:12:11        0         -   1098518    0.00    0.00    0.00    0.00    0.00    26  |__python
07:12:11        0         -   1098522    0.00    0.00    0.00    0.00    0.00     0  |__python
07:12:11        0         -   1098523    0.00    0.00    0.00    0.00    0.00     2  |__python
07:12:11        0         -   1098524    0.00    0.00    0.00    0.00    0.00    68  |__python
07:12:11        0         -   1098525    0.00    0.00    0.00    0.00    0.00    15  |__python
07:12:11        0         -   1098526    0.00    0.00    0.00    0.00    0.00    69  |__python
07:12:11        0         -   1098527    0.00    0.00    0.00    0.00    0.00     1  |__python
07:12:11        0         -   1098528    0.00    0.00    0.00    0.00    0.00    70  |__python
07:12:11        0         -   1098529    0.00    0.00    0.00    0.00    0.00     8  |__python
07:12:11        0         -   1098530    0.00    0.00    0.00    0.00    0.00    71  |__python
07:12:11        0         -   1098531    0.00    0.00    0.00    0.00    0.00    41  |__python
07:12:11        0         -   1098532    0.00    0.00    0.00    0.00    0.00    42  |__python
07:12:11        0         -   1098533    0.00    0.00    0.00    0.00    0.00    54  |__python
07:12:11        0         -   1098534    0.00    0.00    0.00    0.00    0.00    55  |__python
07:12:11        0         -   1098535    0.00    0.00    0.00    0.00    0.00     3  |__python
07:12:11        0         -   1098536    0.00    0.00    0.00    0.00    0.00    56  |__python
07:12:11        0         -   1098537    0.00    0.00    0.00    0.00    0.00     4  |__python
07:12:11        0         -   1098538    0.00    0.00    0.00    0.00    0.00    21  |__python
07:12:11        0         -   1098539    0.00    0.00    0.00    0.00    0.00     7  |__python
07:12:11        0         -   1098540    0.00    0.00    0.00    0.00    0.00    22  |__python
07:12:11        0         -   1098541    0.00    0.00    0.00    0.00    0.00     9  |__python
07:12:11        0         -   1098542    0.00    0.00    0.00    0.00    0.00    23  |__python
07:12:11        0         -   1098543    0.00    0.00    0.00    0.00    0.00    10  |__python
07:12:11        0         -   1098544    0.00    0.00    0.00    0.00    0.00    24  |__python
07:12:11        0         -   1098545    0.00    0.00    0.00    0.00    0.00    11  |__python
07:12:11        0         -   1098546    0.00    0.00    0.00    0.00    0.00    61  |__python
07:12:11        0         -   1098547    0.00    0.00    0.00    0.00    0.00    12  |__python
07:12:11        0         -   1098548    0.00    0.00    0.00    0.00    0.00    26  |__python
07:12:11        0         -   1098549    0.00    0.00    0.00    0.00    0.00    49  |__python
07:12:11        0         -   1098550    0.00    0.00    0.00    0.00    0.00    63  |__python
07:12:11        0         -   1098551    0.00    0.00    0.00    0.00    0.00    50  |__python
07:12:11        0         -   1098552    0.00    0.00    0.00    0.00    0.00    28  |__python
07:12:11        0         -   1098553    0.00    0.00    0.00    0.00    0.00    16  |__python
07:12:11        0         -   1098554    0.00    0.00    0.00    0.00    0.00    65  |__python
07:12:11        0         -   1098555    0.00    0.00    0.00    0.00    0.00    17  |__python
07:12:11        0         -   1098556    0.00    0.00    0.00    0.00    0.00    66  |__python
07:12:11        0         -   1098557    0.00    0.00    0.00    0.00    0.00     5  |__python
07:12:11        0         -   1098558    0.00    0.00    0.00    0.00    0.00    32  |__python
07:12:11        0         -   1098559    0.00    0.00    0.00    0.00    0.00    53  |__python
07:12:11        0         -   1098560    0.00    0.00    0.00    0.00    0.00     6  |__python
07:12:11        0         -   1098561    0.00    0.00    0.00    0.00    0.00    34  |__python
07:12:11        0         -   1098562    0.00    0.00    0.00    0.00    0.00    52  |__python
07:12:11        0         -   1098563    0.00    0.00    0.00    0.00    0.00    20  |__python
07:12:11        0         -   1098564    0.00    0.00    0.00    0.00    0.00    58  |__python
07:12:11        0         -   1098565    0.00    0.00    0.00    0.00    0.00    39  |__python
07:12:11        0         -   1098566    0.00    0.00    0.00    0.00    0.00    59  |__python
07:12:11        0         -   1098567    0.00    0.00    0.00    0.00    0.00    43  |__python
07:12:11        0         -   1098568    0.00    0.00    0.00    0.00    0.00    62  |__python
07:12:11        0         -   1098569    0.00    0.00    0.00    0.00    0.00    51  |__python
07:12:11        0         -   1098570    0.00    0.00    0.00    0.00    0.00    27  |__python
07:12:11        0         -   1098571    0.00    0.00    0.00    0.00    0.00    44  |__python
07:12:11        0         -   1098572    0.00    0.00    0.00    0.00    0.00    64  |__python
07:12:11        0         -   1098573    0.00    0.00    0.00    0.00    0.00    36  |__python
07:12:11        0         -   1098574    0.00    0.00    0.00    0.00    0.00    60  |__python
07:12:11        0         -   1098575    0.00    0.00    0.00    0.00    0.00    14  |__python
07:12:11        0         -   1098576    0.00    0.00    0.00    0.00    0.00    25  |__python
07:12:11        0         -   1098577    0.00    0.00    0.00    0.00    0.00    13  |__python
07:12:11        0         -   1098578    0.00    0.00    0.00    0.00    0.00    57  |__python
07:12:11        0         -   1098579    0.00    0.00    0.00    0.00    0.00    47  |__python
07:12:11        0         -   1098580    0.00    0.00    0.00    0.00    0.00    35  |__python
07:12:11        0         -   1098581    0.00    0.00    0.00    0.00    0.00    48  |__python
07:12:11        0         -   1098582    0.00    0.00    0.00    0.00    0.00    19  |__python
07:12:11        0         -   1098583    0.00    0.00    0.00    0.00    0.00    38  |__python
07:12:11        0         -   1098584    0.00    0.00    0.00    0.00    0.00    33  |__python
07:12:11        0         -   1098597    0.00    0.00    0.00    0.00    0.00    33  |__python
07:12:11        0         -   1098598    0.00    0.00    0.00    0.00    0.00     5  |__python
07:12:11        0         -   1098599    0.00    0.00    0.00    0.00    0.00    34  |__python
07:12:11        0         -   1098600    0.00    0.00    0.00    0.00    0.00     6  |__python
07:12:11        0         -   1098601    0.00    0.00    0.00    0.00    0.00    35  |__python
07:12:11        0         -   1098602    0.00    0.00    0.00    0.00    0.00     7  |__python
07:12:11        0         -   1098603    0.00    0.00    0.00    0.00    0.00    31  |__python
07:12:11        0         -   1098604    0.00    0.00    0.00    0.00    0.00     8  |__python
07:12:11        0         -   1098605    0.00    0.00    0.00    0.00    0.00    32  |__python
07:12:11        0         -   1098606    0.00    0.00    0.00    0.00    0.00     4  |__python
07:12:11        0         -   1098607    0.00    0.00    0.00    0.00    0.00    30  |__python
07:12:11        0         -   1098608    0.00    0.00    0.00    0.00    0.00     9  |__python
07:12:11        0         -   1098609    0.00    0.00    0.00    0.00    0.00    29  |__python
07:12:11        0         -   1098610    0.00    0.00    0.00    0.00    0.00    10  |__python
07:12:11        0         -   1098611    0.00    0.00    0.00    0.00    0.00    26  |__python
07:12:11        0         -   1098612    0.00    0.00    0.00    0.00    0.00    11  |__python
07:12:11        0         -   1098613    0.00    0.00    0.00    0.00    0.00    27  |__python
07:12:11        0         -   1098614    0.00    0.00    0.00    0.00    0.00    12  |__python
07:12:11        0         -   1098615    0.00    0.00    0.00    0.00    0.00    28  |__python
07:12:11        0         -   1098616    0.00    0.00    0.00    0.00    0.00    49  |__python
07:12:11        0         -   1098617    0.00    0.00    0.00    0.00    0.00    25  |__python
07:12:11        0         -   1098618    0.00    0.00    0.00    0.00    0.00    14  |__python
07:12:11        0         -   1098619    0.00    0.00    0.00    0.00    0.00    22  |__python
07:12:11        0         -   1098620    0.00    0.00    0.00    0.00    0.00    15  |__python
07:12:11        0         -   1098621    0.00    0.00    0.00    0.00    0.00    24  |__python
07:12:11        0         -   1098622    0.00    0.00    0.00    0.00    0.00    52  |__python
07:12:11        0         -   1098623    0.00    0.00    0.00    0.00    0.00    23  |__python
07:12:11        0         -   1098624    0.00    0.00    0.00    0.00    0.00    17  |__python
07:12:11        0         -   1098625    0.00    0.00    0.00    0.00    0.00    21  |__python
07:12:11        0         -   1098626    0.00    0.00    0.00    0.00    0.00     0  |__python
07:12:11        0         -   1098627    0.00    0.00    0.00    0.00    0.00    18  |__python
07:12:11        0         -   1098628    0.00    0.00    0.00    0.00    0.00    37  |__python
07:12:11        0         -   1098629    0.00    0.00    0.00    0.00    0.00    19  |__python
07:12:11        0         -   1098630    0.00    0.00    0.00    0.00    0.00     2  |__python
07:12:11        0         -   1098631    0.00    0.00    0.00    0.00    0.00    20  |__python
07:12:11        0         -   1098632    0.20    0.20    0.00    0.00    0.40     8  |__warchest-dispat
07:12:11        0         -   1098633   54.00   12.00    0.00    0.00   66.00    25  |__warchest-wave-0
07:12:11        0         -   1098634    0.00    0.00    0.00    0.00    0.00    48  |__cuda00001400006
07:12:11        0         -   1098635   55.00   19.40    0.00    0.00   74.40    21  |__warchest-wave-0
07:12:11        0         -   1098636   49.40    4.40    0.00    0.00   53.80    67  |__warchest-wave-0
07:12:11        0         -   1098637   52.20   14.00    0.00    0.00   66.20     3  |__warchest-wave-0
07:12:11        0         -   1098638   54.00    7.40    0.00    0.00   61.40    59  |__warchest-wave-0
07:12:11        0         -   1098639    0.00    0.00    0.00    0.00    0.00    23  |__warchest-wave-0
07:12:11        0         -   1098640    0.00    0.00    0.00    0.00    0.00    17  |__cuda-EvtHandlr
07:12:11        0         -   1098713    0.00    0.00    0.00    0.00    0.00     5  |__warchest-routes
07:12:11        0         -   1098714    0.40    0.20    0.00    0.00    0.60    50  |__warchest-dispat
07:12:11        0         -   1098715   43.60   10.20    0.00    0.00   53.80    71  |__warchest-wave-1
07:12:11        0         -   1098716   55.40    3.60    0.00    0.00   59.00    44  |__warchest-wave-1
07:12:11        0         -   1098717   55.80   16.60    0.00    0.00   72.40    66  |__warchest-wave-1
07:12:11        0         -   1098718   54.20   13.00    0.00    0.00   67.20    49  |__warchest-wave-1
07:12:11        0         -   1098719   54.60   10.60    0.00    0.00   65.20    58  |__warchest-wave-1
07:12:11        0         -   1098720    0.00    0.00    0.00    0.00    0.00    20  |__warchest-wave-1
07:12:11        0         -   1098721    0.00    0.00    0.00    0.00    0.00    50  |__cuda-EvtHandlr
07:12:11        0         -   1098770    0.00    0.00    0.00    0.00    0.00     2  |__warchest-routes
07:12:11        0         -   1098771    4.00    1.60    0.00    0.00    5.60    18  |__warchest-gpu-st
07:12:11        0         -   1098772   33.20    1.60    0.00    0.00   34.80    66  |__warchest-gpu-st
07:12:11        0         -   1098773   37.80    1.40    0.00    0.00   39.20    14  |__warchest-gpu-st
07:12:11        0         -   1098774   27.20    1.00    0.00    0.00   28.20    15  |__warchest-gpu-st
07:12:11        0         -   1098775   23.80    0.00    0.00    0.00   23.80     4  |__warchest-gpu-st
07:12:11        0         -   1098776   33.80    1.80    0.00    0.00   35.60    39  |__warchest-gpu-st
07:12:11        0         -   1098777   26.20    1.20    0.00    0.00   27.40    41  |__warchest-gpu-st
07:12:11        0         -   1098778   47.20    3.60    0.00    0.00   50.80    53  |__warchest-gpu-st
07:12:11        0         -   1098779   25.80    0.40    0.00    0.00   26.20    63  |__warchest-gpu-st
07:12:11        0         -   1098780   27.80    1.80    0.00    0.00   29.60    60  |__warchest-gpu-st
07:12:11        0         -   1098781   58.20    4.40    0.00    0.00   62.60    34  |__warchest-gpu-st
07:12:11        0         -   1098782   32.20    1.20    0.00    0.00   33.40    64  |__warchest-gpu-st
07:12:11        0         -   1098783   46.40    3.60    0.00    0.00   50.00    32  |__warchest-gpu-st
07:12:11        0         -   1098784   33.00    1.40    0.00    0.00   34.40    45  |__warchest-gpu-st
07:12:11        0         -   1098785   28.00    0.00    0.00    0.00   28.00     4  |__warchest-gpu-st
07:12:11        0         -   1098786   47.00    1.60    0.00    0.00   48.60    51  |__warchest-gpu-st
07:12:11        0         -   1098787   42.80    1.40    0.00    0.00   44.20    24  |__warchest-gpu-st
07:12:11        0         -   1098788   37.00    1.00    0.00    0.00   38.00    48  |__warchest-gpu-st
07:12:11        0         -   1098789   34.80    0.60    0.00    0.00   35.40    68  |__warchest-gpu-st
07:12:11        0         -   1098790   33.20    1.00    0.00    0.00   34.20    54  |__warchest-gpu-st
07:12:11        0         -   1098791   28.60    0.00    0.00    0.00   28.60     7  |__warchest-gpu-st
07:12:11        0         -   1098792   43.40    2.40    0.00    0.00   45.80    47  |__warchest-gpu-st
07:12:11        0         -   1098793   61.40    4.20    0.00    0.00   65.60    40  |__warchest-gpu-st
07:12:11        0         -   1098794   67.20    3.80    0.00    0.00   71.00     9  |__warchest-gpu-st
07:12:11        0         -   1098795   31.80    0.40    0.00    0.00   32.20    18  |__warchest-gpu-st
07:12:11        0         -   1098796   44.60    3.80    0.00    0.00   48.40    46  |__warchest-gpu-st
07:12:11        0         -   1098797   28.20    1.40    0.00    0.00   29.60    17  |__warchest-gpu-st
07:12:11        0         -   1098798   41.20    1.40    0.00    0.00   42.60     2  |__warchest-gpu-st
07:12:11        0         -   1098799   34.60    0.80    0.00    0.00   35.40    10  |__warchest-gpu-st
07:12:11        0         -   1098800   39.40    2.60    0.00    0.00   42.00    38  |__warchest-gpu-st
07:12:11        0         -   1098801   25.80    0.40    0.00    0.00   26.20    37  |__warchest-gpu-st
07:12:11        0         -   1098802   40.80    1.20    0.00    0.00   42.00     6  |__warchest-gpu-st
07:12:11        0         -   1098803   43.40    1.00    0.00    0.00   44.40    36  |__warchest-gpu-st
07:12:11        0         -   1098804   23.40    0.00    0.00    0.00   23.40    61  |__warchest-gpu-st
07:12:11        0         -   1098805   44.80    1.80    0.00    0.00   46.60    35  |__warchest-gpu-st
07:12:11        0         -   1098806   52.00    3.20    0.00    0.00   55.20    56  |__warchest-gpu-st
07:12:11        0         -   1098807   45.00    6.00    0.00    0.00   51.00    69  |__warchest-gpu-st
Average:        0   1098518         - 2307.53  218.45    0.00    0.00 2525.98     -  python
Average:        0         -   1098518    0.00    0.13    0.00    0.00    0.13     -  |__python
Average:        0         -   1098522    0.00    0.00    0.00    0.00    0.00     -  |__python
Average:        0         -   1098523    0.00    0.00    0.00    0.00    0.00     -  |__python
Average:        0         -   1098524    0.00    0.00    0.00    0.00    0.00     -  |__python
Average:        0         -   1098525    0.00    0.00    0.00    0.00    0.00     -  |__python
Average:        0         -   1098526    0.00    0.00    0.00    0.00    0.00     -  |__python
Average:        0         -   1098527    0.00    0.00    0.00    0.00    0.00     -  |__python
Average:        0         -   1098528    0.00    0.00    0.00    0.00    0.00     -  |__python
Average:        0         -   1098529    0.00    0.00    0.00    0.00    0.00     -  |__python
Average:        0         -   1098530    0.00    0.00    0.00    0.00    0.00     -  |__python
Average:        0         -   1098531    0.00    0.00    0.00    0.00    0.00     -  |__python
Average:        0         -   1098532    0.00    0.00    0.00    0.00    0.00     -  |__python
Average:        0         -   1098533    0.00    0.00    0.00    0.00    0.00     -  |__python
Average:        0         -   1098534    0.00    0.00    0.00    0.00    0.00     -  |__python
Average:        0         -   1098535    0.00    0.00    0.00    0.00    0.00     -  |__python
Average:        0         -   1098536    0.00    0.00    0.00    0.00    0.00     -  |__python
Average:        0         -   1098537    0.00    0.00    0.00    0.00    0.00     -  |__python
Average:        0         -   1098538    0.00    0.00    0.00    0.00    0.00     -  |__python
Average:        0         -   1098539    0.00    0.00    0.00    0.00    0.00     -  |__python
Average:        0         -   1098540    0.00    0.00    0.00    0.00    0.00     -  |__python
Average:        0         -   1098541    0.00    0.00    0.00    0.00    0.00     -  |__python
Average:        0         -   1098542    0.00    0.00    0.00    0.00    0.00     -  |__python
Average:        0         -   1098543    0.00    0.00    0.00    0.00    0.00     -  |__python
Average:        0         -   1098544    0.00    0.00    0.00    0.00    0.00     -  |__python
Average:        0         -   1098545    0.00    0.00    0.00    0.00    0.00     -  |__python
Average:        0         -   1098546    0.00    0.00    0.00    0.00    0.00     -  |__python
Average:        0         -   1098547    0.00    0.00    0.00    0.00    0.00     -  |__python
Average:        0         -   1098548    0.00    0.00    0.00    0.00    0.00     -  |__python
Average:        0         -   1098549    0.00    0.00    0.00    0.00    0.00     -  |__python
Average:        0         -   1098550    0.00    0.00    0.00    0.00    0.00     -  |__python
Average:        0         -   1098551    0.00    0.00    0.00    0.00    0.00     -  |__python
Average:        0         -   1098552    0.00    0.00    0.00    0.00    0.00     -  |__python
Average:        0         -   1098553    0.00    0.00    0.00    0.00    0.00     -  |__python
Average:        0         -   1098554    0.00    0.00    0.00    0.00    0.00     -  |__python
Average:        0         -   1098555    0.00    0.00    0.00    0.00    0.00     -  |__python
Average:        0         -   1098556    0.00    0.00    0.00    0.00    0.00     -  |__python
Average:        0         -   1098557    0.00    0.00    0.00    0.00    0.00     -  |__python
Average:        0         -   1098558    0.00    0.00    0.00    0.00    0.00     -  |__python
Average:        0         -   1098559    0.00    0.00    0.00    0.00    0.00     -  |__python
Average:        0         -   1098560    0.00    0.00    0.00    0.00    0.00     -  |__python
Average:        0         -   1098561    0.00    0.00    0.00    0.00    0.00     -  |__python
Average:        0         -   1098562    0.00    0.00    0.00    0.00    0.00     -  |__python
Average:        0         -   1098563    0.00    0.00    0.00    0.00    0.00     -  |__python
Average:        0         -   1098564    0.00    0.00    0.00    0.00    0.00     -  |__python
Average:        0         -   1098565    0.00    0.00    0.00    0.00    0.00     -  |__python
Average:        0         -   1098566    0.00    0.00    0.00    0.00    0.00     -  |__python
Average:        0         -   1098567    0.00    0.00    0.00    0.00    0.00     -  |__python
Average:        0         -   1098568    0.00    0.00    0.00    0.00    0.00     -  |__python
Average:        0         -   1098569    0.00    0.00    0.00    0.00    0.00     -  |__python
Average:        0         -   1098570    0.00    0.00    0.00    0.00    0.00     -  |__python
Average:        0         -   1098571    0.00    0.00    0.00    0.00    0.00     -  |__python
Average:        0         -   1098572    0.00    0.00    0.00    0.00    0.00     -  |__python
Average:        0         -   1098573    0.00    0.00    0.00    0.00    0.00     -  |__python
Average:        0         -   1098574    0.00    0.00    0.00    0.00    0.00     -  |__python
Average:        0         -   1098575    0.00    0.00    0.00    0.00    0.00     -  |__python
Average:        0         -   1098576    0.00    0.00    0.00    0.00    0.00     -  |__python
Average:        0         -   1098577    0.00    0.00    0.00    0.00    0.00     -  |__python
Average:        0         -   1098578    0.00    0.00    0.00    0.00    0.00     -  |__python
Average:        0         -   1098579    0.00    0.00    0.00    0.00    0.00     -  |__python
Average:        0         -   1098580    0.00    0.00    0.00    0.00    0.00     -  |__python
Average:        0         -   1098581    0.00    0.00    0.00    0.00    0.00     -  |__python
Average:        0         -   1098582    0.00    0.00    0.00    0.00    0.00     -  |__python
Average:        0         -   1098583    0.00    0.00    0.00    0.00    0.00     -  |__python
Average:        0         -   1098584    0.00    0.00    0.00    0.00    0.00     -  |__python
Average:        0         -   1098597    0.00    0.00    0.00    0.00    0.00     -  |__python
Average:        0         -   1098598    0.00    0.00    0.00    0.00    0.00     -  |__python
Average:        0         -   1098599    0.00    0.00    0.00    0.00    0.00     -  |__python
Average:        0         -   1098600    0.00    0.00    0.00    0.00    0.00     -  |__python
Average:        0         -   1098601    0.00    0.00    0.00    0.00    0.00     -  |__python
Average:        0         -   1098602    0.00    0.00    0.00    0.00    0.00     -  |__python
Average:        0         -   1098603    0.00    0.00    0.00    0.00    0.00     -  |__python
Average:        0         -   1098604    0.00    0.00    0.00    0.00    0.00     -  |__python
Average:        0         -   1098605    0.00    0.00    0.00    0.00    0.00     -  |__python
Average:        0         -   1098606    0.00    0.00    0.00    0.00    0.00     -  |__python
Average:        0         -   1098607    0.00    0.00    0.00    0.00    0.00     -  |__python
Average:        0         -   1098608    0.00    0.00    0.00    0.00    0.00     -  |__python
Average:        0         -   1098609    0.00    0.00    0.00    0.00    0.00     -  |__python
Average:        0         -   1098610    0.00    0.00    0.00    0.00    0.00     -  |__python
Average:        0         -   1098611    0.00    0.00    0.00    0.00    0.00     -  |__python
Average:        0         -   1098612    0.00    0.00    0.00    0.00    0.00     -  |__python
Average:        0         -   1098613    0.00    0.00    0.00    0.00    0.00     -  |__python
Average:        0         -   1098614    0.00    0.00    0.00    0.00    0.00     -  |__python
Average:        0         -   1098615    0.00    0.00    0.00    0.00    0.00     -  |__python
Average:        0         -   1098616    0.00    0.00    0.00    0.00    0.00     -  |__python
Average:        0         -   1098617    0.00    0.00    0.00    0.00    0.00     -  |__python
Average:        0         -   1098618    0.00    0.00    0.00    0.00    0.00     -  |__python
Average:        0         -   1098619    0.00    0.00    0.00    0.00    0.00     -  |__python
Average:        0         -   1098620    0.00    0.00    0.00    0.00    0.00     -  |__python
Average:        0         -   1098621    0.00    0.00    0.00    0.00    0.00     -  |__python
Average:        0         -   1098622    0.00    0.00    0.00    0.00    0.00     -  |__python
Average:        0         -   1098623    0.00    0.00    0.00    0.00    0.00     -  |__python
Average:        0         -   1098624    0.00    0.00    0.00    0.00    0.00     -  |__python
Average:        0         -   1098625    0.00    0.00    0.00    0.00    0.00     -  |__python
Average:        0         -   1098626    0.00    0.00    0.00    0.00    0.00     -  |__python
Average:        0         -   1098627    0.00    0.00    0.00    0.00    0.00     -  |__python
Average:        0         -   1098628    0.00    0.00    0.00    0.00    0.00     -  |__python
Average:        0         -   1098629    0.00    0.00    0.00    0.00    0.00     -  |__python
Average:        0         -   1098630    0.00    0.00    0.00    0.00    0.00     -  |__python
Average:        0         -   1098631    0.00    0.00    0.00    0.00    0.00     -  |__python
Average:        0         -   1098632    0.27    0.27    0.00    0.00    0.53     -  |__warchest-dispat
Average:        0         -   1098633   52.17   14.59    0.00    0.00   66.76     -  |__warchest-wave-0
Average:        0         -   1098634    0.00    0.00    0.00    0.00    0.00     -  |__cuda00001400006
Average:        0         -   1098635   60.43   16.39    0.00    0.00   76.82     -  |__warchest-wave-0
Average:        0         -   1098636   50.97    8.59    0.00    0.00   59.56     -  |__warchest-wave-0
Average:        0         -   1098637   51.37   10.79    0.00    0.00   62.16     -  |__warchest-wave-0
Average:        0         -   1098638   58.36    9.93    0.00    0.00   68.29     -  |__warchest-wave-0
Average:        0         -   1098639    0.00    0.00    0.00    0.00    0.00     -  |__warchest-wave-0
Average:        0         -   1098640    0.07    0.07    0.00    0.00    0.13     -  |__cuda-EvtHandlr
Average:        0         -   1098713    0.00    0.07    0.00    0.00    0.07     -  |__warchest-routes
Average:        0         -   1098714    0.27    0.27    0.00    0.00    0.53     -  |__warchest-dispat
Average:        0         -   1098715   50.17   12.86    0.00    0.00   63.02     -  |__warchest-wave-1
Average:        0         -   1098716   46.84    6.26    0.00    0.00   53.10     -  |__warchest-wave-1
Average:        0         -   1098717   57.10   13.92    0.00    0.00   71.02     -  |__warchest-wave-1
Average:        0         -   1098718   54.23   12.59    0.00    0.00   66.82     -  |__warchest-wave-1
Average:        0         -   1098719   57.83   13.72    0.00    0.00   71.55     -  |__warchest-wave-1
Average:        0         -   1098720    0.00    0.00    0.00    0.00    0.00     -  |__warchest-wave-1
Average:        0         -   1098721    0.07    0.07    0.00    0.00    0.13     -  |__cuda-EvtHandlr
Average:        0         -   1098770    0.00    0.20    0.00    0.00    0.20     -  |__warchest-routes
Average:        0         -   1098771    3.26    1.13    0.00    0.00    4.40     -  |__warchest-gpu-st
Average:        0         -   1098772   51.57    3.86    0.00    0.00   55.43     -  |__warchest-gpu-st
Average:        0         -   1098773   55.43    3.33    0.00    0.00   58.76     -  |__warchest-gpu-st
Average:        0         -   1098774   39.51    1.80    0.00    0.00   41.31     -  |__warchest-gpu-st
Average:        0         -   1098775   44.64    1.53    0.00    0.00   46.17     -  |__warchest-gpu-st
Average:        0         -   1098776   40.97    1.47    0.00    0.00   42.44     -  |__warchest-gpu-st
Average:        0         -   1098777   32.38    0.87    0.00    0.00   33.24     -  |__warchest-gpu-st
Average:        0         -   1098778   56.70    4.73    0.00    0.00   61.43     -  |__warchest-gpu-st
Average:        0         -   1098779   35.84    1.47    0.00    0.00   37.31     -  |__warchest-gpu-st
Average:        0         -   1098780   34.38    0.93    0.00    0.00   35.31     -  |__warchest-gpu-st
Average:        0         -   1098781   61.89    4.73    0.00    0.00   66.62     -  |__warchest-gpu-st
Average:        0         -   1098782   43.44    1.73    0.00    0.00   45.17     -  |__warchest-gpu-st
Average:        0         -   1098783   54.83    2.93    0.00    0.00   57.76     -  |__warchest-gpu-st
Average:        0         -   1098784   42.37    2.07    0.00    0.00   44.44     -  |__warchest-gpu-st
Average:        0         -   1098785   40.04    1.53    0.00    0.00   41.57     -  |__warchest-gpu-st
Average:        0         -   1098786   60.36    3.93    0.00    0.00   64.29     -  |__warchest-gpu-st
Average:        0         -   1098787   54.23    2.53    0.00    0.00   56.76     -  |__warchest-gpu-st
Average:        0         -   1098788   47.97    2.53    0.00    0.00   50.50     -  |__warchest-gpu-st
Average:        0         -   1098789   41.97    1.60    0.00    0.00   43.57     -  |__warchest-gpu-st
Average:        0         -   1098790   43.70    1.47    0.00    0.00   45.17     -  |__warchest-gpu-st
Average:        0         -   1098791   52.63    3.13    0.00    0.00   55.76     -  |__warchest-gpu-st
Average:        0         -   1098792   54.83    3.40    0.00    0.00   58.23     -  |__warchest-gpu-st
Average:        0         -   1098793   68.22    5.13    0.00    0.00   73.35     -  |__warchest-gpu-st
Average:        0         -   1098794   66.82    4.33    0.00    0.00   71.15     -  |__warchest-gpu-st
Average:        0         -   1098795   41.71    1.60    0.00    0.00   43.30     -  |__warchest-gpu-st
Average:        0         -   1098796   55.10    3.53    0.00    0.00   58.63     -  |__warchest-gpu-st
Average:        0         -   1098797   39.51    1.80    0.00    0.00   41.31     -  |__warchest-gpu-st
Average:        0         -   1098798   52.76    3.60    0.00    0.00   56.36     -  |__warchest-gpu-st
Average:        0         -   1098799   44.10    1.73    0.00    0.00   45.84     -  |__warchest-gpu-st
Average:        0         -   1098800   55.16    3.86    0.00    0.00   59.03     -  |__warchest-gpu-st
Average:        0         -   1098801   38.31    0.93    0.00    0.00   39.24     -  |__warchest-gpu-st
Average:        0         -   1098802   59.16    4.86    0.00    0.00   64.02     -  |__warchest-gpu-st
Average:        0         -   1098803   50.03    1.87    0.00    0.00   51.90     -  |__warchest-gpu-st
Average:        0         -   1098804   39.11    1.00    0.00    0.00   40.11     -  |__warchest-gpu-st
Average:        0         -   1098805   55.30    3.73    0.00    0.00   59.03     -  |__warchest-gpu-st
Average:        0         -   1098806   57.10    3.33    0.00    0.00   60.43     -  |__warchest-gpu-st
Average:        0         -   1098807   52.30    3.80    0.00    0.00   56.10     -  |__warchest-gpu-st
