Linux 6.8.0-136-generic (856a17914eb3) 	08/10/26 	_x86_64_	(72 CPU)

09:13:49     CPU    %usr   %nice    %sys %iowait    %irq   %soft  %steal  %guest  %gnice   %idle
09:13:50     all   11.58    0.00    0.47    0.00    0.00    0.00    0.00    0.00    0.00   87.95
09:13:51     all    1.18    0.00    0.89    0.00    0.00    0.00    0.00    0.00    0.00   97.93
09:13:52     all    1.68    0.00    0.25    0.00    0.00    0.00    0.00    0.00    0.00   98.07
09:13:53     all    1.68    0.00    0.24    0.00    0.00    0.00    0.00    0.00    0.00   98.08
09:13:54     all    1.44    0.00    0.33    0.00    0.00    0.00    0.00    0.00    0.00   98.22
09:13:55     all    1.50    0.00    0.25    0.00    0.00    0.00    0.00    0.00    0.00   98.25
09:13:56     all    1.68    0.00    0.19    0.00    0.00    0.00    0.00    0.00    0.00   98.13
09:13:57     all    1.43    0.00    0.15    0.00    0.00    0.00    0.00    0.00    0.00   98.42
09:13:58     all    1.25    0.00    0.61    0.00    0.00    0.00    0.00    0.00    0.00   98.14
09:13:59     all    1.61    0.00    0.21    0.00    0.00    0.00    0.00    0.00    0.00   98.18
09:14:00     all    1.42    0.00    0.17    0.00    0.00    0.00    0.00    0.00    0.00   98.42
09:14:01     all    1.53    0.00    0.22    0.00    0.00    0.00    0.00    0.00    0.00   98.25
09:14:02     all    1.75    0.00    0.33    0.00    0.00    0.00    0.00    0.00    0.00   97.91
09:14:03     all    1.52    0.00    0.28    0.00    0.00    0.00    0.00    0.00    0.00   98.20
09:14:04     all    1.64    0.00    0.21    0.00    0.00    0.00    0.00    0.00    0.00   98.16
09:14:05     all   20.67    0.00    3.27    0.00    0.00    0.01    0.00    0.00    0.00   76.04
09:14:06     all   29.25    0.00    1.60    0.00    0.00    0.00    0.00    0.00    0.00   69.15
09:14:07     all   31.34    0.00    1.17    0.00    0.00    0.00    0.00    0.00    0.00   67.49
09:14:08     all   40.64    0.00    3.04    0.00    0.00    0.00    0.00    0.00    0.00   56.32
09:14:09     all   37.83    0.00    1.98    0.00    0.00    0.00    0.00    0.00    0.00   60.19
09:14:10     all   33.60    0.00    1.21    0.00    0.00    0.00    0.00    0.00    0.00   65.19
09:14:11     all   31.20    0.00    0.82    0.01    0.00    0.00    0.00    0.00    0.00   67.96
09:14:12     all   30.53    0.00    0.71    0.00    0.00    0.00    0.00    0.00    0.00   68.76
09:14:13     all   31.36    0.00    1.00    0.00    0.00    0.01    0.00    0.00    0.00   67.62
09:14:14     all   27.02    0.00    0.86    0.00    0.00    0.00    0.00    0.00    0.00   72.12
09:14:15     all   33.05    0.00    0.42    0.00    0.00    0.01    0.00    0.00    0.00   66.51
09:14:16     all   35.63    0.00    0.56    0.00    0.00    0.00    0.00    0.00    0.00   63.82
09:14:17     all   41.01    0.00    0.80    0.00    0.00    0.00    0.00    0.00    0.00   58.19
09:14:18     all   32.26    0.00    0.58    0.00    0.00    0.01    0.00    0.00    0.00   67.14
09:14:19     all   27.76    0.00    0.71    0.00    0.00    0.00    0.00    0.00    0.00   71.52
09:14:20     all   38.99    0.00    0.59    0.00    0.00    0.00    0.00    0.00    0.00   60.42
09:14:21     all   44.45    0.00    1.28    0.00    0.00    0.00    0.00    0.00    0.00   54.27
09:14:22     all   32.17    0.00    1.74    0.00    0.00    0.00    0.00    0.00    0.00   66.09
09:14:23     all   24.96    0.00    1.45    0.00    0.00    0.00    0.00    0.00    0.00   73.59
09:14:24     all   24.66    0.00    1.60    0.00    0.00    0.01    0.00    0.00    0.00   73.72
09:14:25     all   24.50    0.00    0.71    0.00    0.00    0.00    0.00    0.00    0.00   74.79
09:14:26     all   28.15    0.00    1.18    0.00    0.00    0.00    0.00    0.00    0.00   70.67
09:14:27     all   35.21    0.00    2.13    0.00    0.00    0.00    0.00    0.00    0.00   62.66
09:14:28     all   32.09    0.00    1.74    0.00    0.00    0.00    0.00    0.00    0.00   66.17
09:14:29     all   38.99    0.00    1.92    0.00    0.00    0.00    0.00    0.00    0.00   59.08
09:14:30     all   32.16    0.00    2.03    0.00    0.00    0.00    0.00    0.00    0.00   65.80
09:14:31     all   45.55    0.00    2.17    0.00    0.00    0.01    0.00    0.00    0.00   52.27
09:14:32     all   39.62    0.00    2.24    0.00    0.00    0.00    0.00    0.00    0.00   58.14
09:14:33     all   40.08    0.00    3.42    0.00    0.00    0.00    0.00    0.00    0.00   56.51
09:14:34     all   44.83    0.00    3.17    0.00    0.00    0.00    0.00    0.00    0.00   52.00
09:14:35     all   41.72    0.00    3.72    0.00    0.00    0.00    0.00    0.00    0.00   54.56
09:14:36     all   44.02    0.00    3.70    0.00    0.00    0.00    0.00    0.00    0.00   52.28
09:14:37     all   39.74    0.00    2.80    0.00    0.00    0.00    0.00    0.00    0.00   57.47
09:14:38     all   21.52    0.00    2.16    0.00    0.00    0.01    0.00    0.00    0.00   76.31
09:14:39     all   20.63    0.00    1.63    0.00    0.00    0.00    0.00    0.00    0.00   77.75
09:14:40     all   25.70    0.00    1.89    0.00    0.00    0.00    0.00    0.00    0.00   72.40
09:14:41     all   32.85    0.00    1.76    0.00    0.00    0.00    0.00    0.00    0.00   65.39
09:14:42     all   24.70    0.00    1.73    0.00    0.00    0.00    0.00    0.00    0.00   73.58
09:14:43     all   22.57    0.00    1.21    0.00    0.00    0.00    0.00    0.00    0.00   76.22
09:14:44     all   30.67    0.00    1.64    0.00    0.00    0.00    0.00    0.00    0.00   67.69
09:14:45     all   30.40    0.00    2.02    0.00    0.00    0.00    0.00    0.00    0.00   67.58
09:14:46     all   27.94    0.00    1.27    0.00    0.00    0.00    0.00    0.00    0.00   70.79
09:14:47     all   18.98    0.00    1.85    0.00    0.00    0.01    0.00    0.00    0.00   79.15
09:14:48     all   29.45    0.00    0.95    0.00    0.00    0.00    0.00    0.00    0.00   69.60
09:14:49     all   20.69    0.00    1.87    0.00    0.00    0.01    0.00    0.00    0.00   77.43
09:14:50     all   29.44    0.00    0.95    0.00    0.00    0.00    0.00    0.00    0.00   69.62
09:14:51     all   40.55    0.00    1.38    0.00    0.00    0.00    0.00    0.00    0.00   58.08
09:14:52     all   46.33    0.00    1.77    0.00    0.00    0.00    0.00    0.00    0.00   51.91
09:14:53     all   41.63    0.00    1.19    0.00    0.00    0.01    0.00    0.00    0.00   57.17
09:14:54     all   42.85    0.00    1.55    0.00    0.00    0.01    0.00    0.00    0.00   55.59
09:14:55     all   45.59    0.00    1.77    0.00    0.00    0.00    0.00    0.00    0.00   52.64
09:14:56     all   29.15    0.00    2.03    0.00    0.00    0.00    0.00    0.00    0.00   68.82
09:14:57     all   37.93    0.00    1.64    0.00    0.00    0.00    0.00    0.00    0.00   60.43
09:14:58     all   41.05    0.00    1.78    0.00    0.00    0.01    0.00    0.00    0.00   57.16
09:14:59     all   40.37    0.00    2.17    0.00    0.00    0.00    0.00    0.00    0.00   57.46
09:15:00     all   34.48    0.00    1.66    0.00    0.00    0.00    0.00    0.00    0.00   63.87
09:15:01     all   26.70    0.00    2.06    0.00    0.00    0.00    0.00    0.00    0.00   71.23
09:15:02     all   33.60    0.00    2.44    0.00    0.00    0.01    0.00    0.00    0.00   63.95
09:15:03     all   29.09    0.00    2.16    0.00    0.00    0.00    0.00    0.00    0.00   68.75
09:15:04     all   28.37    0.00    1.03    0.00    0.00    0.00    0.00    0.00    0.00   70.60
09:15:05     all   37.16    0.00    2.10    0.00    0.00    0.01    0.00    0.00    0.00   60.73
09:15:06     all   27.34    0.00    1.03    0.00    0.00    0.01    0.00    0.00    0.00   71.62
09:15:07     all    4.18    0.00    0.93    0.00    0.00    0.00    0.00    0.00    0.00   94.89
09:15:08     all    1.35    0.00    0.33    0.00    0.00    0.00    0.00    0.00    0.00   98.32
09:15:09     all    1.29    0.03    0.32    0.00    0.00    0.00    0.00    0.00    0.00   98.36
09:15:10     all    1.49    0.00    0.40    0.00    0.00    0.00    0.00    0.00    0.00   98.11
09:15:11     all    1.33    0.00    0.36    0.00    0.00    0.00    0.00    0.00    0.00   98.30
09:15:12     all    1.29    0.00    0.31    0.00    0.00    0.00    0.00    0.00    0.00   98.40
09:15:13     all    1.47    0.00    0.25    0.00    0.00    0.00    0.00    0.00    0.00   98.28
09:15:14     all    1.49    0.00    0.38    0.00    0.00    0.00    0.00    0.00    0.00   98.14
09:15:15     all    1.38    0.00    0.31    0.00    0.00    0.00    0.00    0.00    0.00   98.32
09:15:16     all    2.08    0.00    0.39    0.00    0.00    0.00    0.00    0.00    0.00   97.53
09:15:17     all    1.46    0.00    0.64    0.00    0.00    0.00    0.00    0.00    0.00   97.90
09:15:18     all    1.40    0.00    0.33    0.00    0.00    0.00    0.00    0.00    0.00   98.26
09:15:19     all    1.42    0.00    0.33    0.01    0.00    0.00    0.00    0.00    0.00   98.24
09:15:20     all    1.51    0.00    0.33    0.00    0.00    0.00    0.00    0.00    0.00   98.15
09:15:21     all    1.50    0.00    0.47    0.00    0.00    0.00    0.00    0.00    0.00   98.03
09:15:22     all    1.57    0.00    0.47    0.00    0.00    0.00    0.00    0.00    0.00   97.96
09:15:23     all    1.35    0.00    0.29    0.00    0.00    0.00    0.00    0.00    0.00   98.36
09:15:24     all    1.33    0.00    0.31    0.00    0.00    0.00    0.00    0.00    0.00   98.36
09:15:25     all    1.31    0.00    0.50    0.00    0.00    0.00    0.00    0.00    0.00   98.19
09:15:26     all    1.50    0.00    0.58    0.00    0.00    0.00    0.00    0.00    0.00   97.92
09:15:27     all    1.26    0.00    0.31    0.00    0.00    0.00    0.00    0.00    0.00   98.43
09:15:28     all    1.43    0.00    0.38    0.00    0.00    0.00    0.00    0.00    0.00   98.19
09:15:29     all    1.40    0.00    0.39    0.00    0.00    0.00    0.00    0.00    0.00   98.21
Average:     all   21.20    0.00    1.19    0.00    0.00    0.00    0.00    0.00    0.00   77.61
