Linux 6.8.0-136-generic (856a17914eb3) 	08/10/26 	_x86_64_	(72 CPU)

08:36:47     CPU    %usr   %nice    %sys %iowait    %irq   %soft  %steal  %guest  %gnice   %idle
08:36:48     all   11.52    0.00    0.44    0.00    0.00    0.00    0.00    0.00    0.00   88.04
08:36:49     all    1.05    0.01    0.75    0.00    0.00    0.00    0.00    0.00    0.00   98.18
08:36:50     all    1.51    0.00    0.26    0.00    0.00    0.00    0.00    0.00    0.00   98.22
08:36:51     all    1.71    0.00    0.29    0.00    0.00    0.00    0.00    0.00    0.00   98.00
08:36:52     all    1.33    0.00    0.21    0.00    0.00    0.00    0.00    0.00    0.00   98.46
08:36:53     all    1.74    0.00    0.51    0.00    0.00    0.00    0.00    0.00    0.00   97.75
08:36:54     all    1.62    0.00    0.19    0.00    0.00    0.00    0.00    0.00    0.00   98.18
08:36:55     all    1.33    0.00    0.15    0.00    0.00    0.00    0.00    0.00    0.00   98.51
08:36:56     all    1.43    0.00    0.72    0.00    0.00    0.01    0.00    0.00    0.00   97.83
08:36:57     all    2.30    0.00    0.46    0.00    0.00    0.00    0.00    0.00    0.00   97.25
08:36:58     all    2.17    0.00    0.47    0.01    0.00    0.00    0.00    0.00    0.00   97.34
08:36:59     all    1.57    0.00    0.18    0.00    0.00    0.00    0.00    0.00    0.00   98.25
08:37:00     all    1.60    0.00    0.19    0.00    0.00    0.00    0.00    0.00    0.00   98.21
08:37:01     all    1.39    0.00    0.24    0.00    0.00    0.00    0.00    0.00    0.00   98.37
08:37:02     all    6.80    0.00    4.34    0.00    0.00    0.00    0.00    0.00    0.00   88.86
08:37:03     all   25.53    0.00    1.86    0.00    0.00    0.01    0.00    0.00    0.00   72.59
08:37:04     all   29.97    0.00    0.78    0.00    0.00    0.00    0.00    0.00    0.00   69.25
08:37:05     all   50.91    0.00    3.88    0.00    0.00    0.01    0.00    0.00    0.00   45.19
08:37:06     all   32.67    0.00    1.66    0.00    0.00    0.00    0.00    0.00    0.00   65.67
08:37:07     all   30.49    0.00    1.45    0.00    0.00    0.00    0.00    0.00    0.00   68.06
08:37:08     all   30.99    0.00    1.03    0.00    0.00    0.03    0.00    0.00    0.00   67.95
08:37:09     all   28.51    0.00    0.92    0.00    0.00    0.00    0.00    0.00    0.00   70.57
08:37:10     all   27.65    0.00    0.67    0.00    0.00    0.00    0.00    0.00    0.00   71.68
08:37:11     all   22.65    0.00    0.50    0.00    0.00    0.00    0.00    0.00    0.00   76.84
08:37:12     all   25.64    0.00    0.40    0.00    0.00    0.00    0.00    0.00    0.00   73.96
08:37:13     all   31.93    0.00    0.78    0.00    0.00    0.00    0.00    0.00    0.00   67.29
08:37:14     all   36.20    0.00    0.78    0.01    0.00    0.00    0.00    0.00    0.00   63.01
08:37:15     all   32.06    0.00    0.54    0.00    0.00    0.00    0.00    0.00    0.00   67.40
08:37:16     all   26.27    0.00    0.70    0.00    0.00    0.00    0.00    0.00    0.00   73.04
08:37:17     all   26.81    0.00    0.89    0.00    0.00    0.00    0.00    0.00    0.00   72.30
08:37:18     all   42.73    0.00    0.59    0.00    0.00    0.01    0.00    0.00    0.00   56.67
08:37:19     all   50.52    0.00    2.02    0.00    0.00    0.00    0.00    0.00    0.00   47.46
08:37:20     all   33.69    0.00    1.89    0.00    0.00    0.00    0.00    0.00    0.00   64.42
08:37:21     all   23.90    0.00    1.54    0.00    0.00    0.00    0.00    0.00    0.00   74.56
08:37:22     all   21.45    0.00    1.00    0.00    0.00    0.01    0.00    0.00    0.00   77.54
08:37:23     all   21.69    0.00    1.23    0.00    0.00    0.00    0.00    0.00    0.00   77.09
08:37:24     all   29.47    0.00    1.38    0.00    0.00    0.01    0.00    0.00    0.00   69.13
08:37:25     all   29.60    0.00    1.35    0.00    0.00    0.00    0.00    0.00    0.00   69.05
08:37:26     all   36.76    0.00    1.52    0.00    0.00    0.00    0.00    0.00    0.00   61.72
08:37:27     all   43.80    0.00    2.47    0.00    0.00    0.00    0.00    0.00    0.00   53.73
08:37:28     all   41.88    0.00    2.43    0.00    0.00    0.00    0.00    0.00    0.00   55.69
08:37:29     all   43.05    0.01    2.94    0.00    0.00    0.00    0.00    0.00    0.00   54.00
08:37:30     all   49.05    0.00    2.75    0.03    0.00    0.00    0.00    0.00    0.00   48.17
08:37:31     all   45.59    0.00    3.65    0.00    0.00    0.00    0.00    0.00    0.00   50.77
08:37:32     all   43.86    0.00    3.79    0.00    0.00    0.01    0.00    0.00    0.00   52.34
08:37:33     all   40.73    0.00    3.24    0.00    0.00    0.00    0.00    0.00    0.00   56.03
08:37:34     all   32.90    0.00    2.30    0.00    0.00    0.00    0.00    0.00    0.00   64.80
08:37:35     all   29.74    0.00    1.90    0.00    0.00    0.00    0.00    0.00    0.00   68.36
08:37:36     all   24.57    0.00    2.20    0.00    0.00    0.00    0.00    0.00    0.00   73.23
08:37:37     all   25.92    0.00    2.22    0.00    0.00    0.00    0.00    0.00    0.00   71.85
08:37:38     all   24.23    0.00    1.56    0.00    0.00    0.00    0.00    0.00    0.00   74.21
08:37:39     all   30.64    0.00    1.66    0.00    0.00    0.00    0.00    0.00    0.00   67.70
08:37:40     all   28.90    0.00    1.24    0.00    0.00    0.00    0.00    0.00    0.00   69.87
08:37:41     all   23.16    0.00    2.27    0.00    0.00    0.00    0.00    0.00    0.00   74.57
08:37:42     all   22.56    0.00    1.30    0.00    0.00    0.00    0.00    0.00    0.00   76.14
08:37:43     all   23.31    0.00    0.82    0.00    0.00    0.00    0.00    0.00    0.00   75.87
08:37:44     all   25.66    0.00    0.93    0.00    0.00    0.00    0.00    0.00    0.00   73.40
08:37:45     all   24.96    0.00    1.36    0.00    0.00    0.01    0.00    0.00    0.00   73.66
08:37:46     all   24.51    0.00    0.85    0.00    0.00    0.00    0.00    0.00    0.00   74.64
08:37:47     all   27.81    0.00    1.91    0.03    0.00    0.00    0.00    0.00    0.00   70.26
08:37:48     all   31.47    0.00    1.34    0.00    0.00    0.00    0.00    0.00    0.00   67.19
08:37:49     all   34.26    0.00    1.43    0.00    0.00    0.00    0.00    0.00    0.00   64.31
08:37:50     all   40.99    0.00    1.60    0.00    0.00    0.00    0.00    0.00    0.00   57.41
08:37:51     all   45.66    0.00    1.73    0.00    0.00    0.01    0.00    0.00    0.00   52.60
08:37:52     all   48.07    0.00    2.02    0.00    0.00    0.01    0.00    0.00    0.00   49.90
08:37:53     all   37.17    0.00    1.53    0.00    0.00    0.00    0.00    0.00    0.00   61.29
08:37:54     all   36.43    0.00    1.53    0.00    0.00    0.00    0.00    0.00    0.00   62.04
08:37:55     all   36.96    0.00    1.34    0.00    0.00    0.00    0.00    0.00    0.00   61.70
08:37:56     all   39.91    0.00    1.66    0.00    0.00    0.00    0.00    0.00    0.00   58.43
08:37:57     all   36.02    0.00    2.01    0.00    0.00    0.01    0.00    0.00    0.00   61.96
08:37:58     all   37.87    0.00    1.34    0.00    0.00    0.00    0.00    0.00    0.00   60.80
08:37:59     all   19.72    0.00    1.13    0.00    0.00    0.00    0.00    0.00    0.00   79.15
08:38:00     all   26.06    0.00    1.17    0.00    0.00    0.00    0.00    0.00    0.00   72.77
08:38:01     all   18.10    0.00    0.70    0.01    0.00    0.00    0.00    0.00    0.00   81.19
08:38:02     all   24.70    0.00    1.03    0.00    0.00    0.00    0.00    0.00    0.00   74.27
08:38:03     all   27.78    0.00    1.25    0.00    0.00    0.00    0.00    0.00    0.00   70.97
08:38:04     all   17.82    0.00    1.63    0.01    0.00    0.00    0.00    0.00    0.00   80.54
08:38:05     all   10.21    0.00    1.24    0.00    0.00    0.01    0.00    0.00    0.00   88.54
08:38:06     all    3.25    0.00    0.85    0.00    0.00    0.00    0.00    0.00    0.00   95.90
08:38:07     all    1.53    0.00    0.26    0.00    0.00    0.00    0.00    0.00    0.00   98.21
08:38:08     all    1.49    0.00    0.40    0.00    0.00    0.00    0.00    0.00    0.00   98.11
08:38:09     all    1.18    0.00    0.39    0.00    0.00    0.00    0.00    0.00    0.00   98.43
08:38:10     all    1.43    0.00    0.36    0.00    0.00    0.00    0.00    0.00    0.00   98.21
08:38:11     all    1.40    0.00    0.26    0.00    0.00    0.00    0.00    0.00    0.00   98.33
08:38:12     all    1.47    0.00    0.38    0.00    0.00    0.00    0.00    0.00    0.00   98.15
08:38:13     all    1.71    0.00    0.39    0.00    0.00    0.00    0.00    0.00    0.00   97.90
08:38:14     all    1.32    0.00    0.31    0.00    0.00    0.00    0.00    0.00    0.00   98.37
08:38:15     all    1.88    0.00    0.36    0.00    0.00    0.00    0.00    0.00    0.00   97.76
08:38:16     all    1.42    0.00    0.33    0.00    0.00    0.00    0.00    0.00    0.00   98.25
08:38:17     all    1.31    0.00    0.25    0.01    0.00    0.00    0.00    0.00    0.00   98.43
08:38:18     all    1.54    0.01    0.33    0.00    0.00    0.00    0.00    0.00    0.00   98.11
08:38:19     all    1.70    0.00    0.40    0.00    0.00    0.00    0.00    0.00    0.00   97.90
08:38:20     all    1.63    0.00    0.43    0.00    0.00    0.00    0.00    0.00    0.00   97.94
08:38:21     all    1.44    0.00    0.40    0.00    0.00    0.00    0.00    0.00    0.00   98.15
08:38:22     all    1.42    0.00    0.33    0.00    0.00    0.01    0.00    0.00    0.00   98.24
08:38:23     all    1.31    0.00    0.32    0.00    0.00    0.00    0.00    0.00    0.00   98.38
08:38:24     all    1.57    0.00    0.42    0.00    0.00    0.00    0.00    0.00    0.00   98.01
08:38:25     all    1.36    0.00    0.39    0.01    0.00    0.00    0.00    0.00    0.00   98.23
08:38:26     all    1.14    0.00    0.40    0.00    0.00    0.00    0.00    0.00    0.00   98.46
08:38:27     all    1.60    0.00    0.35    0.00    0.00    0.00    0.00    0.00    0.00   98.05
Average:     all   20.66    0.00    1.17    0.00    0.00    0.00    0.00    0.00    0.00   78.17
