Linux 6.8.0-136-generic (856a17914eb3) 	08/10/26 	_x86_64_	(72 CPU)

08:38:47     CPU    %usr   %nice    %sys %iowait    %irq   %soft  %steal  %guest  %gnice   %idle
08:38:48     all   11.48    0.00    0.44    0.00    0.00    0.00    0.00    0.00    0.00   88.07
08:38:49     all    1.07    0.00    0.79    0.00    0.00    0.00    0.00    0.00    0.00   98.14
08:38:50     all    1.60    0.00    0.18    0.00    0.00    0.00    0.00    0.00    0.00   98.22
08:38:51     all    1.38    0.00    0.17    0.00    0.00    0.00    0.00    0.00    0.00   98.46
08:38:52     all    1.58    0.00    0.25    0.00    0.00    0.00    0.00    0.00    0.00   98.17
08:38:53     all    1.67    0.00    0.26    0.00    0.00    0.00    0.00    0.00    0.00   98.07
08:38:54     all    1.35    0.00    0.18    0.00    0.00    0.00    0.00    0.00    0.00   98.47
08:38:55     all    1.60    0.00    0.21    0.00    0.00    0.00    0.00    0.00    0.00   98.19
08:38:56     all    1.58    0.00    0.19    0.00    0.00    0.00    0.00    0.00    0.00   98.22
08:38:57     all    1.20    0.00    0.33    0.00    0.00    0.00    0.00    0.00    0.00   98.47
08:38:58     all    1.71    0.00    0.44    0.00    0.00    0.00    0.00    0.00    0.00   97.85
08:38:59     all    2.08    0.00    0.36    0.00    0.00    0.00    0.00    0.00    0.00   97.55
08:39:00     all    1.32    0.00    0.25    0.00    0.00    0.00    0.00    0.00    0.00   98.43
08:39:01     all    1.61    0.00    0.18    0.00    0.00    0.00    0.00    0.00    0.00   98.21
08:39:02     all    1.58    0.00    0.14    0.00    0.00    0.00    0.00    0.00    0.00   98.28
08:39:03     all    1.54    0.00    0.33    0.00    0.00    0.00    0.00    0.00    0.00   98.12
08:39:04     all    1.57    0.00    0.21    0.00    0.00    0.00    0.00    0.00    0.00   98.22
08:39:05     all    3.92    0.00    2.56    0.00    0.00    0.00    0.00    0.00    0.00   93.53
08:39:06     all   26.42    0.00    4.36    0.00    0.00    0.00    0.00    0.00    0.00   69.22
08:39:07     all   33.68    0.00    0.98    0.00    0.00    0.01    0.00    0.00    0.00   65.33
08:39:08     all   54.48    0.00    3.77    0.00    0.00    0.01    0.00    0.00    0.00   41.73
08:39:09     all   36.78    0.00    1.92    0.00    0.00    0.00    0.00    0.00    0.00   61.30
08:39:10     all   33.30    0.00    1.22    0.00    0.00    0.00    0.00    0.00    0.00   65.48
08:39:11     all   32.56    0.00    0.82    0.00    0.00    0.00    0.00    0.00    0.00   66.62
08:39:12     all   32.82    0.00    0.63    0.00    0.00    0.00    0.00    0.00    0.00   66.56
08:39:13     all   30.18    0.00    0.82    0.00    0.00    0.00    0.00    0.00    0.00   69.00
08:39:14     all   26.26    0.01    0.52    0.00    0.00    0.00    0.00    0.00    0.00   73.21
08:39:15     all   31.57    0.00    0.65    0.00    0.00    0.01    0.00    0.00    0.00   67.76
08:39:16     all   38.47    0.00    0.94    0.00    0.00    0.00    0.00    0.00    0.00   60.59
08:39:17     all   41.62    0.00    0.56    0.00    0.00    0.00    0.00    0.00    0.00   57.82
08:39:18     all   27.77    0.00    0.63    0.00    0.00    0.03    0.00    0.00    0.00   71.58
08:39:19     all   27.56    0.00    0.88    0.00    0.00    0.00    0.00    0.00    0.00   71.56
08:39:20     all   44.69    0.00    0.67    0.00    0.00    0.00    0.00    0.00    0.00   54.64
08:39:21     all   53.30    0.00    2.28    0.00    0.00    0.00    0.00    0.00    0.00   44.43
08:39:22     all   37.04    0.00    1.94    0.00    0.00    0.01    0.00    0.00    0.00   61.01
08:39:23     all   27.76    0.00    1.64    0.00    0.00    0.00    0.00    0.00    0.00   70.59
08:39:24     all   22.49    0.00    1.66    0.00    0.00    0.00    0.00    0.00    0.00   75.86
08:39:25     all   25.12    0.00    1.10    0.00    0.00    0.00    0.00    0.00    0.00   73.78
08:39:26     all   30.84    0.00    1.79    0.00    0.00    0.00    0.00    0.00    0.00   67.36
08:39:27     all   32.86    0.00    1.51    0.00    0.00    0.00    0.00    0.00    0.00   65.63
08:39:28     all   38.06    0.00    1.53    0.00    0.00    0.00    0.00    0.00    0.00   60.41
08:39:29     all   43.06    0.00    1.99    0.00    0.00    0.00    0.00    0.00    0.00   54.95
08:39:30     all   46.20    0.00    3.09    0.00    0.00    0.00    0.00    0.00    0.00   50.72
08:39:31     all   53.44    0.00    3.76    0.00    0.00    0.00    0.00    0.00    0.00   42.81
08:39:32     all   49.23    0.00    4.65    0.00    0.00    0.00    0.00    0.00    0.00   46.11
08:39:33     all   49.91    0.00    4.36    0.01    0.00    0.00    0.00    0.00    0.00   45.72
08:39:34     all   45.27    0.00    3.46    0.00    0.00    0.00    0.00    0.00    0.00   51.26
08:39:35     all   39.95    0.00    2.67    0.00    0.00    0.00    0.00    0.00    0.00   57.39
08:39:36     all   31.66    0.00    2.43    0.00    0.00    0.00    0.00    0.00    0.00   65.91
08:39:37     all   35.12    0.00    1.82    0.00    0.00    0.00    0.00    0.00    0.00   63.05
08:39:38     all   27.95    0.00    2.56    0.00    0.00    0.00    0.00    0.00    0.00   69.49
08:39:39     all   29.17    0.01    2.31    0.00    0.00    0.00    0.00    0.00    0.00   68.51
08:39:40     all   30.67    0.00    1.22    0.00    0.00    0.00    0.00    0.00    0.00   68.11
08:39:41     all   30.54    0.00    1.14    0.00    0.00    0.00    0.00    0.00    0.00   68.32
08:39:42     all   29.45    0.00    1.71    0.00    0.00    0.00    0.00    0.00    0.00   68.84
08:39:43     all   28.30    0.00    2.23    0.00    0.00    0.01    0.00    0.00    0.00   69.46
08:39:44     all   27.90    0.00    1.71    0.00    0.00    0.00    0.00    0.00    0.00   70.39
08:39:45     all   26.31    0.00    0.93    0.00    0.00    0.00    0.00    0.00    0.00   72.76
08:39:46     all   21.41    0.00    1.18    0.00    0.00    0.00    0.00    0.00    0.00   77.41
08:39:47     all   22.68    0.00    1.64    0.00    0.00    0.00    0.00    0.00    0.00   75.68
08:39:48     all   26.80    0.00    1.06    0.00    0.00    0.00    0.00    0.00    0.00   72.14
08:39:49     all   32.53    0.00    1.38    0.00    0.00    0.00    0.00    0.00    0.00   66.09
08:39:50     all   37.07    0.00    1.17    0.00    0.00    0.00    0.00    0.00    0.00   61.76
08:39:51     all   39.28    0.00    1.63    0.00    0.00    0.03    0.00    0.00    0.00   59.06
08:39:52     all   46.37    0.00    1.76    0.00    0.00    0.00    0.00    0.00    0.00   51.87
08:39:53     all   47.35    0.00    2.05    0.00    0.00    0.00    0.00    0.00    0.00   50.61
08:39:54     all   49.47    0.00    1.94    0.00    0.00    0.00    0.00    0.00    0.00   48.59
08:39:55     all   49.95    0.00    2.06    0.00    0.00    0.00    0.00    0.00    0.00   47.99
08:39:56     all   43.44    0.00    1.45    0.00    0.00    0.00    0.00    0.00    0.00   55.11
08:39:57     all   42.41    0.00    1.35    0.00    0.00    0.01    0.00    0.00    0.00   56.23
08:39:58     all   40.32    0.00    2.16    0.00    0.00    0.00    0.00    0.00    0.00   57.52
08:39:59     all   33.42    0.00    1.20    0.00    0.00    0.00    0.00    0.00    0.00   65.39
08:40:00     all   36.39    0.00    1.85    0.00    0.00    0.01    0.00    0.00    0.00   61.75
08:40:01     all   31.75    0.00    2.45    0.00    0.00    0.01    0.00    0.00    0.00   65.78
08:40:02     all   27.92    0.00    1.60    0.00    0.00    0.01    0.00    0.00    0.00   70.46
08:40:03     all   32.52    0.00    1.12    0.00    0.00    0.00    0.00    0.00    0.00   66.36
08:40:04     all   22.39    0.00    1.84    0.00    0.00    0.00    0.00    0.00    0.00   75.77
08:40:05     all   22.99    0.00    1.50    0.00    0.00    0.00    0.00    0.00    0.00   75.50
08:40:06     all   44.39    0.00    2.45    0.00    0.00    0.01    0.00    0.00    0.00   53.14
08:40:07     all   31.36    0.00    1.45    0.00    0.00    0.00    0.00    0.00    0.00   67.19
08:40:08     all   15.29    0.00    1.49    0.00    0.00    0.00    0.00    0.00    0.00   83.22
08:40:09     all    4.38    0.00    1.32    0.00    0.00    0.00    0.00    0.00    0.00   94.30
08:40:10     all    1.38    0.00    0.36    0.00    0.00    0.00    0.00    0.00    0.00   98.26
08:40:11     all    1.39    0.00    0.29    0.00    0.00    0.00    0.00    0.00    0.00   98.32
08:40:12     all    1.44    0.00    0.31    0.00    0.00    0.00    0.00    0.00    0.00   98.25
08:40:13     all    1.21    0.00    0.40    0.00    0.00    0.00    0.00    0.00    0.00   98.39
08:40:14     all    1.40    0.00    0.24    0.00    0.00    0.00    0.00    0.00    0.00   98.36
08:40:15     all    1.57    0.00    0.28    0.00    0.00    0.00    0.00    0.00    0.00   98.15
08:40:16     all    1.42    0.00    0.31    0.00    0.00    0.00    0.00    0.00    0.00   98.28
08:40:17     all    1.53    0.00    0.31    0.00    0.00    0.00    0.00    0.00    0.00   98.16
08:40:18     all    1.49    0.00    0.35    0.00    0.00    0.00    0.00    0.00    0.00   98.17
08:40:19     all    1.46    0.00    0.38    0.00    0.00    0.00    0.00    0.00    0.00   98.17
08:40:20     all    1.53    0.00    0.60    0.00    0.00    0.00    0.00    0.00    0.00   97.88
08:40:21     all    1.51    0.00    0.21    0.00    0.00    0.00    0.00    0.00    0.00   98.28
08:40:22     all    1.33    0.00    0.31    0.00    0.00    0.00    0.00    0.00    0.00   98.36
08:40:23     all    1.35    0.00    0.28    0.00    0.00    0.00    0.00    0.00    0.00   98.37
08:40:24     all    1.47    0.00    0.40    0.00    0.00    0.00    0.00    0.00    0.00   98.13
08:40:25     all    1.35    0.00    0.38    0.00    0.00    0.00    0.00    0.00    0.00   98.28
08:40:26     all    1.25    0.00    0.33    0.00    0.00    0.00    0.00    0.00    0.00   98.42
08:40:27     all    1.45    0.00    0.36    0.00    0.00    0.00    0.00    0.00    0.00   98.19
Average:     all   22.75    0.00    1.27    0.00    0.00    0.00    0.00    0.00    0.00   75.97
