Linux 6.8.0-136-generic (856a17914eb3) 	08/10/26 	_x86_64_	(72 CPU)

15:15:00     CPU    %usr   %nice    %sys %iowait    %irq   %soft  %steal  %guest  %gnice   %idle
15:15:01     all    6.80    0.00    0.36    0.00    0.00    0.00    0.00    0.00    0.00   92.84
15:15:02     all    2.02    0.00    1.24    0.00    0.00    0.00    0.00    0.00    0.00   96.75
15:15:03     all    2.16    0.00    0.99    0.00    0.00    0.00    0.00    0.00    0.00   96.86
15:15:04     all    1.33    0.00    0.32    0.00    0.00    0.00    0.00    0.00    0.00   98.35
15:15:05     all    1.61    0.00    0.21    0.00    0.00    0.00    0.00    0.00    0.00   98.18
15:15:06     all    1.54    0.00    0.22    0.00    0.00    0.00    0.00    0.00    0.00   98.24
15:15:07     all    1.36    0.00    0.32    0.00    0.00    0.00    0.00    0.00    0.00   98.32
15:15:08     all    1.57    0.00    0.18    0.00    0.00    0.00    0.00    0.00    0.00   98.25
15:15:09     all    1.68    0.00    0.17    0.00    0.00    0.00    0.00    0.00    0.00   98.15
15:15:10     all    1.49    0.00    0.29    0.00    0.00    0.00    0.00    0.00    0.00   98.22
15:15:11     all    1.58    0.00    0.18    0.00    0.00    0.00    0.00    0.00    0.00   98.23
15:15:12     all    1.64    0.00    0.19    0.00    0.00    0.00    0.00    0.00    0.00   98.17
15:15:13     all    1.44    0.00    0.24    0.00    0.00    0.01    0.00    0.00    0.00   98.31
15:15:14     all    1.81    0.00    0.31    0.00    0.00    0.00    0.00    0.00    0.00   97.89
15:15:15     all    1.84    0.00    0.29    0.00    0.00    0.00    0.00    0.00    0.00   97.87
15:15:16     all    1.36    0.00    0.15    0.00    0.00    0.00    0.00    0.00    0.00   98.49
15:15:17     all    1.86    0.00    0.28    0.00    0.00    0.00    0.00    0.00    0.00   97.86
15:15:18     all    1.63    0.00    0.31    0.00    0.00    0.00    0.00    0.00    0.00   98.07
15:15:19     all    1.31    0.00    0.21    0.00    0.00    0.00    0.00    0.00    0.00   98.48
15:15:20     all    1.75    0.00    0.28    0.00    0.00    0.00    0.00    0.00    0.00   97.97
15:15:21     all    1.70    0.00    0.33    0.00    0.00    0.00    0.00    0.00    0.00   97.97
15:15:22     all    2.24    0.00    0.43    0.00    0.00    0.00    0.00    0.00    0.00   97.33
15:15:23     all    1.63    0.00    0.26    0.00    0.00    0.00    0.00    0.00    0.00   98.11
15:15:24     all    1.67    0.00    0.26    0.00    0.00    0.00    0.00    0.00    0.00   98.07
15:15:25     all    1.53    0.00    0.43    0.00    0.00    0.00    0.00    0.00    0.00   98.04
15:15:26     all    1.62    0.00    0.24    0.00    0.00    0.00    0.00    0.00    0.00   98.14
15:15:27     all    2.08    0.00    0.29    0.00    0.00    0.00    0.00    0.00    0.00   97.62
15:15:28     all    1.33    0.00    0.25    0.00    0.00    0.00    0.00    0.00    0.00   98.42
15:15:29     all    2.05    0.00    0.32    0.01    0.00    0.00    0.00    0.00    0.00   97.61
15:15:30     all    1.62    0.00    0.25    0.00    0.00    0.00    0.00    0.00    0.00   98.12
15:15:31     all    1.33    0.00    0.24    0.00    0.00    0.00    0.00    0.00    0.00   98.43
15:15:32     all    1.58    0.01    0.19    0.00    0.00    0.01    0.00    0.00    0.00   98.19
15:15:33     all    1.57    0.00    0.24    0.00    0.00    0.00    0.00    0.00    0.00   98.19
15:15:34     all    1.42    0.00    0.19    0.00    0.00    0.00    0.00    0.00    0.00   98.39
15:15:35     all    1.51    0.00    0.28    0.00    0.00    0.00    0.00    0.00    0.00   98.21
15:15:36     all    6.64    0.00    1.63    0.00    0.00    0.00    0.00    0.00    0.00   91.73
15:15:37     all   28.04    0.00    2.80    0.00    0.00    0.00    0.00    0.00    0.00   69.17
15:15:38     all   14.56    0.00    1.23    0.01    0.00    0.01    0.00    0.00    0.00   84.19
15:15:39     all   17.64    0.00    1.77    0.00    0.00    0.01    0.00    0.00    0.00   80.58
15:15:40     all   27.90    0.00    4.08    0.00    0.00    0.00    0.00    0.00    0.00   68.02
15:15:41     all   29.88    0.00    3.62    0.00    0.00    0.00    0.00    0.00    0.00   66.50
15:15:42     all   23.28    0.00    3.48    0.00    0.00    0.01    0.00    0.00    0.00   73.23
15:15:43     all   20.82    0.00    2.70    0.00    0.00    0.00    0.00    0.00    0.00   76.48
15:15:44     all   26.15    0.00    2.53    0.00    0.00    0.01    0.00    0.00    0.00   71.30
15:15:45     all   26.46    0.00    2.23    0.00    0.00    0.00    0.00    0.00    0.00   71.32
15:15:46     all   16.97    0.00    1.59    0.00    0.00    0.00    0.00    0.00    0.00   81.45
15:15:47     all   20.82    0.00    1.24    0.00    0.00    0.00    0.00    0.00    0.00   77.94
15:15:48     all   20.52    0.00    1.02    0.00    0.00    0.00    0.00    0.00    0.00   78.46
15:15:49     all   17.07    0.00    0.99    0.00    0.00    0.00    0.00    0.00    0.00   81.94
15:15:50     all   17.21    0.00    0.93    0.00    0.00    0.00    0.00    0.00    0.00   81.86
15:15:51     all   18.51    0.00    1.17    0.00    0.00    0.00    0.00    0.00    0.00   80.32
15:15:52     all   13.83    0.00    1.32    0.00    0.00    0.00    0.00    0.00    0.00   84.85
15:15:53     all   12.57    0.00    0.99    0.00    0.00    0.00    0.00    0.00    0.00   86.44
15:15:54     all   16.84    0.00    1.35    0.00    0.00    0.00    0.00    0.00    0.00   81.81
15:15:55     all    6.58    0.00    1.59    0.00    0.00    0.00    0.00    0.00    0.00   91.83
15:15:56     all    6.86    0.00    1.17    0.00    0.00    0.00    0.00    0.00    0.00   91.97
15:15:57     all    2.21    0.00    0.72    0.00    0.00    0.00    0.00    0.00    0.00   97.07
15:15:58     all    7.69    0.00    0.95    0.00    0.00    0.00    0.00    0.00    0.00   91.37
15:15:59     all    2.27    0.00    0.88    0.00    0.00    0.00    0.00    0.00    0.00   96.86
15:16:00     all    2.65    0.00    0.64    0.00    0.00    0.00    0.00    0.00    0.00   96.71
15:16:01     all    2.80    0.00    0.57    0.00    0.00    0.00    0.00    0.00    0.00   96.63
15:16:02     all    2.85    0.00    0.26    0.00    0.00    0.01    0.00    0.00    0.00   96.87
15:16:03     all    2.95    0.00    0.35    0.00    0.00    0.00    0.00    0.00    0.00   96.71
15:16:04     all    3.24    0.00    0.46    0.00    0.00    0.00    0.00    0.00    0.00   96.30
15:16:05     all    2.81    0.00    0.28    0.00    0.00    0.00    0.00    0.00    0.00   96.92
15:16:06     all    3.46    0.00    0.46    0.00    0.00    0.00    0.00    0.00    0.00   96.08
15:16:07     all    3.06    0.00    0.38    0.00    0.00    0.00    0.00    0.00    0.00   96.57
15:16:08     all    2.75    0.00    0.38    0.00    0.00    0.00    0.00    0.00    0.00   96.87
15:16:09     all    2.92    0.00    0.31    0.00    0.00    0.00    0.00    0.00    0.00   96.77
15:16:10     all    2.89    0.00    0.31    0.00    0.00    0.00    0.00    0.00    0.00   96.81
15:16:11     all    2.79    0.00    0.39    0.00    0.00    0.00    0.00    0.00    0.00   96.82
15:16:12     all    2.89    0.00    0.40    0.00    0.00    0.00    0.00    0.00    0.00   96.71
15:16:13     all    2.91    0.00    0.35    0.00    0.00    0.00    0.00    0.00    0.00   96.75
15:16:14     all    2.69    0.00    0.28    0.00    0.00    0.00    0.00    0.00    0.00   97.03
15:16:15     all    2.99    0.00    0.29    0.00    0.00    0.00    0.00    0.00    0.00   96.72
15:16:16     all    2.89    0.00    0.51    0.00    0.00    0.00    0.00    0.00    0.00   96.60
15:16:17     all    2.61    0.00    0.42    0.00    0.00    0.00    0.00    0.00    0.00   96.97
15:16:18     all    2.97    0.00    0.36    0.00    0.00    0.00    0.00    0.00    0.00   96.67
15:16:19     all    2.90    0.00    0.26    0.00    0.00    0.00    0.00    0.00    0.00   96.83
15:16:20     all    2.61    0.00    0.35    0.00    0.00    0.00    0.00    0.00    0.00   97.04
15:16:21     all    7.48    0.00    1.32    0.00    0.00    0.00    0.00    0.00    0.00   91.20
15:16:22     all   19.61    0.00    2.41    0.00    0.00    0.00    0.00    0.00    0.00   77.99
15:16:23     all   25.19    0.00    2.49    0.00    0.00    0.03    0.00    0.00    0.00   72.29
15:16:24     all   16.48    0.00    1.64    0.00    0.00    0.00    0.00    0.00    0.00   81.88
15:16:25     all   29.67    0.00    5.71    0.00    0.00    0.00    0.00    0.00    0.00   64.62
15:16:26     all   30.03    0.00    4.34    0.00    0.00    0.00    0.00    0.00    0.00   65.62
15:16:27     all   21.95    0.00    3.00    0.00    0.00    0.00    0.00    0.00    0.00   75.05
15:16:28     all   22.88    0.00    3.73    0.00    0.00    0.00    0.00    0.00    0.00   73.39
15:16:29     all   30.46    0.00    2.70    0.00    0.00    0.01    0.00    0.00    0.00   66.82
15:16:30     all   20.20    0.00    2.26    0.00    0.00    0.00    0.00    0.00    0.00   77.54
15:16:31     all   18.81    0.01    1.88    0.00    0.00    0.00    0.00    0.00    0.00   79.30
15:16:32     all   21.72    0.00    1.63    0.00    0.00    0.00    0.00    0.00    0.00   76.66
15:16:33     all   18.82    0.00    1.56    0.00    0.00    0.00    0.00    0.00    0.00   79.62
15:16:34     all   22.82    0.00    2.21    0.00    0.00    0.00    0.00    0.00    0.00   74.97
15:16:35     all   31.46    0.00    2.35    0.00    0.00    0.00    0.00    0.00    0.00   66.18
15:16:36     all   33.78    0.00    2.45    0.00    0.00    0.01    0.00    0.00    0.00   63.76
15:16:37     all   25.14    0.00    1.74    0.00    0.00    0.00    0.00    0.00    0.00   73.12
15:16:38     all   25.02    0.00    2.17    0.00    0.00    0.00    0.00    0.00    0.00   72.81
15:16:39     all   31.28    0.00    4.80    0.00    0.00    0.03    0.00    0.00    0.00   63.89
15:16:40     all   26.40    0.00    2.60    0.00    0.00    0.00    0.00    0.00    0.00   71.00
15:16:41     all   34.75    0.00    4.85    0.00    0.00    0.00    0.00    0.00    0.00   60.40
15:16:42     all   30.19    0.00    3.42    0.00    0.00    0.00    0.00    0.00    0.00   66.38
15:16:43     all   28.33    0.03    3.08    0.00    0.00    0.00    0.00    0.00    0.00   68.56
15:16:44     all   34.53    0.00    3.44    0.00    0.00    0.01    0.00    0.00    0.00   62.01
15:16:45     all   32.19    0.00    3.72    0.00    0.00    0.00    0.00    0.00    0.00   64.09
15:16:46     all   33.47    0.00    4.99    0.00    0.00    0.01    0.00    0.00    0.00   61.52
15:16:47     all   21.67    0.00    2.59    0.01    0.00    0.00    0.00    0.00    0.00   75.73
15:16:48     all   32.59    0.00    5.56    0.00    0.00    0.03    0.00    0.00    0.00   61.83
15:16:49     all   18.56    0.00    2.51    0.00    0.00    0.00    0.00    0.00    0.00   78.94
15:16:50     all   36.75    0.00    4.71    0.00    0.00    0.00    0.00    0.00    0.00   58.54
15:16:51     all   21.03    0.00    2.67    0.00    0.00    0.00    0.00    0.00    0.00   76.30
15:16:52     all   31.63    0.00    4.38    0.00    0.00    0.00    0.00    0.00    0.00   63.99
15:16:53     all   30.54    0.00    3.36    0.00    0.00    0.01    0.00    0.00    0.00   66.09
15:16:54     all   38.45    0.00    4.71    0.00    0.00    0.00    0.00    0.00    0.00   56.84
15:16:55     all   21.39    0.00    2.98    0.00    0.00    0.00    0.00    0.00    0.00   75.63
15:16:56     all   26.71    0.00    3.70    0.00    0.00    0.00    0.00    0.00    0.00   69.59
15:16:57     all   35.47    0.00    5.34    0.00    0.00    0.00    0.00    0.00    0.00   59.19
15:16:58     all   18.39    0.00    1.67    0.01    0.00    0.00    0.00    0.00    0.00   79.92
15:16:59     all   21.06    0.00    2.19    0.00    0.00    0.00    0.00    0.00    0.00   76.76
15:17:00     all   37.40    0.00    4.84    0.00    0.00    0.00    0.00    0.00    0.00   57.76
15:17:01     all   36.91    0.00    8.07    0.00    0.00    0.00    0.00    0.00    0.00   55.02
15:17:02     all   40.02    0.00    7.12    0.00    0.00    0.00    0.00    0.00    0.00   52.86
15:17:03     all   16.21    0.00    3.18    0.00    0.00    0.01    0.00    0.00    0.00   80.59
15:17:04     all   14.32    0.00    3.43    0.00    0.00    0.00    0.00    0.00    0.00   82.26
15:17:05     all   42.67    0.00    7.98    0.00    0.00    0.00    0.00    0.00    0.00   49.35
15:17:06     all   38.06    0.00   12.33    0.00    0.00    0.00    0.00    0.00    0.00   49.60
15:17:07     all   28.69    0.00    8.48    0.00    0.00    0.00    0.00    0.00    0.00   62.83
15:17:08     all   35.81    0.00    8.76    0.00    0.00    0.01    0.00    0.00    0.00   55.42
15:17:09     all   39.23    0.00   11.26    0.00    0.00    0.00    0.00    0.00    0.00   49.51
15:17:10     all   39.98    0.00   10.35    0.00    0.00    0.00    0.00    0.00    0.00   49.67
15:17:11     all   39.94    0.00   10.59    0.00    0.00    0.01    0.00    0.00    0.00   49.46
15:17:12     all   23.52    0.00    5.76    0.00    0.00    0.00    0.00    0.00    0.00   70.72
15:17:13     all   22.59    0.00    6.25    0.01    0.00    0.00    0.00    0.00    0.00   71.14
15:17:14     all   20.97    0.00    5.01    0.00    0.00    0.00    0.00    0.00    0.00   74.02
15:17:15     all   41.48    0.00    9.13    0.00    0.00    0.00    0.00    0.00    0.00   49.39
15:17:16     all   41.52    0.00    9.24    0.00    0.00    0.01    0.00    0.00    0.00   49.22
15:17:17     all   41.53    0.00    9.86    0.00    0.00    0.01    0.00    0.00    0.00   48.60
15:17:18     all   39.34    0.00   11.33    0.00    0.00    0.00    0.00    0.00    0.00   49.33
15:17:19     all   38.38    0.00   12.32    0.00    0.00    0.00    0.00    0.00    0.00   49.30
15:17:20     all   38.58    0.00   11.57    0.00    0.00    0.00    0.00    0.00    0.00   49.85
15:17:21     all   33.12    0.00    9.96    0.00    0.00    0.00    0.00    0.00    0.00   56.91
15:17:22     all   30.79    0.00    9.75    0.00    0.00    0.01    0.00    0.00    0.00   59.45
15:17:23     all   37.49    0.00   10.74    0.00    0.00    0.00    0.00    0.00    0.00   51.77
15:17:24     all   39.73    0.00   10.73    0.00    0.00    0.00    0.00    0.00    0.00   49.54
15:17:25     all   40.80    0.00   10.08    0.00    0.00    0.01    0.00    0.00    0.00   49.11
15:17:26     all   39.82    0.00   11.48    0.00    0.00    0.01    0.00    0.00    0.00   48.68
15:17:27     all   38.81    0.00   12.70    0.00    0.00    0.00    0.00    0.00    0.00   48.49
15:17:28     all   33.46    0.00   10.09    0.00    0.00    0.01    0.00    0.00    0.00   56.44
15:17:29     all   29.58    0.00   11.16    0.00    0.00    0.00    0.00    0.00    0.00   59.26
15:17:30     all   39.23    0.00   10.43    0.00    0.00    0.01    0.00    0.00    0.00   50.33
15:17:31     all   38.80    0.00   12.03    0.00    0.00    0.00    0.00    0.00    0.00   49.17
15:17:32     all   37.29    0.06   12.12    0.00    0.00    0.01    0.00    0.00    0.00   50.52
15:17:33     all   23.39    0.00    7.87    0.00    0.00    0.00    0.00    0.00    0.00   68.74
15:17:34     all   22.69    0.00    6.28    0.00    0.00    0.00    0.00    0.00    0.00   71.02
15:17:35     all   19.22    0.00    5.92    0.00    0.00    0.01    0.00    0.00    0.00   74.85
15:17:36     all   32.42    0.00    9.32    0.00    0.00    0.00    0.00    0.00    0.00   58.27
15:17:37     all   42.01    0.00    9.96    0.00    0.00    0.01    0.00    0.00    0.00   48.02
15:17:38     all   39.11    0.00   11.53    0.00    0.00    0.00    0.00    0.00    0.00   49.36
15:17:39     all   25.83    0.00    7.81    0.00    0.00    0.00    0.00    0.00    0.00   66.37
15:17:40     all   23.99    0.00    7.37    0.00    0.00    0.00    0.00    0.00    0.00   68.64
15:17:41     all   20.28    0.00    5.85    0.00    0.00    0.00    0.00    0.00    0.00   73.87
15:17:42     all   38.29    0.00   11.50    0.00    0.00    0.01    0.00    0.00    0.00   50.19
15:17:43     all   39.42    0.00   11.10    0.00    0.00    0.00    0.00    0.00    0.00   49.48
15:17:44     all   32.33    0.00    8.84    0.00    0.00    0.00    0.00    0.00    0.00   58.83
15:17:45     all   21.25    0.00    5.96    0.00    0.00    0.00    0.00    0.00    0.00   72.79
15:17:46     all   20.43    0.00    5.68    0.00    0.00    0.00    0.00    0.00    0.00   73.89
15:17:47     all   36.13    0.00   10.98    0.00    0.00    0.01    0.00    0.00    0.00   52.87
15:17:48     all   39.25    0.00   11.70    0.00    0.00    0.01    0.00    0.00    0.00   49.04
15:17:49     all   29.36    0.00    8.94    0.00    0.00    0.01    0.00    0.00    0.00   61.68
15:17:50     all   38.49    0.00    9.65    0.00    0.00    0.00    0.00    0.00    0.00   51.86
15:17:51     all   38.81    0.00   11.67    0.00    0.00    0.00    0.00    0.00    0.00   49.51
15:17:52     all   32.22    0.00    8.13    0.03    0.00    0.00    0.00    0.00    0.00   59.62
15:17:53     all   39.68    0.00   10.19    0.00    0.00    0.00    0.00    0.00    0.00   50.13
15:17:54     all   38.14    0.00   12.54    0.00    0.00    0.00    0.00    0.00    0.00   49.33
15:17:55     all   36.41    0.00   13.36    0.00    0.00    0.00    0.00    0.00    0.00   50.23
15:17:56     all   34.64    0.00   11.34    0.00    0.00    0.01    0.00    0.00    0.00   54.00
15:17:57     all   39.79    0.00   11.08    0.00    0.00    0.01    0.00    0.00    0.00   49.12
15:17:58     all   36.17    0.00   12.21    0.00    0.00    0.01    0.00    0.00    0.00   51.61
15:17:59     all   32.71    0.00   12.73    0.00    0.00    0.00    0.00    0.00    0.00   54.56
15:18:00     all   39.56    0.01   11.23    0.00    0.00    0.00    0.00    0.00    0.00   49.20
15:18:01     all   34.32    0.00   14.10    0.00    0.00    0.00    0.00    0.00    0.00   51.58
15:18:02     all   33.49    0.00   12.80    0.00    0.00    0.00    0.00    0.00    0.00   53.71
15:18:03     all   34.83    0.00   12.56    0.00    0.00    0.00    0.00    0.00    0.00   52.61
15:18:04     all   36.68    0.00   13.77    0.00    0.00    0.00    0.00    0.00    0.00   49.55
15:18:05     all   33.52    0.00   15.43    0.00    0.00    0.00    0.00    0.00    0.00   51.05
15:18:06     all   36.63    0.00   14.17    0.00    0.00    0.03    0.00    0.00    0.00   49.17
15:18:07     all   35.73    0.00   14.69    0.00    0.00    0.00    0.00    0.00    0.00   49.58
15:18:08     all   34.72    0.01   15.53    0.00    0.00    0.00    0.00    0.00    0.00   49.74
15:18:09     all   35.63    0.00   12.66    0.00    0.00    0.00    0.00    0.00    0.00   51.71
15:18:10     all   35.82    0.00   14.81    0.00    0.00    0.00    0.00    0.00    0.00   49.37
15:18:11     all   32.20    0.00   14.40    0.00    0.00    0.00    0.00    0.00    0.00   53.40
15:18:12     all   28.01    0.00   12.56    0.01    0.00    0.01    0.00    0.00    0.00   59.40
15:18:13     all   22.86    0.00    8.08    0.00    0.00    0.00    0.00    0.00    0.00   69.06
15:18:14     all   29.48    0.00   13.09    0.00    0.00    0.00    0.00    0.00    0.00   57.43
15:18:15     all   36.84    0.00   13.21    0.00    0.00    0.00    0.00    0.00    0.00   49.95
15:18:16     all   36.92    0.00   13.80    0.00    0.00    0.00    0.00    0.00    0.00   49.28
15:18:17     all   36.87    0.00   13.65    0.00    0.00    0.03    0.00    0.00    0.00   49.45
15:18:18     all   33.89    0.00   15.34    0.00    0.00    0.00    0.00    0.00    0.00   50.77
15:18:19     all   25.68    0.00   14.62    0.00    0.00    0.00    0.00    0.00    0.00   59.70
15:18:20     all   27.56    0.01   12.93    0.00    0.00    0.00    0.00    0.00    0.00   59.49
15:18:21     all   36.34    0.00   14.41    0.00    0.00    0.00    0.00    0.00    0.00   49.26
15:18:22     all   35.41    0.00   15.72    0.00    0.00    0.01    0.00    0.00    0.00   48.86
15:18:23     all   32.78    0.00   17.50    0.00    0.00    0.00    0.00    0.00    0.00   49.72
15:18:24     all   33.24    0.00   16.87    0.00    0.00    0.00    0.00    0.00    0.00   49.89
15:18:25     all   33.17    0.00   17.00    0.00    0.00    0.00    0.00    0.00    0.00   49.83
15:18:26     all   31.59    0.00   16.73    0.00    0.00    0.00    0.00    0.00    0.00   51.68
15:18:27     all   31.24    0.00   16.76    0.00    0.00    0.01    0.00    0.00    0.00   51.99
15:18:28     all   32.88    0.00   16.11    0.00    0.00    0.01    0.00    0.00    0.00   50.99
15:18:29     all   31.78    0.00   16.04    0.00    0.00    0.00    0.00    0.00    0.00   52.18
15:18:30     all   35.08    0.00   16.57    0.01    0.00    0.00    0.00    0.00    0.00   48.34
15:18:31     all   34.02    0.00   16.54    0.00    0.00    0.01    0.00    0.00    0.00   49.42
15:18:32     all   32.95    0.01   16.89    0.00    0.00    0.00    0.00    0.00    0.00   50.15
15:18:33     all   33.74    0.00   16.17    0.00    0.00    0.01    0.00    0.00    0.00   50.08
15:18:34     all   34.01    0.00   16.49    0.00    0.00    0.00    0.00    0.00    0.00   49.49
15:18:35     all   32.97    0.00   17.61    0.00    0.00    0.01    0.00    0.00    0.00   49.40
15:18:36     all   32.40    0.00   18.43    0.00    0.00    0.00    0.00    0.00    0.00   49.17
15:18:37     all   31.85    0.00   18.37    0.00    0.00    0.00    0.00    0.00    0.00   49.78
15:18:38     all   31.43    0.00   19.05    0.00    0.00    0.00    0.00    0.00    0.00   49.52
15:18:39     all   32.38    0.00   18.22    0.00    0.00    0.00    0.00    0.00    0.00   49.40
15:18:40     all   32.06    0.00   18.22    0.00    0.00    0.00    0.00    0.00    0.00   49.72
15:18:41     all   32.20    0.00   18.63    0.00    0.00    0.01    0.00    0.00    0.00   49.15
15:18:42     all   30.88    0.00   19.85    0.00    0.00    0.00    0.00    0.00    0.00   49.27
15:18:43     all   29.24    0.00   21.08    0.00    0.00    0.00    0.00    0.00    0.00   49.68
15:18:44     all   30.34    0.00   20.89    0.00    0.00    0.00    0.00    0.00    0.00   48.77
15:18:45     all   30.39    0.00   20.83    0.00    0.00    0.01    0.00    0.00    0.00   48.76
15:18:46     all   31.17    0.00   19.23    0.00    0.00    0.01    0.00    0.00    0.00   49.59
15:18:47     all   31.07    0.00   19.36    0.00    0.00    0.00    0.00    0.00    0.00   49.57
15:18:48     all   31.94    0.00   18.26    0.00    0.00    0.00    0.00    0.00    0.00   49.81
15:18:49     all   31.27    0.00   18.67    0.00    0.00    0.00    0.00    0.00    0.00   50.06
15:18:50     all   30.89    0.00   19.64    0.00    0.00    0.01    0.00    0.00    0.00   49.45
15:18:51     all   31.69    0.00   20.35    0.00    0.00    0.00    0.00    0.00    0.00   47.96
15:18:52     all   29.92    0.00   20.92    0.00    0.00    0.00    0.00    0.00    0.00   49.15
15:18:53     all   28.68    0.00   22.25    0.00    0.00    0.01    0.00    0.00    0.00   49.06
15:18:54     all   29.07    0.00   21.07    0.00    0.00    0.00    0.00    0.00    0.00   49.86
15:18:55     all   29.87    0.00   20.14    0.00    0.00    0.00    0.00    0.00    0.00   49.99
15:18:56     all   30.58    0.00   19.96    0.00    0.00    0.01    0.00    0.00    0.00   49.44
15:18:57     all   30.40    0.00   19.76    0.00    0.00    0.00    0.00    0.00    0.00   49.85
15:18:58     all   28.93    0.00   21.72    0.00    0.00    0.01    0.00    0.00    0.00   49.34
15:18:59     all   30.20    0.00   20.28    0.00    0.00    0.00    0.00    0.00    0.00   49.51
15:19:00     all   30.09    0.00   20.13    0.00    0.00    0.01    0.00    0.00    0.00   49.77
15:19:01     all   30.11    0.00   20.52    0.01    0.00    0.00    0.00    0.00    0.00   49.35
15:19:02     all   31.52    0.00   19.05    0.00    0.00    0.00    0.00    0.00    0.00   49.43
15:19:03     all   31.81    0.00   18.66    0.00    0.00    0.00    0.00    0.00    0.00   49.53
15:19:04     all   31.82    0.00   18.50    0.00    0.00    0.01    0.00    0.00    0.00   49.67
15:19:05     all   29.87    0.00   20.14    0.00    0.00    0.01    0.00    0.00    0.00   49.98
15:19:06     all   29.36    0.01   20.67    0.00    0.00    0.00    0.00    0.00    0.00   49.95
15:19:07     all   34.88    0.00   16.99    0.00    0.00    0.01    0.00    0.00    0.00   48.12
15:19:08     all   34.82    0.00   16.46    0.00    0.00    0.00    0.00    0.00    0.00   48.71
15:19:09     all   37.85    0.00   13.38    0.00    0.00    0.01    0.00    0.00    0.00   48.76
15:19:10     all   38.12    0.00   13.71    0.00    0.00    0.01    0.00    0.00    0.00   48.16
15:19:11     all   36.29    0.00   14.47    0.00    0.00    0.00    0.00    0.00    0.00   49.24
15:19:12     all   31.44    0.00   19.00    0.00    0.00    0.00    0.00    0.00    0.00   49.56
15:19:13     all   37.42    0.00   13.21    0.00    0.00    0.00    0.00    0.00    0.00   49.37
15:19:14     all   37.51    0.00   12.84    0.00    0.00    0.01    0.00    0.00    0.00   49.64
15:19:15     all   38.66    0.00   11.89    0.00    0.00    0.00    0.00    0.00    0.00   49.44
15:19:16     all   36.86    0.00   13.60    0.00    0.00    0.00    0.00    0.00    0.00   49.55
15:19:17     all   35.35    0.00   15.19    0.00    0.00    0.00    0.00    0.00    0.00   49.46
15:19:18     all   32.06    0.00   18.58    0.00    0.00    0.00    0.00    0.00    0.00   49.35
15:19:19     all   32.08    0.00   18.17    0.00    0.00    0.00    0.00    0.00    0.00   49.75
15:19:20     all   37.58    0.00   12.46    0.00    0.00    0.00    0.00    0.00    0.00   49.96
15:19:21     all   37.65    0.00   13.32    0.00    0.00    0.01    0.00    0.00    0.00   49.01
15:19:22     all   37.68    0.00   13.01    0.00    0.00    0.00    0.00    0.00    0.00   49.31
15:19:23     all   39.13    0.00   11.89    0.00    0.00    0.01    0.00    0.00    0.00   48.96
15:19:24     all   37.23    0.00   13.46    0.00    0.00    0.00    0.00    0.00    0.00   49.31
15:19:25     all   35.78    0.00   14.84    0.00    0.00    0.00    0.00    0.00    0.00   49.38
15:19:26     all   36.60    0.00   14.00    0.00    0.00    0.03    0.00    0.00    0.00   49.37
15:19:27     all   37.93    0.00   12.66    0.00    0.00    0.00    0.00    0.00    0.00   49.42
15:19:28     all   37.61    0.00   13.10    0.00    0.00    0.00    0.00    0.00    0.00   49.28
15:19:29     all   35.64    0.00   14.94    0.00    0.00    0.03    0.00    0.00    0.00   49.39
15:19:30     all   38.62    0.00   12.63    0.00    0.00    0.01    0.00    0.00    0.00   48.73
15:19:31     all   36.08    0.00   15.27    0.00    0.00    0.00    0.00    0.00    0.00   48.65
15:19:32     all   35.88    0.01   15.09    0.00    0.00    0.03    0.00    0.00    0.00   48.99
15:19:33     all   34.67    0.00   17.06    0.00    0.00    0.00    0.00    0.00    0.00   48.27
15:19:34     all   35.57    0.00   14.65    0.00    0.00    0.00    0.00    0.00    0.00   49.78
15:19:35     all   33.21    0.00   16.94    0.00    0.00    0.01    0.00    0.00    0.00   49.83
15:19:36     all   33.66    0.00   16.34    0.00    0.00    0.00    0.00    0.00    0.00   50.00
15:19:37     all   34.34    0.00   16.05    0.00    0.00    0.00    0.00    0.00    0.00   49.60
15:19:38     all   37.37    0.00   13.41    0.00    0.00    0.01    0.00    0.00    0.00   49.21
15:19:39     all   37.32    0.00   12.84    0.00    0.00    0.00    0.00    0.00    0.00   49.84
15:19:40     all   36.28    0.00   14.47    0.00    0.00    0.00    0.00    0.00    0.00   49.25
15:19:41     all   36.01    0.00   14.67    0.00    0.00    0.00    0.00    0.00    0.00   49.32
15:19:42     all   35.39    0.00   14.98    0.00    0.00    0.01    0.00    0.00    0.00   49.61
15:19:43     all   37.81    0.00   13.70    0.00    0.00    0.01    0.00    0.00    0.00   48.48
15:19:44     all   34.04    0.00   16.42    0.00    0.00    0.01    0.00    0.00    0.00   49.52
15:19:45     all   35.12    0.00   15.37    0.00    0.00    0.00    0.00    0.00    0.00   49.51
15:19:46     all   35.15    0.00   15.54    0.00    0.00    0.00    0.00    0.00    0.00   49.31
15:19:47     all   35.44    0.00   14.92    0.00    0.00    0.00    0.00    0.00    0.00   49.64
15:19:48     all   36.23    0.00   15.26    0.00    0.00    0.01    0.00    0.00    0.00   48.50
15:19:49     all   34.53    0.00   16.06    0.00    0.00    0.00    0.00    0.00    0.00   49.42
15:19:50     all   36.26    0.00   14.14    0.00    0.00    0.01    0.00    0.00    0.00   49.59
15:19:51     all   34.80    0.00   16.18    0.00    0.00    0.00    0.00    0.00    0.00   49.02
15:19:52     all   37.04    0.00   15.19    0.00    0.00    0.00    0.00    0.00    0.00   47.77
15:19:53     all   35.30    0.01   16.28    0.00    0.00    0.04    0.00    0.00    0.00   48.37
15:19:54     all   38.23    0.00   15.49    0.00    0.00    0.00    0.00    0.00    0.00   46.28
15:19:55     all   37.37    0.00   14.03    0.00    0.00    0.00    0.00    0.00    0.00   48.60
15:19:56     all   38.26    0.00   12.65    0.00    0.00    0.01    0.00    0.00    0.00   49.07
15:19:57     all   36.49    0.00   14.71    0.00    0.00    0.00    0.00    0.00    0.00   48.80
15:19:58     all   35.81    0.00   14.73    0.00    0.00    0.00    0.00    0.00    0.00   49.46
15:19:59     all   36.07    0.00   14.81    0.00    0.00    0.00    0.00    0.00    0.00   49.12
15:20:00     all   35.13    0.01   15.53    0.00    0.00    0.00    0.00    0.00    0.00   49.33
15:20:01     all   34.72    0.00   16.04    0.00    0.00    0.00    0.00    0.00    0.00   49.24
15:20:02     all   37.23    0.00   16.75    0.00    0.00    0.01    0.00    0.00    0.00   46.00
15:20:03     all   35.45    0.00   16.72    0.00    0.00    0.00    0.00    0.00    0.00   47.83
15:20:04     all   37.28    0.00   15.25    0.00    0.00    0.00    0.00    0.00    0.00   47.47
15:20:05     all   35.12    0.00   15.66    0.00    0.00    0.00    0.00    0.00    0.00   49.22
15:20:06     all   34.24    0.00   16.65    0.00    0.00    0.00    0.00    0.00    0.00   49.11
15:20:07     all   33.59    0.00   16.84    0.00    0.00    0.00    0.00    0.00    0.00   49.57
15:20:08     all   36.18    0.00   14.45    0.00    0.00    0.01    0.00    0.00    0.00   49.36
15:20:09     all   35.20    0.00   15.70    0.00    0.00    0.00    0.00    0.00    0.00   49.10
15:20:10     all   35.46    0.01   15.02    0.00    0.00    0.00    0.00    0.00    0.00   49.51
15:20:11     all   34.79    0.00   16.05    0.01    0.00    0.00    0.00    0.00    0.00   49.15
15:20:12     all   35.03    0.00   15.52    0.00    0.00    0.00    0.00    0.00    0.00   49.44
15:20:13     all   34.36    0.00   16.23    0.01    0.00    0.01    0.00    0.00    0.00   49.38
15:20:14     all   32.55    0.01   18.35    0.00    0.00    0.01    0.00    0.00    0.00   49.07
15:20:15     all   32.75    0.00   17.79    0.00    0.00    0.00    0.00    0.00    0.00   49.46
15:20:16     all   34.33    0.00   16.71    0.00    0.00    0.00    0.00    0.00    0.00   48.96
15:20:17     all   35.76    0.00   16.56    0.00    0.00    0.01    0.00    0.00    0.00   47.66
15:20:18     all   32.92    0.00   18.07    0.00    0.00    0.00    0.00    0.00    0.00   49.02
15:20:19     all   34.88    0.00   15.85    0.00    0.00    0.00    0.00    0.00    0.00   49.28
15:20:20     all   32.33    0.00   18.65    0.00    0.00    0.00    0.00    0.00    0.00   49.02
15:20:21     all   31.41    0.00   18.78    0.00    0.00    0.00    0.00    0.00    0.00   49.81
15:20:22     all   32.55    0.00   18.20    0.00    0.00    0.03    0.00    0.00    0.00   49.22
15:20:23     all   31.63    0.00   19.00    0.00    0.00    0.00    0.00    0.00    0.00   49.37
15:20:24     all   32.71    0.00   17.73    0.00    0.00    0.00    0.00    0.00    0.00   49.56
15:20:25     all   32.51    0.00   18.49    0.00    0.00    0.03    0.00    0.00    0.00   48.97
15:20:26     all   33.34    0.00   17.17    0.00    0.00    0.00    0.00    0.00    0.00   49.49
15:20:27     all   31.71    0.00   18.96    0.00    0.00    0.00    0.00    0.00    0.00   49.33
15:20:28     all   34.68    0.00   16.62    0.00    0.00    0.01    0.00    0.00    0.00   48.68
15:20:29     all   34.50    0.00   16.22    0.00    0.00    0.00    0.00    0.00    0.00   49.28
15:20:30     all   33.16    0.00   17.78    0.00    0.00    0.00    0.00    0.00    0.00   49.05
15:20:31     all   33.41    0.00   17.43    0.00    0.00    0.00    0.00    0.00    0.00   49.16
15:20:32     all   34.02    0.00   16.33    0.00    0.00    0.00    0.00    0.00    0.00   49.65
15:20:33     all   34.34    0.00   16.39    0.00    0.00    0.01    0.00    0.00    0.00   49.26
15:20:34     all   34.00    0.00   16.67    0.00    0.00    0.00    0.00    0.00    0.00   49.33
15:20:35     all   34.40    0.00   16.44    0.00    0.00    0.00    0.00    0.00    0.00   49.15
15:20:36     all   36.24    0.00   15.89    0.00    0.00    0.01    0.00    0.00    0.00   47.85
15:20:37     all   35.31    0.00   15.52    0.00    0.00    0.00    0.00    0.00    0.00   49.17
15:20:38     all   34.33    0.00   16.13    0.00    0.00    0.03    0.00    0.00    0.00   49.51
15:20:39     all   34.89    0.00   15.95    0.00    0.00    0.01    0.00    0.00    0.00   49.14
15:20:40     all   35.76    0.00   16.25    0.00    0.00    0.00    0.00    0.00    0.00   47.99
15:20:41     all   35.82    0.00   15.74    0.00    0.00    0.00    0.00    0.00    0.00   48.43
15:20:42     all   34.45    0.00   16.50    0.00    0.00    0.01    0.00    0.00    0.00   49.03
15:20:43     all   35.39    0.00   16.38    0.00    0.00    0.00    0.00    0.00    0.00   48.23
15:20:44     all   34.71    0.00   16.74    0.00    0.00    0.00    0.00    0.00    0.00   48.55
15:20:45     all   33.45    0.00   17.29    0.00    0.00    0.01    0.00    0.00    0.00   49.24
15:20:46     all   34.02    0.00   16.86    0.00    0.00    0.00    0.00    0.00    0.00   49.12
15:20:47     all   33.46    0.00   17.17    0.00    0.00    0.00    0.00    0.00    0.00   49.37
15:20:48     all   33.94    0.00   16.81    0.00    0.00    0.01    0.00    0.00    0.00   49.24
15:20:49     all   34.58    0.00   15.86    0.00    0.00    0.00    0.00    0.00    0.00   49.56
15:20:50     all   34.84    0.00   15.90    0.00    0.00    0.00    0.00    0.00    0.00   49.26
15:20:51     all   34.49    0.00   16.32    0.00    0.00    0.00    0.00    0.00    0.00   49.19
15:20:52     all   36.45    0.00   14.48    0.00    0.00    0.01    0.00    0.00    0.00   49.06
15:20:53     all   34.71    0.00   16.07    0.00    0.00    0.00    0.00    0.00    0.00   49.22
15:20:54     all   34.80    0.00   15.65    0.00    0.00    0.00    0.00    0.00    0.00   49.55
15:20:55     all   34.27    0.00   16.59    0.00    0.00    0.00    0.00    0.00    0.00   49.15
15:20:56     all   35.34    0.00   15.86    0.00    0.00    0.01    0.00    0.00    0.00   48.78
15:20:57     all   34.85    0.00   16.65    0.00    0.00    0.00    0.00    0.00    0.00   48.51
15:20:58     all   32.57    0.00   19.12    0.00    0.00    0.01    0.00    0.00    0.00   48.30
15:20:59     all   33.70    0.00   17.01    0.00    0.00    0.00    0.00    0.00    0.00   49.29
15:21:00     all   33.34    0.00   17.78    0.00    0.00    0.00    0.00    0.00    0.00   48.88
15:21:01     all   35.43    0.00   16.72    0.00    0.00    0.01    0.00    0.00    0.00   47.84
15:21:02     all   35.66    0.00   17.91    0.00    0.00    0.00    0.00    0.00    0.00   46.43
15:21:03     all   35.37    0.00   18.41    0.00    0.00    0.01    0.00    0.00    0.00   46.20
15:21:04     all   36.28    0.00   17.60    0.00    0.00    0.00    0.00    0.00    0.00   46.12
15:21:05     all   35.06    0.00   16.86    0.00    0.00    0.01    0.00    0.00    0.00   48.07
15:21:06     all   35.11    0.00   16.83    0.00    0.00    0.03    0.00    0.00    0.00   48.02
15:21:07     all   34.69    0.17   17.66    0.00    0.00    0.01    0.00    0.00    0.00   47.47
15:21:08     all   35.31    1.21   15.45    0.00    0.00    0.00    0.00    0.00    0.00   48.03
15:21:09     all   35.05    1.28   15.90    0.00    0.00    0.01    0.00    0.00    0.00   47.75
15:21:10     all   33.66    1.28   17.08    0.00    0.00    0.00    0.00    0.00    0.00   47.98
15:21:11     all   31.51    1.22   19.11    0.00    0.00    0.00    0.00    0.00    0.00   48.16
15:21:12     all   34.11    0.71   17.51    0.00    0.00    0.01    0.00    0.00    0.00   47.66
15:21:13     all   34.47    1.39   16.25    0.03    0.00    0.00    0.00    0.00    0.00   47.86
15:21:14     all   32.78    1.39   17.76    0.00    0.00    0.01    0.00    0.00    0.00   48.05
15:21:15     all   33.81    1.39   17.17    0.00    0.00    0.00    0.00    0.00    0.00   47.64
15:21:16     all   33.23    1.20   17.57    0.01    0.00    0.01    0.00    0.00    0.00   47.98
15:21:17     all   33.19    1.29   17.81    0.00    0.00    0.00    0.00    0.00    0.00   47.71
15:21:18     all   32.39    1.29   18.45    0.00    0.00    0.00    0.00    0.00    0.00   47.87
15:21:19     all   33.55    1.15   17.07    0.00    0.00    0.00    0.00    0.00    0.00   48.23
15:21:20     all   32.04    1.14   18.92    0.00    0.00    0.00    0.00    0.00    0.00   47.90
15:21:21     all   34.03    0.13   17.84    0.00    0.00    0.01    0.00    0.00    0.00   47.99
15:21:22     all   36.54    0.00   15.60    0.00    0.00    0.00    0.00    0.00    0.00   47.85
15:21:23     all   34.00    0.00   18.29    0.00    0.00    0.00    0.00    0.00    0.00   47.71
15:21:24     all   34.27    0.00   17.83    0.00    0.00    0.01    0.00    0.00    0.00   47.89
15:21:25     all   35.78    0.00   17.44    0.00    0.00    0.00    0.00    0.00    0.00   46.78
15:21:26     all   36.78    0.00   16.59    0.00    0.00    0.01    0.00    0.00    0.00   46.61
15:21:27     all   36.42    0.00   16.94    0.00    0.00    0.00    0.00    0.00    0.00   46.64
15:21:28     all   34.53    0.00   18.01    0.00    0.00    0.00    0.00    0.00    0.00   47.45
15:21:29     all   35.79    0.00   17.00    0.07    0.00    0.01    0.00    0.00    0.00   47.12
15:21:30     all   34.05    0.00   20.59    0.00    0.00    0.03    0.00    0.00    0.00   45.34
15:21:31     all   35.92    0.00   18.70    0.00    0.00    0.00    0.00    0.00    0.00   45.39
15:21:32     all   34.58    0.00   19.83    0.00    0.00    0.01    0.00    0.00    0.00   45.57
15:21:33     all   33.52    0.03   18.41    0.00    0.00    0.00    0.00    0.00    0.00   48.05
15:21:34     all   32.67    0.00   18.10    0.00    0.00    0.01    0.00    0.00    0.00   49.22
15:21:35     all   31.91    0.00   18.79    0.01    0.00    0.00    0.00    0.00    0.00   49.29
15:21:36     all   33.15    0.00   17.16    0.00    0.00    0.01    0.00    0.00    0.00   49.67
15:21:37     all   32.62    0.00   18.42    0.01    0.00    0.03    0.00    0.00    0.00   48.92
15:21:38     all   31.68    0.00   19.35    0.00    0.00    0.00    0.00    0.00    0.00   48.97
15:21:39     all   31.57    0.00   20.28    0.00    0.00    0.00    0.00    0.00    0.00   48.16
15:21:40     all   33.09    0.00   17.96    0.00    0.00    0.00    0.00    0.00    0.00   48.95
15:21:41     all   32.73    0.00   17.82    0.01    0.00    0.00    0.00    0.00    0.00   49.44
15:21:42     all   33.47    0.00   17.23    0.00    0.00    0.01    0.00    0.00    0.00   49.28
15:21:43     all   33.42    0.00   17.50    0.00    0.00    0.00    0.00    0.00    0.00   49.08
15:21:44     all   32.55    0.00   17.87    0.00    0.00    0.00    0.00    0.00    0.00   49.58
15:21:45     all   33.06    0.00   17.60    0.00    0.00    0.00    0.00    0.00    0.00   49.35
15:21:46     all   32.02    0.00   18.71    0.00    0.00    0.00    0.00    0.00    0.00   49.27
15:21:47     all   31.79    0.00   18.95    0.00    0.00    0.00    0.00    0.00    0.00   49.26
15:21:48     all   32.76    0.00   18.89    0.00    0.00    0.01    0.00    0.00    0.00   48.33
15:21:49     all   32.63    0.00   18.92    0.00    0.00    0.00    0.00    0.00    0.00   48.46
15:21:50     all   32.81    0.00   18.94    0.00    0.00    0.01    0.00    0.00    0.00   48.24
15:21:51     all   34.04    0.00   16.95    0.00    0.00    0.00    0.00    0.00    0.00   49.01
15:21:52     all   30.04    0.00   20.46    0.00    0.00    0.00    0.00    0.00    0.00   49.50
15:21:53     all   31.53    0.00   19.08    0.00    0.00    0.00    0.00    0.00    0.00   49.40
15:21:54     all   31.60    0.00   19.40    0.00    0.00    0.00    0.00    0.00    0.00   49.00
15:21:55     all   31.38    0.00   19.03    0.00    0.00    0.01    0.00    0.00    0.00   49.58
15:21:56     all   32.21    0.00   18.36    0.00    0.00    0.00    0.00    0.00    0.00   49.43
15:21:57     all   31.49    0.00   19.18    0.00    0.00    0.00    0.00    0.00    0.00   49.33
15:21:58     all   31.15    0.00   19.60    0.00    0.00    0.00    0.00    0.00    0.00   49.25
15:21:59     all   30.01    0.00   21.02    0.00    0.00    0.01    0.00    0.00    0.00   48.96
15:22:00     all   32.78    0.00   19.15    0.00    0.00    0.00    0.00    0.00    0.00   48.07
15:22:01     all   33.15    0.00   18.02    0.00    0.00    0.00    0.00    0.00    0.00   48.83
15:22:02     all   32.68    0.00   17.91    0.00    0.00    0.03    0.00    0.00    0.00   49.37
15:22:03     all   33.68    0.00   17.19    0.00    0.00    0.00    0.00    0.00    0.00   49.13
15:22:04     all   33.48    0.00   17.88    0.00    0.00    0.00    0.00    0.00    0.00   48.64
15:22:05     all   32.02    0.00   18.72    0.00    0.00    0.00    0.00    0.00    0.00   49.26
15:22:06     all   31.74    0.00   18.74    0.00    0.00    0.01    0.00    0.00    0.00   49.50
15:22:07     all   33.48    0.00   17.20    0.00    0.00    0.00    0.00    0.00    0.00   49.32
15:22:08     all   32.71    0.00   17.96    0.00    0.00    0.01    0.00    0.00    0.00   49.31
15:22:09     all   32.61    0.00   18.19    0.00    0.00    0.00    0.00    0.00    0.00   49.20
15:22:10     all   32.07    0.00   18.55    0.00    0.00    0.00    0.00    0.00    0.00   49.38
15:22:11     all   32.28    0.00   18.57    0.00    0.00    0.00    0.00    0.00    0.00   49.16
15:22:12     all   32.34    0.00   18.36    0.00    0.00    0.01    0.00    0.00    0.00   49.28
15:22:13     all   33.40    0.00   18.99    0.00    0.00    0.01    0.00    0.00    0.00   47.59
15:22:14     all   32.69    0.01   18.37    0.00    0.00    0.01    0.00    0.00    0.00   48.91
15:22:15     all   34.48    0.00   16.28    0.00    0.00    0.03    0.00    0.00    0.00   49.21
15:22:16     all   33.72    0.00   17.92    0.00    0.00    0.00    0.00    0.00    0.00   48.37
15:22:17     all   32.45    0.00   19.00    0.00    0.00    0.00    0.00    0.00    0.00   48.55
15:22:18     all   30.34    0.00   20.07    0.00    0.00    0.00    0.00    0.00    0.00   49.59
15:22:19     all   34.06    0.00   16.92    0.00    0.00    0.01    0.00    0.00    0.00   49.01
15:22:20     all   34.60    0.00   16.71    0.00    0.00    0.00    0.00    0.00    0.00   48.69
15:22:21     all   34.45    0.00   16.43    0.00    0.00    0.00    0.00    0.00    0.00   49.12
15:22:22     all   32.63    0.00   18.19    0.00    0.00    0.00    0.00    0.00    0.00   49.19
15:22:23     all   32.92    0.00   18.34    0.00    0.00    0.01    0.00    0.00    0.00   48.73
15:22:24     all   34.47    0.00   16.26    0.00    0.00    0.00    0.00    0.00    0.00   49.26
15:22:25     all   33.95    0.01   16.78    0.00    0.00    0.00    0.00    0.00    0.00   49.26
15:22:26     all   31.50    0.00   19.12    0.00    0.00    0.00    0.00    0.00    0.00   49.38
15:22:27     all   32.64    0.00   18.04    0.00    0.00    0.01    0.00    0.00    0.00   49.30
15:22:28     all   32.96    0.00   17.46    0.00    0.00    0.00    0.00    0.00    0.00   49.58
15:22:29     all   31.51    0.00   19.15    0.00    0.00    0.00    0.00    0.00    0.00   49.33
15:22:30     all   35.23    0.00   15.73    0.00    0.00    0.00    0.00    0.00    0.00   49.04
15:22:31     all   32.70    0.00   17.52    0.00    0.00    0.00    0.00    0.00    0.00   49.78
15:22:32     all   33.71    0.00   17.10    0.00    0.00    0.01    0.00    0.00    0.00   49.18
15:22:33     all   31.37    0.00   19.27    0.00    0.00    0.00    0.00    0.00    0.00   49.35
15:22:34     all   31.95    0.00   18.59    0.00    0.00    0.00    0.00    0.00    0.00   49.45
15:22:35     all   32.76    0.00   18.55    0.00    0.00    0.01    0.00    0.00    0.00   48.68
15:22:36     all   35.52    0.00   16.89    0.00    0.00    0.00    0.00    0.00    0.00   47.59
15:22:37     all   32.80    0.00   18.04    0.00    0.00    0.00    0.00    0.00    0.00   49.16
15:22:38     all   33.38    0.00   17.33    0.00    0.00    0.00    0.00    0.00    0.00   49.29
15:22:39     all   31.23    0.00   19.37    0.00    0.00    0.01    0.00    0.00    0.00   49.39
15:22:40     all   34.28    0.00   16.38    0.00    0.00    0.01    0.00    0.00    0.00   49.33
15:22:41     all   32.48    0.00   18.70    0.00    0.00    0.00    0.00    0.00    0.00   48.82
15:22:42     all   32.29    0.00   19.62    0.00    0.00    0.00    0.00    0.00    0.00   48.09
15:22:43     all   33.21    0.00   17.85    0.00    0.00    0.01    0.00    0.00    0.00   48.92
15:22:44     all   32.67    0.00   17.91    0.00    0.00    0.00    0.00    0.00    0.00   49.42
15:22:45     all   31.77    0.00   18.64    0.00    0.00    0.00    0.00    0.00    0.00   49.60
15:22:46     all   32.32    0.00   18.82    0.00    0.00    0.00    0.00    0.00    0.00   48.86
15:22:47     all   33.10    0.00   17.61    0.03    0.00    0.00    0.00    0.00    0.00   49.26
15:22:48     all   31.62    0.00   19.07    0.00    0.00    0.01    0.00    0.00    0.00   49.29
15:22:49     all   33.33    0.00   17.51    0.00    0.00    0.00    0.00    0.00    0.00   49.16
15:22:50     all   32.59    0.00   17.87    0.00    0.00    0.00    0.00    0.00    0.00   49.54
15:22:51     all   34.35    0.00   16.71    0.00    0.00    0.00    0.00    0.00    0.00   48.94
15:22:52     all   34.13    0.00   17.19    0.00    0.00    0.01    0.00    0.00    0.00   48.67
15:22:53     all   33.97    0.00   16.76    0.00    0.00    0.00    0.00    0.00    0.00   49.26
15:22:54     all   34.70    0.00   15.99    0.00    0.00    0.00    0.00    0.00    0.00   49.31
15:22:55     all   33.86    0.00   16.78    0.00    0.00    0.00    0.00    0.00    0.00   49.37
15:22:56     all   30.95    0.00   19.80    0.00    0.00    0.01    0.00    0.00    0.00   49.24
15:22:57     all   33.34    0.00   17.95    0.00    0.00    0.00    0.00    0.00    0.00   48.71
15:22:58     all   34.07    0.00   17.80    0.00    0.00    0.00    0.00    0.00    0.00   48.13
15:22:59     all   32.13    0.00   19.94    0.00    0.00    0.00    0.00    0.00    0.00   47.93
15:23:00     all   31.46    0.00   19.42    0.00    0.00    0.01    0.00    0.00    0.00   49.10
15:23:01     all   32.35    0.00   18.54    0.00    0.00    0.01    0.00    0.00    0.00   49.10
15:23:02     all   33.30    0.00   17.41    0.00    0.00    0.01    0.00    0.00    0.00   49.28
15:23:03     all   31.69    0.00   19.89    0.00    0.00    0.01    0.00    0.00    0.00   48.41
15:23:04     all   31.08    0.00   19.90    0.00    0.00    0.00    0.00    0.00    0.00   49.01
15:23:05     all   33.39    0.00   17.07    0.00    0.00    0.00    0.00    0.00    0.00   49.54
15:23:06     all   34.72    0.00   15.96    0.00    0.00    0.00    0.00    0.00    0.00   49.32
15:23:07     all   33.66    0.00   17.52    0.00    0.00    0.00    0.00    0.00    0.00   48.82
15:23:08     all   33.25    0.00   17.96    0.00    0.00    0.00    0.00    0.00    0.00   48.79
15:23:09     all   31.82    0.00   19.28    0.00    0.00    0.01    0.00    0.00    0.00   48.88
15:23:10     all   33.33    0.00   17.03    0.00    0.00    0.00    0.00    0.00    0.00   49.64
15:23:11     all   32.27    0.00   18.40    0.00    0.00    0.00    0.00    0.00    0.00   49.33
15:23:12     all   32.10    0.00   18.84    0.00    0.00    0.00    0.00    0.00    0.00   49.07
15:23:13     all   31.77    0.00   18.74    0.00    0.00    0.00    0.00    0.00    0.00   49.49
15:23:14     all   34.36    0.00   16.33    0.00    0.00    0.01    0.00    0.00    0.00   49.30
15:23:15     all   33.41    0.00   17.25    0.00    0.00    0.00    0.00    0.00    0.00   49.34
15:23:16     all   33.10    0.00   17.31    0.00    0.00    0.00    0.00    0.00    0.00   49.58
15:23:17     all   32.37    0.00   18.53    0.00    0.00    0.01    0.00    0.00    0.00   49.09
15:23:18     all   31.60    0.00   19.00    0.00    0.00    0.01    0.00    0.00    0.00   49.39
15:23:19     all   32.02    0.00   18.49    0.00    0.00    0.00    0.00    0.00    0.00   49.49
15:23:20     all   33.46    0.00   17.49    0.00    0.00    0.00    0.00    0.00    0.00   49.05
15:23:21     all   33.20    0.00   17.26    0.00    0.00    0.00    0.00    0.00    0.00   49.53
15:23:22     all   34.47    0.00   17.86    0.00    0.00    0.00    0.00    0.00    0.00   47.67
15:23:23     all   31.16    0.00   20.24    0.00    0.00    0.01    0.00    0.00    0.00   48.59
15:23:24     all   30.23    0.00   20.59    0.00    0.00    0.00    0.00    0.00    0.00   49.18
15:23:25     all   30.70    0.00   20.15    0.00    0.00    0.00    0.00    0.00    0.00   49.15
15:23:26     all   34.03    0.00   16.62    0.00    0.00    0.00    0.00    0.00    0.00   49.35
15:23:27     all   32.23    0.00   18.16    0.00    0.00    0.00    0.00    0.00    0.00   49.62
15:23:28     all   30.72    0.00   20.30    0.00    0.00    0.01    0.00    0.00    0.00   48.97
15:23:29     all   31.06    0.00   19.51    0.00    0.00    0.00    0.00    0.00    0.00   49.43
15:23:30     all   34.37    0.00   16.08    0.00    0.00    0.00    0.00    0.00    0.00   49.55
15:23:31     all   34.38    0.00   16.34    0.00    0.00    0.01    0.00    0.00    0.00   49.27
15:23:32     all   33.16    0.00   17.57    0.00    0.00    0.00    0.00    0.00    0.00   49.27
15:23:33     all   32.27    0.03   18.60    0.00    0.00    0.00    0.00    0.00    0.00   49.10
15:23:34     all   29.85    0.00   20.83    0.00    0.00    0.00    0.00    0.00    0.00   49.32
15:23:35     all   33.89    0.00   16.53    0.00    0.00    0.00    0.00    0.00    0.00   49.58
15:23:36     all   33.26    0.00   17.38    0.00    0.00    0.01    0.00    0.00    0.00   49.35
15:23:37     all   33.11    0.00   17.60    0.00    0.00    0.01    0.00    0.00    0.00   49.28
15:23:38     all   34.38    0.00   16.66    0.00    0.00    0.00    0.00    0.00    0.00   48.96
15:23:39     all   33.16    0.00   17.63    0.00    0.00    0.01    0.00    0.00    0.00   49.20
15:23:40     all   34.77    0.00   17.00    0.00    0.00    0.01    0.00    0.00    0.00   48.21
15:23:41     all   33.82    0.00   17.08    0.00    0.00    0.00    0.00    0.00    0.00   49.10
15:23:42     all   31.56    0.00   19.11    0.00    0.00    0.00    0.00    0.00    0.00   49.33
15:23:43     all   32.26    0.00   19.11    0.00    0.00    0.01    0.00    0.00    0.00   48.62
15:23:44     all   34.26    0.00   16.24    0.00    0.00    0.00    0.00    0.00    0.00   49.49
15:23:45     all   35.65    0.00   17.32    0.00    0.00    0.01    0.00    0.00    0.00   47.01
15:23:46     all   34.65    0.00   17.39    0.00    0.00    0.01    0.00    0.00    0.00   47.94
15:23:47     all   32.57    0.00   18.06    0.00    0.00    0.00    0.00    0.00    0.00   49.37
15:23:48     all   33.66    0.01   17.21    0.00    0.00    0.00    0.00    0.00    0.00   49.11
15:23:49     all   34.03    0.00   17.29    0.00    0.00    0.01    0.00    0.00    0.00   48.67
15:23:50     all   32.98    0.00   18.68    0.00    0.00    0.00    0.00    0.00    0.00   48.34
15:23:51     all   31.90    0.00   18.76    0.00    0.00    0.01    0.00    0.00    0.00   49.32
15:23:52     all   32.50    0.00   17.74    0.00    0.00    0.00    0.00    0.00    0.00   49.76
15:23:53     all   34.83    0.00   15.88    0.00    0.00    0.03    0.00    0.00    0.00   49.26
15:23:54     all   33.24    0.00   18.01    0.00    0.00    0.00    0.00    0.00    0.00   48.75
15:23:55     all   30.80    0.00   19.59    0.00    0.00    0.00    0.00    0.00    0.00   49.61
15:23:56     all   34.39    0.00   16.43    0.00    0.00    0.01    0.00    0.00    0.00   49.17
15:23:57     all   34.24    0.00   16.94    0.00    0.00    0.00    0.00    0.00    0.00   48.82
15:23:58     all   31.10    0.00   19.40    0.00    0.00    0.00    0.00    0.00    0.00   49.50
15:23:59     all   35.28    0.00   15.78    0.00    0.00    0.00    0.00    0.00    0.00   48.94
15:24:00     all   33.49    0.00   17.03    0.00    0.00    0.00    0.00    0.00    0.00   49.48
Average:     all   29.09    0.03   12.84    0.00    0.00    0.00    0.00    0.00    0.00   58.04
