Linux 6.8.0-136-generic (856a17914eb3) 	08/10/26 	_x86_64_	(72 CPU)

08:49:08     CPU    %usr   %nice    %sys %iowait    %irq   %soft  %steal  %guest  %gnice   %idle
08:49:09     all   11.55    0.00    0.54    0.00    0.00    0.00    0.00    0.00    0.00   87.91
08:49:10     all    1.21    0.00    0.85    0.00    0.00    0.00    0.00    0.00    0.00   97.95
08:49:11     all    1.49    0.00    0.19    0.00    0.00    0.00    0.00    0.00    0.00   98.32
08:49:12     all    1.39    0.00    0.18    0.00    0.00    0.00    0.00    0.00    0.00   98.43
08:49:13     all    1.65    0.00    0.29    0.00    0.00    0.00    0.00    0.00    0.00   98.06
08:49:14     all    1.61    0.00    0.28    0.00    0.00    0.00    0.00    0.00    0.00   98.11
08:49:15     all    1.35    0.00    0.21    0.00    0.00    0.00    0.00    0.00    0.00   98.44
08:49:16     all    1.54    0.00    0.19    0.00    0.00    0.00    0.00    0.00    0.00   98.26
08:49:17     all    1.35    0.00    0.42    0.00    0.00    0.00    0.00    0.00    0.00   98.23
08:49:18     all    1.33    0.00    0.22    0.00    0.00    0.00    0.00    0.00    0.00   98.44
08:49:19     all    1.67    0.00    0.26    0.00    0.00    0.00    0.00    0.00    0.00   98.07
08:49:20     all    1.97    0.00    0.26    0.00    0.00    0.00    0.00    0.00    0.00   97.76
08:49:21     all    1.35    0.00    0.14    0.00    0.00    0.00    0.00    0.00    0.00   98.51
08:49:22     all    1.61    0.00    0.26    0.00    0.00    0.00    0.00    0.00    0.00   98.12
08:49:23     all    2.23    0.00    0.53    0.00    0.00    0.00    0.00    0.00    0.00   97.24
08:49:24     all   25.10    0.00    2.37    0.00    0.00    0.00    0.00    0.00    0.00   72.53
08:49:25     all   35.59    0.00    1.89    0.00    0.00    0.00    0.00    0.00    0.00   62.51
08:49:26     all   49.03    0.00    5.47    0.00    0.00    0.00    0.00    0.00    0.00   45.50
08:49:27     all   39.94    0.00    4.46    0.00    0.00    0.01    0.00    0.00    0.00   55.59
08:49:28     all   40.52    0.00    3.53    0.00    0.00    0.00    0.00    0.00    0.00   55.96
08:49:29     all   35.75    0.00    3.77    0.00    0.00    0.00    0.00    0.00    0.00   60.48
08:49:30     all   37.69    0.00    2.34    0.00    0.00    0.00    0.00    0.00    0.00   59.97
08:49:31     all   35.59    0.00    2.06    0.00    0.00    0.01    0.00    0.00    0.00   62.33
08:49:32     all   34.70    0.00    1.98    0.00    0.00    0.00    0.00    0.00    0.00   63.32
08:49:33     all   37.85    0.00    1.33    0.00    0.00    0.00    0.00    0.00    0.00   60.82
08:49:34     all   44.29    0.00    1.41    0.00    0.00    0.00    0.00    0.00    0.00   54.31
08:49:35     all   43.93    0.00    1.10    0.00    0.00    0.00    0.00    0.00    0.00   54.97
08:49:36     all   42.50    0.00    1.45    0.00    0.00    0.00    0.00    0.00    0.00   56.05
08:49:37     all   47.87    0.00    1.17    0.00    0.00    0.01    0.00    0.00    0.00   50.95
08:49:38     all   41.57    0.00    1.32    0.00    0.00    0.00    0.00    0.00    0.00   57.11
08:49:39     all   42.51    0.00    2.44    0.00    0.00    0.00    0.00    0.00    0.00   55.05
08:49:40     all   54.17    0.00    6.20    0.00    0.00    0.00    0.00    0.00    0.00   39.62
08:49:41     all   49.44    0.00   10.55    0.00    0.00    0.00    0.00    0.00    0.00   40.00
08:49:42     all   42.34    0.00    9.66    0.00    0.00    0.00    0.00    0.00    0.00   48.00
08:49:43     all   41.51    0.00    8.51    0.00    0.00    0.00    0.00    0.00    0.00   49.98
08:49:44     all   34.17    0.00    7.92    0.00    0.00    0.01    0.00    0.00    0.00   57.90
08:49:45     all   31.51    0.00    6.15    0.00    0.00    0.00    0.00    0.00    0.00   62.35
08:49:46     all   30.44    0.00    5.74    0.00    0.00    0.00    0.00    0.00    0.00   63.82
08:49:47     all   34.74    0.00    4.91    0.00    0.00    0.00    0.00    0.00    0.00   60.35
08:49:48     all   35.33    0.00    4.46    0.00    0.00    0.03    0.00    0.00    0.00   60.19
08:49:49     all   35.05    0.00    5.68    0.00    0.00    0.00    0.00    0.00    0.00   59.27
08:49:50     all   33.58    0.00    5.92    0.00    0.00    0.00    0.00    0.00    0.00   60.50
08:49:51     all   34.03    0.00    5.35    0.00    0.00    0.00    0.00    0.00    0.00   60.62
08:49:52     all   28.99    0.00    4.83    0.00    0.00    0.00    0.00    0.00    0.00   66.18
08:49:53     all   35.13    0.00    3.85    0.00    0.00    0.00    0.00    0.00    0.00   61.02
08:49:54     all   37.35    0.00    5.19    0.00    0.00    0.00    0.00    0.00    0.00   57.45
08:49:55     all   39.50    0.00    5.03    0.00    0.00    0.01    0.00    0.00    0.00   55.46
08:49:56     all   45.56    0.00    4.52    0.00    0.00    0.00    0.00    0.00    0.00   49.92
08:49:57     all   42.66    0.00    5.38    0.00    0.00    0.00    0.00    0.00    0.00   51.95
08:49:58     all   40.09    0.00    5.18    0.00    0.00    0.00    0.00    0.00    0.00   54.73
08:49:59     all   40.90    0.00    7.47    0.00    0.00    0.01    0.00    0.00    0.00   51.61
08:50:00     all   45.47    0.00    7.28    0.01    0.00    0.00    0.00    0.00    0.00   47.23
08:50:01     all   42.91    0.00    8.39    0.01    0.00    0.00    0.00    0.00    0.00   48.69
08:50:02     all   41.90    0.00    8.42    0.00    0.00    0.01    0.00    0.00    0.00   49.67
08:50:03     all   34.59    0.00   10.38    0.00    0.00    0.00    0.00    0.00    0.00   55.03
08:50:04     all   36.39    0.00    7.17    0.00    0.00    0.00    0.00    0.00    0.00   56.44
08:50:05     all   28.94    0.00    6.22    0.00    0.00    0.00    0.00    0.00    0.00   64.83
08:50:06     all   28.25    0.00    6.22    0.01    0.00    0.00    0.00    0.00    0.00   65.52
08:50:07     all   34.34    0.00    6.04    0.00    0.00    0.00    0.00    0.00    0.00   59.63
08:50:08     all   34.41    0.00    6.61    0.00    0.00    0.00    0.00    0.00    0.00   58.98
08:50:09     all   37.00    0.00    6.65    0.00    0.00    0.00    0.00    0.00    0.00   56.34
08:50:10     all   33.40    0.00    7.99    0.00    0.00    0.00    0.00    0.00    0.00   58.61
08:50:11     all   33.63    0.00    8.60    0.00    0.00    0.00    0.00    0.00    0.00   57.77
08:50:12     all   34.80    0.00    6.61    0.00    0.00    0.00    0.00    0.00    0.00   58.58
08:50:13     all   35.03    0.00    5.97    0.00    0.00    0.01    0.00    0.00    0.00   58.99
08:50:14     all   41.41    0.00    5.54    0.00    0.00    0.00    0.00    0.00    0.00   53.05
08:50:15     all   48.95    0.00    6.84    0.00    0.00    0.00    0.00    0.00    0.00   44.21
08:50:16     all   46.24    0.00    6.89    0.00    0.00    0.01    0.00    0.00    0.00   46.86
08:50:17     all   43.77    0.00    7.81    0.00    0.00    0.01    0.00    0.00    0.00   48.40
08:50:18     all   39.95    0.00    6.04    0.00    0.00    0.00    0.00    0.00    0.00   54.01
08:50:19     all   40.17    0.00    6.19    0.00    0.00    0.00    0.00    0.00    0.00   53.64
08:50:20     all   40.67    0.00    7.04    0.00    0.00    0.00    0.00    0.00    0.00   52.29
08:50:21     all   43.24    0.00    8.39    0.00    0.00    0.00    0.00    0.00    0.00   48.37
08:50:22     all   39.79    0.00    7.93    0.00    0.00    0.00    0.00    0.00    0.00   52.29
08:50:23     all   39.00    0.00    6.22    0.00    0.00    0.00    0.00    0.00    0.00   54.79
08:50:24     all   29.17    0.00   11.14    0.00    0.00    0.00    0.00    0.00    0.00   59.69
08:50:25     all   10.46    0.00    5.11    0.00    0.00    0.00    0.00    0.00    0.00   84.43
08:50:26     all    4.78    0.00    2.86    0.00    0.00    0.00    0.00    0.00    0.00   92.35
08:50:27     all    3.90    0.00    2.15    0.00    0.00    0.00    0.00    0.00    0.00   93.95
08:50:28     all    2.63    0.00    1.92    0.00    0.00    0.00    0.00    0.00    0.00   95.45
08:50:29     all    3.00    0.00    1.54    0.00    0.00    0.00    0.00    0.00    0.00   95.45
08:50:30     all    2.55    0.00    1.72    0.00    0.00    0.00    0.00    0.00    0.00   95.73
08:50:31     all    3.04    0.00    1.63    0.00    0.00    0.00    0.00    0.00    0.00   95.33
08:50:32     all    2.24    0.00    1.88    0.00    0.00    0.01    0.00    0.00    0.00   95.87
08:50:33     all    2.18    0.00    0.79    0.00    0.00    0.00    0.00    0.00    0.00   97.03
08:50:34     all    2.28    0.00    0.90    0.00    0.00    0.00    0.00    0.00    0.00   96.82
08:50:35     all    1.29    0.00    0.54    0.00    0.00    0.00    0.00    0.00    0.00   98.17
08:50:36     all    1.21    0.00    0.54    0.00    0.00    0.00    0.00    0.00    0.00   98.25
08:50:37     all    1.53    0.00    0.51    0.00    0.00    0.00    0.00    0.00    0.00   97.96
08:50:38     all    1.50    0.00    0.49    0.00    0.00    0.00    0.00    0.00    0.00   98.01
08:50:39     all    1.04    0.00    0.49    0.00    0.00    0.00    0.00    0.00    0.00   98.47
08:50:40     all    1.33    0.00    0.44    0.00    0.00    0.00    0.00    0.00    0.00   98.22
08:50:41     all    1.36    0.00    0.51    0.00    0.00    0.00    0.00    0.00    0.00   98.12
08:50:42     all    1.44    0.00    0.58    0.00    0.00    0.00    0.00    0.00    0.00   97.97
08:50:43     all    1.52    0.00    0.64    0.00    0.00    0.00    0.00    0.00    0.00   97.84
08:50:44     all    1.25    0.00    0.74    0.00    0.00    0.00    0.00    0.00    0.00   98.01
08:50:45     all    1.08    0.00    0.75    0.00    0.00    0.00    0.00    0.00    0.00   98.17
08:50:46     all    1.40    0.00    0.47    0.00    0.00    0.00    0.00    0.00    0.00   98.12
08:50:47     all    1.28    0.00    0.51    0.00    0.00    0.00    0.00    0.00    0.00   98.21
08:50:48     all    1.06    0.00    0.47    0.00    0.00    0.00    0.00    0.00    0.00   98.47
Average:     all   24.42    0.00    3.76    0.00    0.00    0.00    0.00    0.00    0.00   71.82
