Linux 6.8.0-136-generic (856a17914eb3) 	08/10/26 	_x86_64_	(72 CPU)

08:45:21     CPU    %usr   %nice    %sys %iowait    %irq   %soft  %steal  %guest  %gnice   %idle
08:45:22     all   11.61    0.00    0.44    0.00    0.00    0.00    0.00    0.00    0.00   87.94
08:45:23     all    1.22    0.00    0.74    0.00    0.00    0.00    0.00    0.00    0.00   98.04
08:45:24     all    1.57    0.00    0.36    0.00    0.00    0.00    0.00    0.00    0.00   98.07
08:45:25     all    1.74    0.00    0.24    0.00    0.00    0.00    0.00    0.00    0.00   98.03
08:45:26     all    1.47    0.00    0.24    0.00    0.00    0.00    0.00    0.00    0.00   98.29
08:45:27     all    1.43    0.00    0.26    0.00    0.00    0.00    0.00    0.00    0.00   98.30
08:45:28     all    1.57    0.00    0.24    0.00    0.00    0.00    0.00    0.00    0.00   98.19
08:45:29     all    1.53    0.00    0.18    0.00    0.00    0.00    0.00    0.00    0.00   98.29
08:45:30     all    1.17    0.00    0.56    0.00    0.00    0.00    0.00    0.00    0.00   98.28
08:45:31     all    1.61    0.00    0.26    0.00    0.00    0.00    0.00    0.00    0.00   98.13
08:45:32     all    1.51    0.00    0.21    0.00    0.00    0.00    0.00    0.00    0.00   98.28
08:45:33     all    1.46    0.00    0.19    0.00    0.00    0.00    0.00    0.00    0.00   98.35
08:45:34     all    1.58    0.00    0.19    0.00    0.00    0.00    0.00    0.00    0.00   98.22
08:45:35     all    1.54    0.00    0.29    0.00    0.00    0.00    0.00    0.00    0.00   98.17
08:45:36     all    1.63    0.00    0.31    0.00    0.00    0.00    0.00    0.00    0.00   98.07
08:45:37     all   30.21    0.00   19.17    0.00    0.00    0.00    0.00    0.00    0.00   50.61
08:45:38     all   45.54    0.00    2.21    0.00    0.00    0.01    0.00    0.00    0.00   52.24
08:45:39     all   44.77    0.00    1.76    0.00    0.00    0.00    0.00    0.00    0.00   53.47
08:45:40     all   46.35    0.00    1.49    0.00    0.00    0.00    0.00    0.00    0.00   52.16
08:45:41     all   86.80    0.00    6.61    0.00    0.00    0.01    0.00    0.00    0.00    6.58
08:45:42     all   58.21    0.00    3.37    0.00    0.00    0.00    0.00    0.00    0.00   38.42
08:45:43     all   55.84    0.00    2.35    0.00    0.00    0.00    0.00    0.00    0.00   41.80
08:45:44     all   56.71    0.00    1.88    0.00    0.00    0.00    0.00    0.00    0.00   41.40
08:45:45     all   57.45    0.00    1.75    0.00    0.00    0.00    0.00    0.00    0.00   40.79
08:45:46     all   56.07    0.00    2.01    0.00    0.00    0.00    0.00    0.00    0.00   41.92
08:45:47     all   47.00    0.00    2.45    0.00    0.00    0.00    0.00    0.00    0.00   50.55
08:45:48     all   49.39    0.00    1.77    0.00    0.00    0.01    0.00    0.00    0.00   48.83
08:45:49     all   47.62    0.00    1.37    0.00    0.00    0.00    0.00    0.00    0.00   51.02
08:45:50     all   48.70    0.00    1.32    0.00    0.00    0.00    0.00    0.00    0.00   49.97
08:45:51     all   49.48    0.00    1.27    0.00    0.00    0.00    0.00    0.00    0.00   49.25
08:45:52     all   48.64    0.00    1.25    0.00    0.00    0.01    0.00    0.00    0.00   50.09
08:45:53     all   42.46    0.00    0.68    0.00    0.00    0.01    0.00    0.00    0.00   56.85
08:45:54     all   48.81    0.00    0.64    0.00    0.00    0.01    0.00    0.00    0.00   50.54
08:45:55     all   51.23    0.00    0.60    0.00    0.00    0.00    0.00    0.00    0.00   48.17
08:45:56     all   48.80    0.00    0.75    0.00    0.00    0.00    0.00    0.00    0.00   50.45
08:45:57     all   56.68    0.00    0.63    0.00    0.00    0.00    0.00    0.00    0.00   42.70
08:45:58     all   63.85    0.00    0.81    0.00    0.00    0.01    0.00    0.00    0.00   35.33
08:45:59     all   64.60    0.00    0.68    0.00    0.00    0.00    0.00    0.00    0.00   34.72
08:46:00     all   53.35    0.00    0.80    0.00    0.00    0.00    0.00    0.00    0.00   45.85
08:46:01     all   51.43    0.00    0.81    0.00    0.00    0.00    0.00    0.00    0.00   47.75
08:46:02     all   48.68    0.00    1.39    0.00    0.00    0.01    0.00    0.00    0.00   49.92
08:46:03     all   69.52    0.00    1.19    0.00    0.00    0.01    0.00    0.00    0.00   29.28
08:46:04     all   66.84    0.00    0.70    0.00    0.00    0.00    0.00    0.00    0.00   32.46
08:46:05     all   64.17    0.00    0.77    0.00    0.00    0.01    0.00    0.00    0.00   35.04
08:46:06     all   56.44    0.00    0.98    0.01    0.00    0.01    0.00    0.00    0.00   42.56
08:46:07     all   54.37    0.00    0.91    0.00    0.00    0.00    0.00    0.00    0.00   44.73
08:46:08     all   55.26    0.00    0.75    0.00    0.00    0.01    0.00    0.00    0.00   43.97
08:46:09     all   54.34    0.00    0.94    0.00    0.00    0.01    0.00    0.00    0.00   44.71
08:46:10     all   57.06    0.00    0.78    0.00    0.00    0.00    0.00    0.00    0.00   42.16
08:46:11     all   92.88    0.00    1.34    0.00    0.00    0.00    0.00    0.00    0.00    5.79
08:46:12     all   93.85    0.00    2.07    0.00    0.00    0.00    0.00    0.00    0.00    4.08
08:46:13     all   85.40    0.00    5.27    0.00    0.00    0.01    0.00    0.00    0.00    9.32
08:46:14     all   70.22    0.01    5.61    0.00    0.00    0.00    0.00    0.00    0.00   24.15
08:46:15     all   64.35    0.00    4.23    0.00    0.00    0.00    0.00    0.00    0.00   31.42
08:46:16     all   60.19    0.00    2.59    0.00    0.00    0.00    0.00    0.00    0.00   37.22
08:46:17     all   52.72    0.00    2.41    0.00    0.00    0.01    0.00    0.00    0.00   44.86
08:46:18     all   52.21    0.00    3.16    0.00    0.00    0.00    0.00    0.00    0.00   44.63
08:46:19     all   57.57    0.00    2.44    0.00    0.00    0.00    0.00    0.00    0.00   39.99
08:46:20     all   50.49    0.00    2.35    0.00    0.00    0.00    0.00    0.00    0.00   47.16
08:46:21     all   55.18    0.00    2.80    0.00    0.00    0.00    0.00    0.00    0.00   42.02
08:46:22     all   55.11    0.00    2.84    0.00    0.00    0.00    0.00    0.00    0.00   42.05
08:46:23     all   56.62    0.00    2.51    0.00    0.00    0.01    0.00    0.00    0.00   40.86
08:46:24     all   48.43    0.00    2.55    0.00    0.00    0.00    0.00    0.00    0.00   49.03
08:46:25     all   50.91    0.00    2.78    0.00    0.00    0.00    0.00    0.00    0.00   46.30
08:46:26     all   44.06    0.00    1.83    0.00    0.00    0.00    0.00    0.00    0.00   54.12
08:46:27     all   48.16    0.00    1.66    0.00    0.00    0.01    0.00    0.00    0.00   50.17
08:46:28     all   48.85    0.00    1.66    0.00    0.00    0.01    0.00    0.00    0.00   49.48
08:46:29     all   57.88    0.00    2.73    0.00    0.00    0.00    0.00    0.00    0.00   39.39
08:46:30     all   54.02    0.00    2.33    0.00    0.00    0.00    0.00    0.00    0.00   43.66
08:46:31     all   49.89    0.00    1.73    0.00    0.00    0.03    0.00    0.00    0.00   48.35
08:46:32     all   47.59    0.00    1.80    0.00    0.00    0.00    0.00    0.00    0.00   50.61
08:46:33     all   42.42    0.00    1.59    0.00    0.00    0.00    0.00    0.00    0.00   55.99
08:46:34     all   48.70    0.00    1.35    0.00    0.00    0.00    0.00    0.00    0.00   49.94
08:46:35     all   50.08    0.00    1.21    0.00    0.00    0.00    0.00    0.00    0.00   48.70
08:46:36     all   49.38    0.00    1.06    0.00    0.00    0.00    0.00    0.00    0.00   49.56
08:46:37     all   62.45    0.00    0.99    0.00    0.00    0.01    0.00    0.00    0.00   36.55
08:46:38     all   57.34    0.00    0.75    0.00    0.00    0.00    0.00    0.00    0.00   41.91
08:46:39     all   26.50    0.00    1.18    0.00    0.00    0.00    0.00    0.00    0.00   72.32
08:46:40     all    1.49    0.00    1.66    0.00    0.00    0.00    0.00    0.00    0.00   96.86
08:46:41     all    0.25    0.00    1.89    0.00    0.00    0.00    0.00    0.00    0.00   97.86
08:46:42     all    0.35    0.00    1.22    0.00    0.00    0.00    0.00    0.00    0.00   98.43
08:46:43     all    0.60    0.00    1.42    0.00    0.00    0.00    0.00    0.00    0.00   97.98
08:46:44     all    0.29    0.01    0.68    0.00    0.00    0.00    0.00    0.00    0.00   99.01
08:46:45     all    0.74    0.00    0.33    0.00    0.00    0.00    0.00    0.00    0.00   98.93
08:46:46     all    0.33    0.00    0.15    0.00    0.00    0.00    0.00    0.00    0.00   99.51
08:46:47     all    0.63    0.00    0.19    0.00    0.00    0.00    0.00    0.00    0.00   99.18
08:46:48     all    0.10    0.00    0.06    0.00    0.00    0.00    0.00    0.00    0.00   99.85
08:46:49     all    0.26    0.00    0.06    0.00    0.00    0.00    0.00    0.00    0.00   99.68
08:46:50     all    0.26    0.00    0.17    0.00    0.00    0.00    0.00    0.00    0.00   99.57
08:46:51     all    0.11    0.00    0.06    0.00    0.00    0.00    0.00    0.00    0.00   99.83
08:46:52     all    0.76    0.00    0.21    0.00    0.00    0.00    0.00    0.00    0.00   99.03
08:46:53     all    0.21    0.00    0.07    0.00    0.00    0.00    0.00    0.00    0.00   99.72
08:46:54     all    0.08    0.00    0.04    0.00    0.00    0.00    0.00    0.00    0.00   99.87
08:46:55     all    0.33    0.00    0.17    0.00    0.00    0.00    0.00    0.00    0.00   99.50
08:46:56     all    0.29    0.00    0.18    0.00    0.00    0.00    0.00    0.00    0.00   99.53
08:46:57     all    0.10    0.00    0.07    0.00    0.00    0.00    0.00    0.00    0.00   99.83
08:46:58     all    0.43    0.00    0.29    0.00    0.00    0.00    0.00    0.00    0.00   99.28
08:46:59     all    0.28    0.00    0.17    0.00    0.00    0.00    0.00    0.00    0.00   99.55
08:47:00     all    0.31    0.00    0.22    0.00    0.00    0.00    0.00    0.00    0.00   99.47
08:47:01     all    0.35    0.00    0.32    0.00    0.00    0.00    0.00    0.00    0.00   99.33
Average:     all   35.08    0.00    1.48    0.00    0.00    0.00    0.00    0.00    0.00   63.44
