Linux 6.8.0-136-generic (856a17914eb3) 	08/10/26 	_x86_64_	(72 CPU)

15:15:55     CPU    %usr   %nice    %sys %iowait    %irq   %soft  %steal  %guest  %gnice   %idle
15:15:56     all    6.90    0.00    0.87    0.00    0.00    0.00    0.00    0.00    0.00   92.23
15:15:57     all    7.73    0.00    1.08    0.00    0.00    0.00    0.00    0.00    0.00   91.18
15:15:58     all    2.54    0.00    0.57    0.00    0.00    0.00    0.00    0.00    0.00   96.88
15:15:59     all    2.24    0.00    0.75    0.00    0.00    0.00    0.00    0.00    0.00   97.01
15:16:00     all    2.70    0.00    0.79    0.00    0.00    0.00    0.00    0.00    0.00   96.51
15:16:01     all    2.92    0.00    0.43    0.00    0.00    0.01    0.00    0.00    0.00   96.64
15:16:02     all    2.75    0.00    0.22    0.00    0.00    0.00    0.00    0.00    0.00   97.03
15:16:03     all    2.96    0.00    0.33    0.00    0.00    0.00    0.00    0.00    0.00   96.71
15:16:04     all    3.25    0.00    0.46    0.00    0.00    0.00    0.00    0.00    0.00   96.29
15:16:05     all    2.81    0.00    0.40    0.00    0.00    0.00    0.00    0.00    0.00   96.79
15:16:06     all    3.50    0.00    0.40    0.00    0.00    0.00    0.00    0.00    0.00   96.10
15:16:07     all    3.01    0.00    0.29    0.00    0.00    0.00    0.00    0.00    0.00   96.69
15:16:08     all    2.70    0.00    0.35    0.00    0.00    0.00    0.00    0.00    0.00   96.95
15:16:09     all    2.88    0.00    0.35    0.00    0.00    0.00    0.00    0.00    0.00   96.78
15:16:10     all    3.03    0.00    0.43    0.00    0.00    0.00    0.00    0.00    0.00   96.54
15:16:11     all    2.65    0.00    0.31    0.00    0.00    0.00    0.00    0.00    0.00   97.04
15:16:12     all    2.93    0.00    0.33    0.00    0.00    0.00    0.00    0.00    0.00   96.74
15:16:13     all    2.90    0.00    0.38    0.00    0.00    0.00    0.00    0.00    0.00   96.72
15:16:14     all    2.72    0.00    0.36    0.00    0.00    0.00    0.00    0.00    0.00   96.92
15:16:15     all    2.94    0.00    0.28    0.00    0.00    0.00    0.00    0.00    0.00   96.78
15:16:16     all    2.92    0.00    0.49    0.00    0.00    0.00    0.00    0.00    0.00   96.59
15:16:17     all    2.66    0.00    0.39    0.00    0.00    0.00    0.00    0.00    0.00   96.96
15:16:18     all    2.93    0.00    0.42    0.00    0.00    0.00    0.00    0.00    0.00   96.65
15:16:19     all    2.86    0.00    0.29    0.00    0.00    0.00    0.00    0.00    0.00   96.84
15:16:20     all    2.70    0.00    0.29    0.00    0.00    0.00    0.00    0.00    0.00   97.01
15:16:21     all    7.39    0.00    1.47    0.00    0.00    0.00    0.00    0.00    0.00   91.13
15:16:22     all   28.09    0.00    3.18    0.00    0.00    0.00    0.00    0.00    0.00   68.74
15:16:23     all   16.62    0.00    1.79    0.00    0.00    0.03    0.00    0.00    0.00   81.56
15:16:24     all   19.19    0.00    1.88    0.00    0.00    0.00    0.00    0.00    0.00   78.93
15:16:25     all   30.73    0.00    5.66    0.00    0.00    0.00    0.00    0.00    0.00   63.61
15:16:26     all   29.28    0.00    4.90    0.00    0.00    0.00    0.00    0.00    0.00   65.82
15:16:27     all   28.87    0.00    3.41    0.00    0.00    0.00    0.00    0.00    0.00   67.73
15:16:28     all   18.12    0.00    2.93    0.00    0.00    0.00    0.00    0.00    0.00   78.95
15:16:29     all   28.97    0.00    2.62    0.00    0.00    0.01    0.00    0.00    0.00   68.40
15:16:30     all   18.91    0.00    2.13    0.00    0.00    0.00    0.00    0.00    0.00   78.96
15:16:31     all   18.84    0.01    1.84    0.00    0.00    0.00    0.00    0.00    0.00   79.31
15:16:32     all   21.48    0.00    1.59    0.00    0.00    0.00    0.00    0.00    0.00   76.93
15:16:33     all   21.85    0.00    1.45    0.00    0.00    0.00    0.00    0.00    0.00   76.70
15:16:34     all   26.26    0.00    2.52    0.00    0.00    0.00    0.00    0.00    0.00   71.22
15:16:35     all   34.58    0.00    2.60    0.00    0.00    0.01    0.00    0.00    0.00   62.80
15:16:36     all   29.39    0.00    2.21    0.00    0.00    0.00    0.00    0.00    0.00   68.39
15:16:37     all   22.11    0.00    1.78    0.00    0.00    0.00    0.00    0.00    0.00   76.11
15:16:38     all   31.90    0.00    3.62    0.00    0.00    0.03    0.00    0.00    0.00   64.46
15:16:39     all   26.21    0.00    3.79    0.00    0.00    0.00    0.00    0.00    0.00   70.00
15:16:40     all   31.79    0.00    3.27    0.00    0.00    0.00    0.00    0.00    0.00   64.94
15:16:41     all   30.04    0.00    4.07    0.00    0.00    0.00    0.00    0.00    0.00   65.89
15:16:42     all   32.60    0.00    3.67    0.00    0.00    0.00    0.00    0.00    0.00   63.72
15:16:43     all   30.43    0.03    3.06    0.00    0.00    0.00    0.00    0.00    0.00   66.48
15:16:44     all   29.33    0.00    2.93    0.00    0.00    0.01    0.00    0.00    0.00   67.73
15:16:45     all   31.65    0.00    3.79    0.00    0.00    0.00    0.00    0.00    0.00   64.56
15:16:46     all   33.04    0.00    5.05    0.01    0.00    0.01    0.00    0.00    0.00   61.89
15:16:47     all   26.92    0.00    3.02    0.00    0.00    0.00    0.00    0.00    0.00   70.06
15:16:48     all   25.10    0.00    5.07    0.00    0.00    0.03    0.00    0.00    0.00   69.81
15:16:49     all   24.78    0.00    2.67    0.00    0.00    0.00    0.00    0.00    0.00   72.55
15:16:50     all   37.94    0.00    4.92    0.00    0.00    0.00    0.00    0.00    0.00   57.14
15:16:51     all   18.81    0.00    2.48    0.00    0.00    0.00    0.00    0.00    0.00   78.72
15:16:52     all   34.27    0.00    5.17    0.00    0.00    0.00    0.00    0.00    0.00   60.55
15:16:53     all   25.77    0.00    2.35    0.00    0.00    0.01    0.00    0.00    0.00   71.87
15:16:54     all   38.62    0.00    5.35    0.00    0.00    0.00    0.00    0.00    0.00   56.02
15:16:55     all   17.43    0.00    2.03    0.00    0.00    0.00    0.00    0.00    0.00   80.53
15:16:56     all   35.76    0.00    5.23    0.00    0.00    0.00    0.00    0.00    0.00   59.01
15:16:57     all   29.22    0.00    3.89    0.01    0.00    0.00    0.00    0.00    0.00   66.87
15:16:58     all   17.46    0.00    1.77    0.00    0.00    0.00    0.00    0.00    0.00   80.77
15:16:59     all   24.65    0.00    2.42    0.00    0.00    0.00    0.00    0.00    0.00   72.93
15:17:00     all   41.55    0.00    6.64    0.00    0.00    0.00    0.00    0.00    0.00   51.82
15:17:01     all   34.18    0.00    7.03    0.00    0.00    0.00    0.00    0.00    0.00   58.79
15:17:02     all   37.06    0.00    7.08    0.00    0.00    0.01    0.00    0.00    0.00   55.85
15:17:03     all   12.24    0.00    2.35    0.00    0.00    0.00    0.00    0.00    0.00   85.41
15:17:04     all   23.80    0.00    5.24    0.00    0.00    0.00    0.00    0.00    0.00   70.95
15:17:05     all   41.82    0.00    8.66    0.00    0.00    0.00    0.00    0.00    0.00   49.52
15:17:06     all   37.25    0.00   12.07    0.00    0.00    0.00    0.00    0.00    0.00   50.68
15:17:07     all   24.58    0.00    7.86    0.00    0.00    0.00    0.00    0.00    0.00   67.56
15:17:08     all   40.96    0.00    9.52    0.00    0.00    0.01    0.00    0.00    0.00   49.51
15:17:09     all   39.34    0.00   11.31    0.00    0.00    0.00    0.00    0.00    0.00   49.35
15:17:10     all   39.76    0.00   10.53    0.00    0.00    0.00    0.00    0.00    0.00   49.71
15:17:11     all   37.63    0.00    9.87    0.00    0.00    0.01    0.00    0.00    0.00   52.49
15:17:12     all   19.16    0.00    4.14    0.00    0.00    0.00    0.00    0.00    0.00   76.71
15:17:13     all   23.53    0.00    6.57    0.01    0.00    0.00    0.00    0.00    0.00   69.89
15:17:14     all   26.75    0.00    6.26    0.00    0.00    0.00    0.00    0.00    0.00   67.00
15:17:15     all   41.86    0.00    9.49    0.00    0.00    0.01    0.00    0.00    0.00   48.63
15:17:16     all   41.49    0.00    9.49    0.00    0.00    0.00    0.00    0.00    0.00   49.03
15:17:17     all   41.51    0.00    9.66    0.00    0.00    0.01    0.00    0.00    0.00   48.82
15:17:18     all   38.26    0.00   12.46    0.00    0.00    0.00    0.00    0.00    0.00   49.28
15:17:19     all   38.75    0.00   11.54    0.00    0.00    0.00    0.00    0.00    0.00   49.72
15:17:20     all   37.99    0.00   12.22    0.00    0.00    0.00    0.00    0.00    0.00   49.79
15:17:21     all   29.65    0.00    8.77    0.00    0.00    0.00    0.00    0.00    0.00   61.57
15:17:22     all   32.67    0.00   10.01    0.00    0.00    0.01    0.00    0.00    0.00   57.31
15:17:23     all   40.14    0.00   10.94    0.00    0.00    0.00    0.00    0.00    0.00   48.92
15:17:24     all   39.95    0.00   10.58    0.00    0.00    0.01    0.00    0.00    0.00   49.45
15:17:25     all   40.43    0.00   10.34    0.00    0.00    0.00    0.00    0.00    0.00   49.23
15:17:26     all   39.71    0.00   12.03    0.00    0.00    0.01    0.00    0.00    0.00   48.25
15:17:27     all   38.32    0.00   12.08    0.00    0.00    0.00    0.00    0.00    0.00   49.60
15:17:28     all   30.44    0.00   10.39    0.00    0.00    0.01    0.00    0.00    0.00   59.15
15:17:29     all   32.17    0.00   11.12    0.00    0.00    0.01    0.00    0.00    0.00   56.70
15:17:30     all   40.11    0.00   10.22    0.00    0.00    0.00    0.00    0.00    0.00   49.67
15:17:31     all   38.39    0.00   12.37    0.00    0.00    0.00    0.00    0.00    0.00   49.24
15:17:32     all   34.14    0.06   11.32    0.00    0.00    0.01    0.00    0.00    0.00   54.47
15:17:33     all   25.10    0.00    7.54    0.00    0.00    0.00    0.00    0.00    0.00   67.36
15:17:34     all   20.54    0.00    6.04    0.00    0.00    0.00    0.00    0.00    0.00   73.42
15:17:35     all   18.21    0.00    5.56    0.00    0.00    0.01    0.00    0.00    0.00   76.22
15:17:36     all   38.56    0.00   10.12    0.00    0.00    0.00    0.00    0.00    0.00   51.32
15:17:37     all   41.40    0.00   10.24    0.00    0.00    0.01    0.00    0.00    0.00   48.34
15:17:38     all   37.85    0.00   11.82    0.00    0.00    0.00    0.00    0.00    0.00   50.33
15:17:39     all   23.52    0.00    6.88    0.00    0.00    0.00    0.00    0.00    0.00   69.60
15:17:40     all   20.42    0.00    6.23    0.00    0.00    0.00    0.00    0.00    0.00   73.36
15:17:41     all   26.14    0.00    8.48    0.00    0.00    0.00    0.00    0.00    0.00   65.39
15:17:42     all   38.51    0.00   11.34    0.00    0.00    0.01    0.00    0.00    0.00   50.13
15:17:43     all   40.08    0.00   10.93    0.00    0.00    0.00    0.00    0.00    0.00   48.99
15:17:44     all   25.62    0.00    6.64    0.00    0.00    0.00    0.00    0.00    0.00   67.74
15:17:45     all   24.31    0.00    6.77    0.00    0.00    0.00    0.00    0.00    0.00   68.92
15:17:46     all   22.72    0.00    6.24    0.00    0.00    0.00    0.00    0.00    0.00   71.04
15:17:47     all   37.88    0.00   11.39    0.00    0.00    0.03    0.00    0.00    0.00   50.71
15:17:48     all   38.53    0.00   11.97    0.00    0.00    0.00    0.00    0.00    0.00   49.50
15:17:49     all   27.17    0.00    8.83    0.00    0.00    0.01    0.00    0.00    0.00   63.99
15:17:50     all   41.24    0.00    9.48    0.00    0.00    0.00    0.00    0.00    0.00   49.28
15:17:51     all   38.30    0.00   11.53    0.00    0.00    0.00    0.00    0.00    0.00   50.17
15:17:52     all   31.95    0.00    8.59    0.03    0.00    0.00    0.00    0.00    0.00   59.43
15:17:53     all   40.13    0.00   10.31    0.00    0.00    0.00    0.00    0.00    0.00   49.56
15:17:54     all   37.13    0.00   13.06    0.00    0.00    0.00    0.00    0.00    0.00   49.81
15:17:55     all   36.74    0.00   13.12    0.00    0.00    0.00    0.00    0.00    0.00   50.13
15:17:56     all   35.80    0.00   10.45    0.00    0.00    0.01    0.00    0.00    0.00   53.73
15:17:57     all   39.18    0.00   11.67    0.00    0.00    0.01    0.00    0.00    0.00   49.14
15:17:58     all   33.95    0.00   12.12    0.00    0.00    0.01    0.00    0.00    0.00   53.91
15:17:59     all   34.98    0.00   12.69    0.00    0.00    0.00    0.00    0.00    0.00   52.33
15:18:00     all   39.11    0.01   11.78    0.00    0.00    0.00    0.00    0.00    0.00   49.10
15:18:01     all   34.28    0.00   14.05    0.00    0.00    0.00    0.00    0.00    0.00   51.66
15:18:02     all   29.51    0.00   13.34    0.00    0.00    0.00    0.00    0.00    0.00   57.15
15:18:03     all   38.95    0.00   11.75    0.00    0.00    0.00    0.00    0.00    0.00   49.30
15:18:04     all   35.81    0.00   14.82    0.00    0.00    0.00    0.00    0.00    0.00   49.37
15:18:05     all   34.37    0.00   14.63    0.00    0.00    0.00    0.00    0.00    0.00   51.00
15:18:06     all   36.27    0.00   14.66    0.00    0.00    0.03    0.00    0.00    0.00   49.05
15:18:07     all   35.26    0.00   15.08    0.00    0.00    0.00    0.00    0.00    0.00   49.66
15:18:08     all   33.12    0.01   14.42    0.00    0.00    0.00    0.00    0.00    0.00   52.45
15:18:09     all   38.28    0.00   12.79    0.00    0.00    0.00    0.00    0.00    0.00   48.94
15:18:10     all   35.16    0.00   15.85    0.00    0.00    0.00    0.00    0.00    0.00   48.98
15:18:11     all   27.61    0.00   12.18    0.00    0.00    0.00    0.00    0.00    0.00   60.21
15:18:12     all   28.71    0.00   12.73    0.01    0.00    0.01    0.00    0.00    0.00   58.54
15:18:13     all   21.53    0.00    7.91    0.00    0.00    0.00    0.00    0.00    0.00   70.56
15:18:14     all   35.22    0.00   13.87    0.00    0.00    0.00    0.00    0.00    0.00   50.91
15:18:15     all   36.46    0.00   14.07    0.00    0.00    0.00    0.00    0.00    0.00   49.47
15:18:16     all   37.11    0.00   13.48    0.00    0.00    0.00    0.00    0.00    0.00   49.41
15:18:17     all   35.40    0.00   14.24    0.00    0.00    0.03    0.00    0.00    0.00   50.33
15:18:18     all   34.44    0.00   15.82    0.00    0.00    0.00    0.00    0.00    0.00   49.74
15:18:19     all   19.66    0.00   12.91    0.00    0.00    0.00    0.00    0.00    0.00   67.42
15:18:20     all   34.40    0.01   14.07    0.00    0.00    0.00    0.00    0.00    0.00   51.52
15:18:21     all   36.49    0.00   14.29    0.00    0.00    0.01    0.00    0.00    0.00   49.21
15:18:22     all   34.22    0.00   16.43    0.00    0.00    0.00    0.00    0.00    0.00   49.35
15:18:23     all   32.49    0.00   17.71    0.00    0.00    0.00    0.00    0.00    0.00   49.80
15:18:24     all   33.43    0.00   16.62    0.00    0.00    0.00    0.00    0.00    0.00   49.96
15:18:25     all   33.28    0.00   16.92    0.00    0.00    0.00    0.00    0.00    0.00   49.80
15:18:26     all   30.34    0.00   16.44    0.00    0.00    0.00    0.00    0.00    0.00   53.21
15:18:27     all   31.67    0.00   17.41    0.00    0.00    0.01    0.00    0.00    0.00   50.91
15:18:28     all   33.79    0.00   15.46    0.00    0.00    0.01    0.00    0.00    0.00   50.74
15:18:29     all   32.59    0.00   16.09    0.01    0.00    0.00    0.00    0.00    0.00   51.31
15:18:30     all   34.17    0.00   17.00    0.00    0.00    0.00    0.00    0.00    0.00   48.83
15:18:31     all   33.62    0.00   16.68    0.00    0.00    0.01    0.00    0.00    0.00   49.69
15:18:32     all   33.60    0.01   16.35    0.00    0.00    0.00    0.00    0.00    0.00   50.03
15:18:33     all   33.32    0.00   16.61    0.00    0.00    0.01    0.00    0.00    0.00   50.06
15:18:34     all   34.01    0.00   16.69    0.00    0.00    0.01    0.00    0.00    0.00   49.28
15:18:35     all   32.75    0.00   17.91    0.00    0.00    0.00    0.00    0.00    0.00   49.34
15:18:36     all   32.71    0.00   17.85    0.00    0.00    0.00    0.00    0.00    0.00   49.44
15:18:37     all   32.04    0.00   18.36    0.00    0.00    0.00    0.00    0.00    0.00   49.60
15:18:38     all   30.81    0.00   19.60    0.00    0.00    0.00    0.00    0.00    0.00   49.60
15:18:39     all   32.34    0.00   18.24    0.00    0.00    0.00    0.00    0.00    0.00   49.42
15:18:40     all   32.92    0.00   17.81    0.00    0.00    0.01    0.00    0.00    0.00   49.26
15:18:41     all   30.89    0.00   19.40    0.00    0.00    0.00    0.00    0.00    0.00   49.72
15:18:42     all   30.65    0.00   20.09    0.00    0.00    0.00    0.00    0.00    0.00   49.26
15:18:43     all   29.73    0.00   20.89    0.00    0.00    0.00    0.00    0.00    0.00   49.38
15:18:44     all   30.89    0.00   20.40    0.00    0.00    0.00    0.00    0.00    0.00   48.71
15:18:45     all   30.09    0.00   20.82    0.00    0.00    0.03    0.00    0.00    0.00   49.06
15:18:46     all   30.95    0.00   19.87    0.00    0.00    0.00    0.00    0.00    0.00   49.17
15:18:47     all   31.46    0.00   18.67    0.00    0.00    0.00    0.00    0.00    0.00   49.87
15:18:48     all   31.75    0.00   18.09    0.00    0.00    0.00    0.00    0.00    0.00   50.16
15:18:49     all   30.91    0.00   19.31    0.00    0.00    0.00    0.00    0.00    0.00   49.78
15:18:50     all   30.58    0.00   20.13    0.00    0.00    0.01    0.00    0.00    0.00   49.28
15:18:51     all   31.97    0.00   20.21    0.00    0.00    0.00    0.00    0.00    0.00   47.82
15:18:52     all   29.33    0.00   21.56    0.00    0.00    0.00    0.00    0.00    0.00   49.11
15:18:53     all   29.14    0.00   21.33    0.00    0.00    0.01    0.00    0.00    0.00   49.52
15:18:54     all   29.50    0.00   21.04    0.00    0.00    0.00    0.00    0.00    0.00   49.46
15:18:55     all   29.68    0.00   20.01    0.00    0.00    0.00    0.00    0.00    0.00   50.31
15:18:56     all   30.85    0.00   19.61    0.00    0.00    0.01    0.00    0.00    0.00   49.52
15:18:57     all   29.95    0.00   20.46    0.00    0.00    0.01    0.00    0.00    0.00   49.58
15:18:58     all   28.88    0.00   21.51    0.00    0.00    0.00    0.00    0.00    0.00   49.60
15:18:59     all   30.57    0.00   19.93    0.00    0.00    0.01    0.00    0.00    0.00   49.49
15:19:00     all   29.67    0.00   20.68    0.00    0.00    0.00    0.00    0.00    0.00   49.65
15:19:01     all   31.09    0.00   19.69    0.01    0.00    0.00    0.00    0.00    0.00   49.21
15:19:02     all   30.64    0.00   19.86    0.00    0.00    0.00    0.00    0.00    0.00   49.51
15:19:03     all   31.98    0.00   18.41    0.00    0.00    0.00    0.00    0.00    0.00   49.61
15:19:04     all   31.63    0.00   18.67    0.00    0.00    0.01    0.00    0.00    0.00   49.69
15:19:05     all   29.96    0.00   20.18    0.00    0.00    0.01    0.00    0.00    0.00   49.85
15:19:06     all   29.91    0.01   20.38    0.00    0.00    0.00    0.00    0.00    0.00   49.70
15:19:07     all   34.71    0.00   17.07    0.00    0.00    0.01    0.00    0.00    0.00   48.21
15:19:08     all   36.78    0.00   14.92    0.00    0.00    0.00    0.00    0.00    0.00   48.30
15:19:09     all   37.93    0.00   12.95    0.00    0.00    0.01    0.00    0.00    0.00   49.10
15:19:10     all   38.16    0.00   13.71    0.00    0.00    0.01    0.00    0.00    0.00   48.12
15:19:11     all   34.56    0.00   15.78    0.00    0.00    0.00    0.00    0.00    0.00   49.67
15:19:12     all   32.06    0.00   18.36    0.00    0.00    0.00    0.00    0.00    0.00   49.58
15:19:13     all   38.54    0.00   12.11    0.00    0.00    0.01    0.00    0.00    0.00   49.34
15:19:14     all   37.58    0.00   12.84    0.00    0.00    0.00    0.00    0.00    0.00   49.58
15:19:15     all   38.38    0.00   12.19    0.00    0.00    0.00    0.00    0.00    0.00   49.43
15:19:16     all   36.81    0.00   13.88    0.00    0.00    0.00    0.00    0.00    0.00   49.31
15:19:17     all   33.37    0.00   16.84    0.00    0.00    0.00    0.00    0.00    0.00   49.79
15:19:18     all   32.46    0.00   18.18    0.00    0.00    0.00    0.00    0.00    0.00   49.35
15:19:19     all   32.47    0.00   17.55    0.00    0.00    0.00    0.00    0.00    0.00   49.97
15:19:20     all   37.84    0.00   12.77    0.00    0.00    0.00    0.00    0.00    0.00   49.39
15:19:21     all   37.14    0.00   13.51    0.00    0.00    0.01    0.00    0.00    0.00   49.34
15:19:22     all   39.93    0.00   11.29    0.00    0.00    0.00    0.00    0.00    0.00   48.78
15:19:23     all   38.42    0.00   12.06    0.00    0.00    0.01    0.00    0.00    0.00   49.51
15:19:24     all   36.78    0.00   14.14    0.00    0.00    0.00    0.00    0.00    0.00   49.08
15:19:25     all   35.74    0.00   14.74    0.00    0.00    0.00    0.00    0.00    0.00   49.53
15:19:26     all   37.08    0.00   13.35    0.00    0.00    0.03    0.00    0.00    0.00   49.54
15:19:27     all   37.93    0.00   12.94    0.00    0.00    0.00    0.00    0.00    0.00   49.13
15:19:28     all   36.22    0.00   14.41    0.00    0.00    0.00    0.00    0.00    0.00   49.37
15:19:29     all   37.56    0.00   13.13    0.00    0.00    0.03    0.00    0.00    0.00   49.28
15:19:30     all   37.71    0.00   13.91    0.00    0.00    0.01    0.00    0.00    0.00   48.37
15:19:31     all   35.64    0.00   15.19    0.00    0.00    0.01    0.00    0.00    0.00   49.15
15:19:32     all   35.46    0.01   15.94    0.00    0.00    0.01    0.00    0.00    0.00   48.57
15:19:33     all   35.77    0.00   15.62    0.00    0.00    0.00    0.00    0.00    0.00   48.61
15:19:34     all   34.14    0.00   15.87    0.00    0.00    0.00    0.00    0.00    0.00   49.99
15:19:35     all   33.21    0.00   16.93    0.00    0.00    0.01    0.00    0.00    0.00   49.85
15:19:36     all   33.12    0.00   16.99    0.00    0.00    0.00    0.00    0.00    0.00   49.90
15:19:37     all   36.09    0.00   14.20    0.00    0.00    0.00    0.00    0.00    0.00   49.70
15:19:38     all   37.35    0.00   13.39    0.00    0.00    0.01    0.00    0.00    0.00   49.24
15:19:39     all   36.99    0.00   13.33    0.00    0.00    0.00    0.00    0.00    0.00   49.67
15:19:40     all   36.79    0.00   13.83    0.00    0.00    0.00    0.00    0.00    0.00   49.38
15:19:41     all   34.99    0.00   15.75    0.00    0.00    0.01    0.00    0.00    0.00   49.24
15:19:42     all   36.41    0.00   14.07    0.00    0.00    0.01    0.00    0.00    0.00   49.51
15:19:43     all   37.26    0.00   14.32    0.00    0.00    0.00    0.00    0.00    0.00   48.42
15:19:44     all   34.37    0.00   16.08    0.00    0.00    0.01    0.00    0.00    0.00   49.54
15:19:45     all   34.21    0.00   16.16    0.00    0.00    0.00    0.00    0.00    0.00   49.62
15:19:46     all   35.47    0.00   15.14    0.00    0.00    0.00    0.00    0.00    0.00   49.39
15:19:47     all   36.09    0.00   15.00    0.00    0.00    0.01    0.00    0.00    0.00   48.90
15:19:48     all   35.89    0.00   15.00    0.00    0.00    0.00    0.00    0.00    0.00   49.12
15:19:49     all   34.88    0.00   15.69    0.00    0.00    0.00    0.00    0.00    0.00   49.43
15:19:50     all   36.11    0.00   14.33    0.00    0.00    0.01    0.00    0.00    0.00   49.55
15:19:51     all   35.43    0.00   15.77    0.00    0.00    0.00    0.00    0.00    0.00   48.80
15:19:52     all   36.05    0.00   16.10    0.00    0.00    0.01    0.00    0.00    0.00   47.83
15:19:53     all   36.17    0.01   16.33    0.00    0.00    0.03    0.00    0.00    0.00   47.46
15:19:54     all   38.52    0.00   14.85    0.00    0.00    0.00    0.00    0.00    0.00   46.63
15:19:55     all   36.95    0.00   13.86    0.00    0.00    0.01    0.00    0.00    0.00   49.17
15:19:56     all   37.88    0.00   13.40    0.00    0.00    0.00    0.00    0.00    0.00   48.72
15:19:57     all   36.66    0.00   14.14    0.00    0.00    0.00    0.00    0.00    0.00   49.20
15:19:58     all   35.81    0.00   14.91    0.00    0.00    0.00    0.00    0.00    0.00   49.28
15:19:59     all   35.14    0.01   15.33    0.00    0.00    0.00    0.00    0.00    0.00   49.51
15:20:00     all   34.90    0.00   15.77    0.00    0.00    0.00    0.00    0.00    0.00   49.33
15:20:01     all   36.67    0.00   15.36    0.00    0.00    0.01    0.00    0.00    0.00   47.96
15:20:02     all   36.20    0.00   16.60    0.00    0.00    0.00    0.00    0.00    0.00   47.20
15:20:03     all   36.04    0.00   16.96    0.00    0.00    0.00    0.00    0.00    0.00   47.00
15:20:04     all   36.16    0.00   15.69    0.00    0.00    0.00    0.00    0.00    0.00   48.14
15:20:05     all   35.68    0.00   14.79    0.00    0.00    0.00    0.00    0.00    0.00   49.53
15:20:06     all   33.41    0.00   17.56    0.00    0.00    0.00    0.00    0.00    0.00   49.03
15:20:07     all   34.54    0.00   16.01    0.00    0.00    0.01    0.00    0.00    0.00   49.44
15:20:08     all   36.03    0.00   14.58    0.00    0.00    0.00    0.00    0.00    0.00   49.39
15:20:09     all   35.21    0.00   15.90    0.00    0.00    0.00    0.00    0.00    0.00   48.90
15:20:10     all   35.15    0.01   15.31    0.00    0.00    0.00    0.00    0.00    0.00   49.53
15:20:11     all   34.72    0.00   15.95    0.01    0.00    0.00    0.00    0.00    0.00   49.31
15:20:12     all   34.22    0.00   16.29    0.00    0.00    0.01    0.00    0.00    0.00   49.47
15:20:13     all   34.45    0.01   16.03    0.01    0.00    0.00    0.00    0.00    0.00   49.50
15:20:14     all   32.55    0.00   18.49    0.00    0.00    0.01    0.00    0.00    0.00   48.94
15:20:15     all   33.34    0.00   17.41    0.00    0.00    0.00    0.00    0.00    0.00   49.25
15:20:16     all   34.31    0.00   16.77    0.00    0.00    0.00    0.00    0.00    0.00   48.92
15:20:17     all   35.76    0.00   16.56    0.00    0.00    0.01    0.00    0.00    0.00   47.67
15:20:18     all   32.85    0.00   17.97    0.00    0.00    0.00    0.00    0.00    0.00   49.18
15:20:19     all   34.92    0.00   15.84    0.00    0.00    0.00    0.00    0.00    0.00   49.24
15:20:20     all   31.76    0.00   18.98    0.00    0.00    0.00    0.00    0.00    0.00   49.26
15:20:21     all   31.51    0.00   18.95    0.00    0.00    0.01    0.00    0.00    0.00   49.53
15:20:22     all   31.79    0.00   18.85    0.00    0.00    0.01    0.00    0.00    0.00   49.35
15:20:23     all   32.82    0.00   17.86    0.00    0.00    0.00    0.00    0.00    0.00   49.32
15:20:24     all   32.49    0.00   17.84    0.00    0.00    0.00    0.00    0.00    0.00   49.67
15:20:25     all   32.81    0.00   18.05    0.00    0.00    0.03    0.00    0.00    0.00   49.12
15:20:26     all   32.43    0.00   18.41    0.00    0.00    0.00    0.00    0.00    0.00   49.16
15:20:27     all   32.26    0.00   18.15    0.00    0.00    0.00    0.00    0.00    0.00   49.59
15:20:28     all   34.76    0.00   16.65    0.00    0.00    0.01    0.00    0.00    0.00   48.58
15:20:29     all   34.80    0.00   16.15    0.00    0.00    0.00    0.00    0.00    0.00   49.05
15:20:30     all   32.76    0.00   18.08    0.00    0.00    0.00    0.00    0.00    0.00   49.16
15:20:31     all   33.70    0.00   16.83    0.00    0.00    0.00    0.00    0.00    0.00   49.46
15:20:32     all   34.43    0.00   16.26    0.00    0.00    0.00    0.00    0.00    0.00   49.31
15:20:33     all   34.15    0.00   16.33    0.00    0.00    0.01    0.00    0.00    0.00   49.51
15:20:34     all   34.08    0.00   16.72    0.00    0.00    0.00    0.00    0.00    0.00   49.21
15:20:35     all   34.63    0.00   16.79    0.00    0.00    0.01    0.00    0.00    0.00   48.56
15:20:36     all   36.11    0.00   15.63    0.00    0.00    0.00    0.00    0.00    0.00   48.26
15:20:37     all   35.42    0.00   15.26    0.00    0.00    0.03    0.00    0.00    0.00   49.29
15:20:38     all   34.13    0.00   16.18    0.00    0.00    0.00    0.00    0.00    0.00   49.69
15:20:39     all   34.60    0.00   16.37    0.00    0.00    0.01    0.00    0.00    0.00   49.01
15:20:40     all   36.83    0.00   15.87    0.00    0.00    0.00    0.00    0.00    0.00   47.30
15:20:41     all   34.42    0.00   16.46    0.00    0.00    0.00    0.00    0.00    0.00   49.12
15:20:42     all   34.92    0.00   15.95    0.00    0.00    0.01    0.00    0.00    0.00   49.12
15:20:43     all   35.59    0.00   16.78    0.00    0.00    0.00    0.00    0.00    0.00   47.63
15:20:44     all   33.73    0.00   16.97    0.00    0.00    0.00    0.00    0.00    0.00   49.30
15:20:45     all   34.38    0.00   16.76    0.00    0.00    0.01    0.00    0.00    0.00   48.85
15:20:46     all   33.62    0.00   17.10    0.00    0.00    0.00    0.00    0.00    0.00   49.28
15:20:47     all   33.89    0.00   16.72    0.00    0.00    0.00    0.00    0.00    0.00   49.39
15:20:48     all   33.56    0.00   17.22    0.00    0.00    0.01    0.00    0.00    0.00   49.21
15:20:49     all   34.64    0.00   15.73    0.00    0.00    0.00    0.00    0.00    0.00   49.63
15:20:50     all   34.75    0.00   15.87    0.00    0.00    0.00    0.00    0.00    0.00   49.38
15:20:51     all   35.65    0.00   15.60    0.00    0.00    0.00    0.00    0.00    0.00   48.75
15:20:52     all   35.66    0.00   14.88    0.00    0.00    0.01    0.00    0.00    0.00   49.44
15:20:53     all   34.55    0.00   16.31    0.00    0.00    0.00    0.00    0.00    0.00   49.14
15:20:54     all   35.37    0.00   15.36    0.00    0.00    0.00    0.00    0.00    0.00   49.27
15:20:55     all   34.14    0.00   16.32    0.00    0.00    0.00    0.00    0.00    0.00   49.54
15:20:56     all   34.61    0.00   16.62    0.00    0.00    0.01    0.00    0.00    0.00   48.76
15:20:57     all   34.54    0.00   17.51    0.00    0.00    0.00    0.00    0.00    0.00   47.94
15:20:58     all   32.82    0.00   18.34    0.00    0.00    0.01    0.00    0.00    0.00   48.83
15:20:59     all   33.47    0.00   17.32    0.00    0.00    0.00    0.00    0.00    0.00   49.21
15:21:00     all   34.21    0.00   17.07    0.00    0.00    0.00    0.00    0.00    0.00   48.72
15:21:01     all   35.25    0.00   17.35    0.00    0.00    0.01    0.00    0.00    0.00   47.39
15:21:02     all   35.78    0.00   17.94    0.00    0.00    0.01    0.00    0.00    0.00   46.27
15:21:03     all   35.70    0.00   17.99    0.00    0.00    0.00    0.00    0.00    0.00   46.32
15:21:04     all   36.14    0.00   17.37    0.00    0.00    0.00    0.00    0.00    0.00   46.49
15:21:05     all   35.14    0.00   16.97    0.00    0.00    0.04    0.00    0.00    0.00   47.85
15:21:06     all   35.18    0.00   16.90    0.00    0.00    0.00    0.00    0.00    0.00   47.93
15:21:07     all   34.18    0.49   17.50    0.00    0.00    0.01    0.00    0.00    0.00   47.82
15:21:08     all   35.90    1.28   15.04    0.00    0.00    0.00    0.00    0.00    0.00   47.78
15:21:09     all   34.60    1.27   16.02    0.00    0.00    0.01    0.00    0.00    0.00   48.10
15:21:10     all   32.70    1.25   18.17    0.00    0.00    0.00    0.00    0.00    0.00   47.88
15:21:11     all   31.81    1.24   18.92    0.00    0.00    0.01    0.00    0.00    0.00   48.02
15:21:12     all   34.84    0.75   16.88    0.03    0.00    0.00    0.00    0.00    0.00   47.50
15:21:13     all   34.29    1.39   16.46    0.00    0.00    0.01    0.00    0.00    0.00   47.85
15:21:14     all   32.41    1.39   18.32    0.00    0.00    0.00    0.00    0.00    0.00   47.88
15:21:15     all   33.84    1.39   16.78    0.00    0.00    0.00    0.00    0.00    0.00   47.98
15:21:16     all   33.52    1.10   17.42    0.01    0.00    0.01    0.00    0.00    0.00   47.94
15:21:17     all   32.46    1.39   18.32    0.00    0.00    0.00    0.00    0.00    0.00   47.83
15:21:18     all   32.91    1.21   18.06    0.00    0.00    0.00    0.00    0.00    0.00   47.83
15:21:19     all   33.39    1.18   17.47    0.00    0.00    0.00    0.00    0.00    0.00   47.96
15:21:20     all   31.94    0.92   18.86    0.00    0.00    0.00    0.00    0.00    0.00   48.28
15:21:21     all   34.83    0.00   17.16    0.00    0.00    0.01    0.00    0.00    0.00   48.00
15:21:22     all   35.41    0.00   16.82    0.00    0.00    0.00    0.00    0.00    0.00   47.76
15:21:23     all   34.98    0.00   17.22    0.00    0.00    0.00    0.00    0.00    0.00   47.81
15:21:24     all   34.35    0.00   18.34    0.00    0.00    0.01    0.00    0.00    0.00   47.29
15:21:25     all   36.21    0.00   16.98    0.00    0.00    0.00    0.00    0.00    0.00   46.82
15:21:26     all   36.60    0.00   16.84    0.00    0.00    0.01    0.00    0.00    0.00   46.55
15:21:27     all   36.50    0.00   17.14    0.00    0.00    0.00    0.00    0.00    0.00   46.36
15:21:28     all   33.96    0.00   17.38    0.00    0.00    0.00    0.00    0.00    0.00   48.67
15:21:29     all   35.25    0.00   18.89    0.07    0.00    0.01    0.00    0.00    0.00   45.77
15:21:30     all   35.29    0.00   19.20    0.00    0.00    0.03    0.00    0.00    0.00   45.48
15:21:31     all   35.73    0.00   18.99    0.00    0.00    0.00    0.00    0.00    0.00   45.28
15:21:32     all   33.63    0.03   20.13    0.00    0.00    0.01    0.00    0.00    0.00   46.20
15:21:33     all   33.00    0.00   18.38    0.00    0.00    0.01    0.00    0.00    0.00   48.60
15:21:34     all   32.71    0.00   17.77    0.01    0.00    0.00    0.00    0.00    0.00   49.51
15:21:35     all   32.61    0.00   18.19    0.00    0.00    0.01    0.00    0.00    0.00   49.19
15:21:36     all   32.78    0.00   17.64    0.00    0.00    0.00    0.00    0.00    0.00   49.58
15:21:37     all   32.51    0.00   18.59    0.01    0.00    0.03    0.00    0.00    0.00   48.87
15:21:38     all   31.82    0.00   19.75    0.00    0.00    0.00    0.00    0.00    0.00   48.42
15:21:39     all   31.75    0.00   19.85    0.00    0.00    0.00    0.00    0.00    0.00   48.40
15:21:40     all   32.81    0.00   17.81    0.01    0.00    0.00    0.00    0.00    0.00   49.36
15:21:41     all   32.69    0.00   17.99    0.00    0.00    0.00    0.00    0.00    0.00   49.33
15:21:42     all   33.61    0.00   16.94    0.00    0.00    0.01    0.00    0.00    0.00   49.44
15:21:43     all   33.44    0.00   17.55    0.00    0.00    0.00    0.00    0.00    0.00   49.01
15:21:44     all   32.61    0.00   18.01    0.00    0.00    0.00    0.00    0.00    0.00   49.38
15:21:45     all   32.73    0.00   17.71    0.00    0.00    0.00    0.00    0.00    0.00   49.56
15:21:46     all   32.23    0.00   18.67    0.00    0.00    0.00    0.00    0.00    0.00   49.10
15:21:47     all   31.75    0.00   18.94    0.00    0.00    0.00    0.00    0.00    0.00   49.31
15:21:48     all   32.69    0.00   19.17    0.00    0.00    0.01    0.00    0.00    0.00   48.12
15:21:49     all   32.67    0.00   18.95    0.00    0.00    0.01    0.00    0.00    0.00   48.37
15:21:50     all   33.76    0.00   17.92    0.00    0.00    0.00    0.00    0.00    0.00   48.32
15:21:51     all   32.14    0.00   18.61    0.00    0.00    0.00    0.00    0.00    0.00   49.25
15:21:52     all   31.55    0.00   19.21    0.00    0.00    0.00    0.00    0.00    0.00   49.24
15:21:53     all   31.03    0.00   19.50    0.00    0.00    0.00    0.00    0.00    0.00   49.47
15:21:54     all   31.87    0.00   18.83    0.00    0.00    0.00    0.00    0.00    0.00   49.29
15:21:55     all   30.97    0.00   19.61    0.00    0.00    0.01    0.00    0.00    0.00   49.41
15:21:56     all   31.91    0.00   18.57    0.00    0.00    0.00    0.00    0.00    0.00   49.52
15:21:57     all   32.15    0.00   18.57    0.00    0.00    0.00    0.00    0.00    0.00   49.28
15:21:58     all   30.72    0.00   20.26    0.00    0.00    0.01    0.00    0.00    0.00   49.01
15:21:59     all   30.04    0.00   20.67    0.00    0.00    0.00    0.00    0.00    0.00   49.28
15:22:00     all   33.50    0.00   18.81    0.00    0.00    0.00    0.00    0.00    0.00   47.69
15:22:01     all   32.49    0.00   18.24    0.00    0.00    0.01    0.00    0.00    0.00   49.26
15:22:02     all   33.04    0.00   17.87    0.00    0.00    0.01    0.00    0.00    0.00   49.08
15:22:03     all   33.87    0.00   16.84    0.00    0.00    0.00    0.00    0.00    0.00   49.29
15:22:04     all   33.09    0.00   18.25    0.00    0.00    0.00    0.00    0.00    0.00   48.66
15:22:05     all   31.87    0.00   18.82    0.00    0.00    0.00    0.00    0.00    0.00   49.31
15:22:06     all   32.44    0.00   18.39    0.00    0.00    0.01    0.00    0.00    0.00   49.15
15:22:07     all   32.47    0.00   17.80    0.00    0.00    0.00    0.00    0.00    0.00   49.73
15:22:08     all   33.33    0.00   17.37    0.00    0.00    0.01    0.00    0.00    0.00   49.28
15:22:09     all   32.56    0.00   18.44    0.00    0.00    0.00    0.00    0.00    0.00   48.99
15:22:10     all   31.02    0.00   19.37    0.00    0.00    0.00    0.00    0.00    0.00   49.62
15:22:11     all   33.10    0.00   17.96    0.00    0.00    0.01    0.00    0.00    0.00   48.93
15:22:12     all   32.88    0.00   18.17    0.00    0.00    0.00    0.00    0.00    0.00   48.95
15:22:13     all   33.36    0.00   18.67    0.00    0.00    0.01    0.00    0.00    0.00   47.96
15:22:14     all   32.97    0.01   18.12    0.00    0.00    0.04    0.00    0.00    0.00   48.85
15:22:15     all   34.10    0.00   16.45    0.00    0.00    0.00    0.00    0.00    0.00   49.45
15:22:16     all   33.55    0.00   18.40    0.00    0.00    0.00    0.00    0.00    0.00   48.05
15:22:17     all   31.90    0.00   19.37    0.00    0.00    0.00    0.00    0.00    0.00   48.73
15:22:18     all   30.26    0.00   20.40    0.00    0.00    0.00    0.00    0.00    0.00   49.35
15:22:19     all   34.46    0.00   16.46    0.00    0.00    0.01    0.00    0.00    0.00   49.07
15:22:20     all   35.58    0.00   15.64    0.00    0.00    0.00    0.00    0.00    0.00   48.78
15:22:21     all   33.85    0.00   16.70    0.00    0.00    0.00    0.00    0.00    0.00   49.44
15:22:22     all   33.19    0.00   18.13    0.00    0.00    0.00    0.00    0.00    0.00   48.67
15:22:23     all   32.43    0.00   18.34    0.00    0.00    0.01    0.00    0.00    0.00   49.21
15:22:24     all   34.47    0.00   16.34    0.00    0.00    0.00    0.00    0.00    0.00   49.19
15:22:25     all   33.44    0.01   17.47    0.00    0.00    0.00    0.00    0.00    0.00   49.08
15:22:26     all   31.11    0.00   19.24    0.00    0.00    0.00    0.00    0.00    0.00   49.65
15:22:27     all   33.60    0.00   17.07    0.00    0.00    0.01    0.00    0.00    0.00   49.31
15:22:28     all   32.80    0.00   17.86    0.00    0.00    0.00    0.00    0.00    0.00   49.35
15:22:29     all   31.67    0.00   18.72    0.00    0.00    0.00    0.00    0.00    0.00   49.61
15:22:30     all   34.55    0.00   16.44    0.00    0.00    0.00    0.00    0.00    0.00   49.00
15:22:31     all   33.34    0.00   17.21    0.00    0.00    0.00    0.00    0.00    0.00   49.44
15:22:32     all   33.18    0.00   17.44    0.00    0.00    0.01    0.00    0.00    0.00   49.37
15:22:33     all   31.27    0.00   19.45    0.00    0.00    0.00    0.00    0.00    0.00   49.28
15:22:34     all   31.80    0.00   18.99    0.00    0.00    0.00    0.00    0.00    0.00   49.21
15:22:35     all   33.68    0.00   17.50    0.00    0.00    0.01    0.00    0.00    0.00   48.81
15:22:36     all   35.18    0.00   17.47    0.00    0.00    0.00    0.00    0.00    0.00   47.35
15:22:37     all   32.64    0.00   17.77    0.00    0.00    0.00    0.00    0.00    0.00   49.59
15:22:38     all   33.28    0.00   17.39    0.00    0.00    0.01    0.00    0.00    0.00   49.32
15:22:39     all   31.91    0.00   18.92    0.00    0.00    0.01    0.00    0.00    0.00   49.16
15:22:40     all   34.03    0.00   16.76    0.00    0.00    0.00    0.00    0.00    0.00   49.21
15:22:41     all   32.24    0.00   18.92    0.00    0.00    0.00    0.00    0.00    0.00   48.84
15:22:42     all   32.69    0.00   19.38    0.00    0.00    0.00    0.00    0.00    0.00   47.92
15:22:43     all   33.45    0.00   17.01    0.00    0.00    0.01    0.00    0.00    0.00   49.53
15:22:44     all   31.60    0.00   19.18    0.00    0.00    0.00    0.00    0.00    0.00   49.22
15:22:45     all   32.08    0.00   18.44    0.00    0.00    0.00    0.00    0.00    0.00   49.49
15:22:46     all   32.31    0.00   18.75    0.00    0.00    0.00    0.00    0.00    0.00   48.94
15:22:47     all   33.18    0.00   17.53    0.03    0.00    0.01    0.00    0.00    0.00   49.25
15:22:48     all   31.63    0.00   19.03    0.00    0.00    0.00    0.00    0.00    0.00   49.35
15:22:49     all   33.89    0.00   16.78    0.00    0.00    0.00    0.00    0.00    0.00   49.33
15:22:50     all   32.17    0.00   18.72    0.00    0.00    0.00    0.00    0.00    0.00   49.12
15:22:51     all   34.56    0.00   16.16    0.00    0.00    0.00    0.00    0.00    0.00   49.28
15:22:52     all   34.27    0.00   17.27    0.00    0.00    0.01    0.00    0.00    0.00   48.45
15:22:53     all   34.64    0.00   16.07    0.00    0.00    0.00    0.00    0.00    0.00   49.29
15:22:54     all   33.94    0.00   16.40    0.00    0.00    0.00    0.00    0.00    0.00   49.66
15:22:55     all   32.96    0.00   17.72    0.00    0.00    0.00    0.00    0.00    0.00   49.32
15:22:56     all   31.39    0.00   19.62    0.00    0.00    0.01    0.00    0.00    0.00   48.97
15:22:57     all   33.50    0.00   17.83    0.00    0.00    0.00    0.00    0.00    0.00   48.68
15:22:58     all   34.40    0.00   18.05    0.00    0.00    0.00    0.00    0.00    0.00   47.55
15:22:59     all   31.37    0.00   20.40    0.00    0.00    0.00    0.00    0.00    0.00   48.23
15:23:00     all   31.31    0.00   19.15    0.00    0.00    0.01    0.00    0.00    0.00   49.52
15:23:01     all   33.17    0.00   17.88    0.00    0.00    0.03    0.00    0.00    0.00   48.92
15:23:02     all   31.97    0.00   18.41    0.00    0.00    0.00    0.00    0.00    0.00   49.62
15:23:03     all   32.06    0.00   19.94    0.00    0.00    0.01    0.00    0.00    0.00   47.98
15:23:04     all   31.26    0.00   19.47    0.00    0.00    0.00    0.00    0.00    0.00   49.27
15:23:05     all   34.51    0.00   15.84    0.00    0.00    0.00    0.00    0.00    0.00   49.65
15:23:06     all   34.49    0.00   16.82    0.00    0.00    0.00    0.00    0.00    0.00   48.69
15:23:07     all   33.48    0.00   17.48    0.00    0.00    0.00    0.00    0.00    0.00   49.04
15:23:08     all   33.59    0.00   17.70    0.00    0.00    0.00    0.00    0.00    0.00   48.71
15:23:09     all   31.07    0.00   19.45    0.00    0.00    0.01    0.00    0.00    0.00   49.46
15:23:10     all   33.78    0.00   16.94    0.00    0.00    0.00    0.00    0.00    0.00   49.28
15:23:11     all   32.19    0.00   18.23    0.00    0.00    0.00    0.00    0.00    0.00   49.58
15:23:12     all   31.21    0.00   19.83    0.00    0.00    0.00    0.00    0.00    0.00   48.96
15:23:13     all   33.21    0.00   17.46    0.00    0.00    0.00    0.00    0.00    0.00   49.33
15:23:14     all   33.27    0.00   17.26    0.00    0.00    0.01    0.00    0.00    0.00   49.46
15:23:15     all   33.78    0.00   16.78    0.00    0.00    0.00    0.00    0.00    0.00   49.44
15:23:16     all   32.41    0.00   17.94    0.00    0.00    0.01    0.00    0.00    0.00   49.63
15:23:17     all   32.87    0.00   18.20    0.00    0.00    0.00    0.00    0.00    0.00   48.93
15:23:18     all   31.45    0.00   19.15    0.00    0.00    0.01    0.00    0.00    0.00   49.38
15:23:19     all   32.16    0.00   18.22    0.00    0.00    0.00    0.00    0.00    0.00   49.62
15:23:20     all   33.75    0.00   17.26    0.00    0.00    0.00    0.00    0.00    0.00   48.99
15:23:21     all   34.17    0.00   16.88    0.00    0.00    0.00    0.00    0.00    0.00   48.96
15:23:22     all   33.23    0.00   19.08    0.00    0.00    0.01    0.00    0.00    0.00   47.67
15:23:23     all   31.11    0.00   19.73    0.00    0.00    0.00    0.00    0.00    0.00   49.16
15:23:24     all   29.57    0.00   21.62    0.00    0.00    0.00    0.00    0.00    0.00   48.81
15:23:25     all   31.55    0.00   18.96    0.00    0.00    0.00    0.00    0.00    0.00   49.49
15:23:26     all   33.82    0.00   16.92    0.00    0.00    0.00    0.00    0.00    0.00   49.26
15:23:27     all   31.73    0.00   19.08    0.00    0.00    0.01    0.00    0.00    0.00   49.17
15:23:28     all   30.84    0.00   19.64    0.00    0.00    0.00    0.00    0.00    0.00   49.52
15:23:29     all   32.02    0.00   18.51    0.00    0.00    0.00    0.00    0.00    0.00   49.46
15:23:30     all   34.51    0.00   15.88    0.00    0.00    0.00    0.00    0.00    0.00   49.62
15:23:31     all   34.11    0.00   16.85    0.00    0.00    0.01    0.00    0.00    0.00   49.03
15:23:32     all   32.78    0.03   18.02    0.00    0.00    0.00    0.00    0.00    0.00   49.17
15:23:33     all   31.62    0.00   19.02    0.00    0.00    0.00    0.00    0.00    0.00   49.37
15:23:34     all   31.15    0.00   19.53    0.00    0.00    0.00    0.00    0.00    0.00   49.32
15:23:35     all   33.65    0.00   16.90    0.00    0.00    0.01    0.00    0.00    0.00   49.44
15:23:36     all   33.04    0.00   17.38    0.00    0.00    0.00    0.00    0.00    0.00   49.58
15:23:37     all   33.07    0.00   17.61    0.00    0.00    0.01    0.00    0.00    0.00   49.30
15:23:38     all   34.46    0.00   17.11    0.00    0.00    0.01    0.00    0.00    0.00   48.42
15:23:39     all   33.69    0.00   16.80    0.00    0.00    0.00    0.00    0.00    0.00   49.51
15:23:40     all   34.49    0.00   17.71    0.00    0.00    0.01    0.00    0.00    0.00   47.79
15:23:41     all   32.51    0.00   18.13    0.00    0.00    0.00    0.00    0.00    0.00   49.36
15:23:42     all   31.22    0.00   19.09    0.00    0.00    0.00    0.00    0.00    0.00   49.69
15:23:43     all   33.77    0.00   17.60    0.00    0.00    0.01    0.00    0.00    0.00   48.62
15:23:44     all   34.54    0.00   16.42    0.00    0.00    0.00    0.00    0.00    0.00   49.03
15:23:45     all   36.07    0.00   17.37    0.00    0.00    0.01    0.00    0.00    0.00   46.54
15:23:46     all   33.79    0.00   17.47    0.00    0.00    0.01    0.00    0.00    0.00   48.72
15:23:47     all   31.63    0.00   18.93    0.00    0.00    0.00    0.00    0.00    0.00   49.44
15:23:48     all   34.55    0.01   16.45    0.00    0.00    0.00    0.00    0.00    0.00   48.99
15:23:49     all   34.59    0.00   17.15    0.00    0.00    0.01    0.00    0.00    0.00   48.24
15:23:50     all   32.11    0.00   18.85    0.00    0.00    0.00    0.00    0.00    0.00   49.04
15:23:51     all   32.22    0.00   18.53    0.00    0.00    0.01    0.00    0.00    0.00   49.24
15:23:52     all   33.12    0.00   17.50    0.00    0.00    0.01    0.00    0.00    0.00   49.37
15:23:53     all   34.69    0.00   16.15    0.00    0.00    0.01    0.00    0.00    0.00   49.15
15:23:54     all   32.42    0.00   18.52    0.00    0.00    0.00    0.00    0.00    0.00   49.05
15:23:55     all   31.24    0.00   19.23    0.00    0.00    0.00    0.00    0.00    0.00   49.53
15:23:56     all   35.13    0.00   15.36    0.00    0.00    0.01    0.00    0.00    0.00   49.50
15:23:57     all   32.96    0.00   18.46    0.00    0.00    0.00    0.00    0.00    0.00   48.57
15:23:58     all   32.23    0.00   18.17    0.00    0.00    0.00    0.00    0.00    0.00   49.60
15:23:59     all   35.38    0.00   15.67    0.00    0.00    0.00    0.00    0.00    0.00   48.95
15:24:00     all   32.15    0.00   18.41    0.00    0.00    0.00    0.00    0.00    0.00   49.44
15:24:01     all   34.07    0.00   16.76    0.00    0.00    0.00    0.00    0.00    0.00   49.17
15:24:02     all   33.00    0.00   17.85    0.00    0.00    0.01    0.00    0.00    0.00   49.14
15:24:03     all   32.60    0.00   18.30    0.00    0.00    0.00    0.00    0.00    0.00   49.10
15:24:04     all   34.56    0.00   16.25    0.00    0.00    0.01    0.00    0.00    0.00   49.17
15:24:05     all   30.71    0.00   20.21    0.00    0.00    0.01    0.00    0.00    0.00   49.07
15:24:06     all   37.28    0.00   14.98    0.00    0.00    0.01    0.00    0.00    0.00   47.73
15:24:07     all   32.50    0.00   18.28    0.00    0.00    0.00    0.00    0.00    0.00   49.22
15:24:08     all   28.53    0.00   23.24    0.00    0.00    0.01    0.00    0.00    0.00   48.22
15:24:09     all   28.67    0.00   22.06    0.00    0.00    0.00    0.00    0.00    0.00   49.27
15:24:10     all   30.17    0.00   20.63    0.00    0.00    0.00    0.00    0.00    0.00   49.19
15:24:11     all   29.82    0.00   20.81    0.00    0.00    0.01    0.00    0.00    0.00   49.36
15:24:12     all   30.56    0.00   20.56    0.00    0.00    0.00    0.00    0.00    0.00   48.88
15:24:13     all   30.57    0.00   19.97    0.01    0.00    0.00    0.00    0.00    0.00   49.44
15:24:14     all   31.48    0.00   19.48    0.00    0.00    0.00    0.00    0.00    0.00   49.04
15:24:15     all   31.65    0.00   18.48    0.00    0.00    0.00    0.00    0.00    0.00   49.87
15:24:16     all   31.08    0.00   19.47    0.00    0.00    0.01    0.00    0.00    0.00   49.44
15:24:17     all   31.41    0.00   19.11    0.00    0.00    0.00    0.00    0.00    0.00   49.48
15:24:18     all   32.77    0.00   17.54    0.00    0.00    0.00    0.00    0.00    0.00   49.69
15:24:19     all   30.49    0.00   20.43    0.00    0.00    0.01    0.00    0.00    0.00   49.07
15:24:20     all   31.54    0.00   19.12    0.00    0.00    0.00    0.00    0.00    0.00   49.33
15:24:21     all   31.56    0.00   18.80    0.00    0.00    0.00    0.00    0.00    0.00   49.65
15:24:22     all   31.82    0.00   18.95    0.00    0.00    0.00    0.00    0.00    0.00   49.24
15:24:23     all   30.83    0.00   19.42    0.00    0.00    0.00    0.00    0.00    0.00   49.75
15:24:24     all   30.89    0.00   19.83    0.00    0.00    0.01    0.00    0.00    0.00   49.26
15:24:25     all   31.38    0.00   19.64    0.00    0.00    0.00    0.00    0.00    0.00   48.98
15:24:26     all   30.88    0.00   19.64    0.00    0.00    0.00    0.00    0.00    0.00   49.48
15:24:27     all   31.09    0.00   19.33    0.00    0.00    0.00    0.00    0.00    0.00   49.58
15:24:28     all   32.17    0.00   19.48    0.00    0.00    0.00    0.00    0.00    0.00   48.35
15:24:29     all   29.26    0.00   21.29    0.00    0.00    0.01    0.00    0.00    0.00   49.44
15:24:30     all   30.52    0.00   20.50    0.00    0.00    0.00    0.00    0.00    0.00   48.98
15:24:31     all   33.11    0.00   19.63    0.00    0.00    0.00    0.00    0.00    0.00   47.26
15:24:32     all   29.88    0.00   20.48    0.00    0.00    0.01    0.00    0.00    0.00   49.62
15:24:33     all   30.29    0.00   20.09    0.00    0.00    0.01    0.00    0.00    0.00   49.61
15:24:34     all   29.61    0.01   20.72    0.00    0.00    0.00    0.00    0.00    0.00   49.65
15:24:35     all   29.07    0.00   21.64    0.00    0.00    0.00    0.00    0.00    0.00   49.29
15:24:36     all   30.09    0.00   20.53    0.00    0.00    0.00    0.00    0.00    0.00   49.38
15:24:37     all   29.91    0.00   20.19    0.00    0.00    0.00    0.00    0.00    0.00   49.90
15:24:38     all   28.75    0.00   21.64    0.00    0.00    0.00    0.00    0.00    0.00   49.61
15:24:39     all   29.83    0.00   20.76    0.00    0.00    0.00    0.00    0.00    0.00   49.41
15:24:40     all   28.69    0.00   21.76    0.00    0.00    0.01    0.00    0.00    0.00   49.54
15:24:41     all   29.66    0.00   20.96    0.00    0.00    0.00    0.00    0.00    0.00   49.39
15:24:42     all   28.32    0.00   21.89    0.00    0.00    0.00    0.00    0.00    0.00   49.78
15:24:43     all   30.17    0.00   20.21    0.00    0.00    0.00    0.00    0.00    0.00   49.62
15:24:44     all   31.24    0.00   19.79    0.00    0.00    0.00    0.00    0.00    0.00   48.97
15:24:45     all   30.86    0.00   19.52    0.00    0.00    0.00    0.00    0.00    0.00   49.61
15:24:46     all   31.62    0.00   18.53    0.00    0.00    0.01    0.00    0.00    0.00   49.83
15:24:47     all   33.43    0.00   17.19    0.00    0.00    0.00    0.00    0.00    0.00   49.38
15:24:48     all   33.86    0.00   17.58    0.00    0.00    0.01    0.00    0.00    0.00   48.55
15:24:49     all   32.31    0.00   18.57    0.00    0.00    0.00    0.00    0.00    0.00   49.12
15:24:50     all   32.87    0.00   17.62    0.00    0.00    0.00    0.00    0.00    0.00   49.51
15:24:51     all   31.91    0.00   18.68    0.00    0.00    0.00    0.00    0.00    0.00   49.41
15:24:52     all   31.59    0.00   18.79    0.00    0.00    0.01    0.00    0.00    0.00   49.60
15:24:53     all   31.17    0.00   20.02    0.00    0.00    0.00    0.00    0.00    0.00   48.81
15:24:54     all   30.51    0.00   20.96    0.00    0.00    0.00    0.00    0.00    0.00   48.53
15:24:55     all   31.14    0.00   19.37    0.00    0.00    0.01    0.00    0.00    0.00   49.47
Average:     all   31.45    0.03   14.75    0.00    0.00    0.00    0.00    0.00    0.00   53.76
