Linux 6.8.0-136-generic (856a17914eb3) 	08/10/26 	_x86_64_	(72 CPU)

16:15:14     CPU    %usr   %nice    %sys %iowait    %irq   %soft  %steal  %guest  %gnice   %idle
16:15:15     all   11.60    0.00    0.40    0.00    0.00    0.00    0.00    0.00    0.00   88.00
16:15:16     all    1.64    0.00    1.17    0.00    0.00    0.00    0.00    0.00    0.00   97.19
16:15:17     all    1.50    0.00    0.37    0.00    0.00    0.00    0.00    0.00    0.00   98.13
16:15:18     all    1.67    0.00    0.26    0.00    0.00    0.00    0.00    0.00    0.00   98.07
16:15:19     all    1.60    0.00    0.21    0.00    0.00    0.00    0.00    0.00    0.00   98.20
16:15:20     all    1.33    0.00    0.24    0.00    0.00    0.00    0.00    0.00    0.00   98.43
16:15:21     all    1.60    0.00    0.19    0.00    0.00    0.00    0.00    0.00    0.00   98.21
16:15:22     all    1.58    0.00    0.25    0.00    0.00    0.00    0.00    0.00    0.00   98.17
16:15:23     all    1.38    0.00    0.15    0.00    0.00    0.00    0.00    0.00    0.00   98.47
16:15:24     all    1.63    0.00    0.26    0.00    0.00    0.00    0.00    0.00    0.00   98.11
16:15:25     all    2.10    0.00    0.35    0.00    0.00    0.00    0.00    0.00    0.00   97.55
16:15:26     all    1.49    0.00    0.21    0.00    0.00    0.00    0.00    0.00    0.00   98.31
16:15:27     all    2.24    0.00    0.46    0.00    0.00    0.00    0.00    0.00    0.00   97.30
16:15:28     all    1.89    0.00    0.19    0.00    0.00    0.00    0.00    0.00    0.00   97.91
16:15:29     all    1.11    0.00    0.46    0.00    0.00    0.00    0.00    0.00    0.00   98.43
16:15:30     all    1.49    0.00    0.21    0.00    0.00    0.00    0.00    0.00    0.00   98.30
16:15:31     all    1.64    0.00    0.31    0.00    0.00    0.00    0.00    0.00    0.00   98.05
16:15:32     all    1.42    0.00    0.31    0.00    0.00    0.00    0.00    0.00    0.00   98.28
16:15:33     all    1.56    0.00    0.21    0.00    0.00    0.00    0.00    0.00    0.00   98.24
16:15:34     all    1.58    0.00    0.17    0.00    0.00    0.00    0.00    0.00    0.00   98.25
16:15:35     all    1.39    0.01    0.25    0.00    0.00    0.00    0.00    0.00    0.00   98.35
16:15:36     all    1.57    0.00    0.25    0.00    0.00    0.00    0.00    0.00    0.00   98.18
16:15:37     all    1.63    0.00    0.32    0.00    0.00    0.00    0.00    0.00    0.00   98.06
16:15:38     all    1.39    0.00    0.17    0.00    0.00    0.00    0.00    0.00    0.00   98.44
16:15:39     all    1.57    0.00    0.14    0.00    0.00    0.00    0.00    0.00    0.00   98.29
16:15:40     all    1.68    0.00    0.28    0.00    0.00    0.00    0.00    0.00    0.00   98.04
16:15:41     all    1.33    0.00    0.22    0.00    0.00    0.00    0.00    0.00    0.00   98.44
16:15:42     all    1.74    0.00    0.43    0.00    0.00    0.00    0.00    0.00    0.00   97.83
16:15:43     all   25.40    0.00    3.19    0.00    0.00    0.00    0.00    0.00    0.00   71.41
16:15:44     all   43.39    0.00    2.70    0.00    0.00    0.00    0.00    0.00    0.00   53.91
16:15:45     all   52.62    0.00    6.33    0.00    0.00    0.00    0.00    0.00    0.00   41.05
16:15:46     all   40.57    0.00    5.89    0.00    0.00    0.00    0.00    0.00    0.00   53.54
16:15:47     all   34.37    0.00    4.54    0.03    0.00    0.00    0.00    0.00    0.00   61.07
16:15:48     all   36.05    0.00    3.97    0.00    0.00    0.00    0.00    0.00    0.00   59.98
16:15:49     all   38.30    0.00    3.51    0.00    0.00    0.00    0.00    0.00    0.00   58.18
16:15:50     all   36.10    0.00    3.30    0.00    0.00    0.00    0.00    0.00    0.00   60.60
16:15:51     all   38.29    0.00    2.41    0.00    0.00    0.00    0.00    0.00    0.00   59.30
16:15:52     all   44.25    0.00    1.96    0.01    0.00    0.00    0.00    0.00    0.00   53.77
16:15:53     all   45.88    0.00    1.34    0.00    0.00    0.00    0.00    0.00    0.00   52.78
16:15:54     all   33.20    0.00    1.46    0.00    0.00    0.01    0.00    0.00    0.00   65.32
16:15:55     all   43.99    0.00    1.42    0.00    0.00    0.00    0.00    0.00    0.00   54.58
16:15:56     all   49.48    0.00    3.53    0.00    0.00    0.00    0.00    0.00    0.00   46.99
16:15:57     all   40.65    0.00    7.34    0.00    0.00    0.00    0.00    0.00    0.00   52.01
16:15:58     all   29.99    0.00    5.47    0.00    0.00    0.00    0.00    0.00    0.00   64.54
16:15:59     all   28.71    0.00    4.74    0.00    0.00    0.00    0.00    0.00    0.00   66.55
16:16:00     all   29.99    0.00    4.74    0.00    0.00    0.00    0.00    0.00    0.00   65.27
16:16:01     all   36.91    0.00    4.75    0.00    0.00    0.01    0.00    0.00    0.00   58.32
16:16:02     all   42.64    0.00    5.70    0.00    0.00    0.00    0.00    0.00    0.00   51.66
16:16:03     all   43.97    0.00    7.65    0.00    0.00    0.00    0.00    0.00    0.00   48.39
16:16:04     all   49.78    0.00    8.02    0.00    0.00    0.00    0.00    0.00    0.00   42.19
16:16:05     all   51.87    0.00   12.20    0.00    0.00    0.00    0.00    0.00    0.00   35.93
16:16:06     all   51.67    0.00   13.19    0.00    0.00    0.00    0.00    0.00    0.00   35.14
16:16:07     all   51.78    0.00   13.93    0.00    0.00    0.00    0.00    0.00    0.00   34.29
16:16:08     all   47.43    0.00   12.64    0.00    0.00    0.00    0.00    0.00    0.00   39.93
16:16:09     all   40.19    0.00   10.51    0.00    0.00    0.00    0.00    0.00    0.00   49.30
16:16:10     all   36.10    0.00   10.18    0.00    0.00    0.00    0.00    0.00    0.00   53.71
16:16:11     all   34.63    0.00    9.84    0.00    0.00    0.03    0.00    0.00    0.00   55.50
16:16:12     all   31.87    0.00    6.48    0.00    0.00    0.00    0.00    0.00    0.00   61.65
16:16:13     all   26.41    0.00    5.99    0.00    0.00    0.00    0.00    0.00    0.00   67.60
16:16:14     all   34.89    0.00    7.63    0.00    0.00    0.00    0.00    0.00    0.00   57.48
16:16:15     all   27.20    0.00    5.87    0.00    0.00    0.00    0.00    0.00    0.00   66.92
16:16:16     all   29.55    0.00    7.07    0.00    0.00    0.01    0.00    0.00    0.00   63.37
16:16:17     all   29.16    0.00    7.31    0.00    0.00    0.01    0.00    0.00    0.00   63.51
16:16:18     all   34.63    0.00    5.68    0.00    0.00    0.00    0.00    0.00    0.00   59.69
16:16:19     all   36.53    0.00    7.70    0.00    0.00    0.00    0.00    0.00    0.00   55.77
16:16:20     all   38.79    0.00    7.67    0.00    0.00    0.00    0.00    0.00    0.00   53.54
16:16:21     all   40.90    0.00    6.68    0.00    0.00    0.00    0.00    0.00    0.00   52.43
16:16:22     all   43.61    0.00    6.39    0.00    0.00    0.01    0.00    0.00    0.00   49.99
16:16:23     all   37.48    0.00    7.54    0.00    0.00    0.00    0.00    0.00    0.00   54.98
16:16:24     all   48.30    0.00    9.19    0.00    0.00    0.00    0.00    0.00    0.00   42.51
16:16:25     all   39.57    0.00    8.79    0.00    0.00    0.00    0.00    0.00    0.00   51.64
16:16:26     all   36.51    0.00    9.50    0.00    0.00    0.00    0.00    0.00    0.00   53.99
16:16:27     all   31.26    0.00    7.11    0.00    0.00    0.00    0.00    0.00    0.00   61.64
16:16:28     all   32.11    0.00    7.04    0.00    0.00    0.01    0.00    0.00    0.00   60.84
16:16:29     all   31.78    0.00    6.27    0.00    0.00    0.00    0.00    0.00    0.00   61.95
16:16:30     all   39.82    0.00    7.55    0.00    0.00    0.00    0.00    0.00    0.00   52.63
16:16:31     all   34.64    0.00    7.60    0.00    0.00    0.00    0.00    0.00    0.00   57.76
16:16:32     all   31.80    0.00    6.16    0.00    0.00    0.00    0.00    0.00    0.00   62.04
16:16:33     all   35.20    0.00    7.67    0.00    0.00    0.00    0.00    0.00    0.00   57.13
16:16:34     all   33.75    0.00    7.65    0.00    0.00    0.01    0.00    0.00    0.00   58.59
16:16:35     all   45.21    0.01    8.64    0.00    0.00    0.00    0.00    0.00    0.00   46.13
16:16:36     all   46.23    0.00    9.78    0.00    0.00    0.01    0.00    0.00    0.00   43.97
16:16:37     all   50.30    0.00    9.18    0.00    0.00    0.00    0.00    0.00    0.00   40.52
16:16:38     all   48.26    0.00   11.94    0.00    0.00    0.00    0.00    0.00    0.00   39.80
16:16:39     all   44.78    0.00   10.67    0.00    0.00    0.00    0.00    0.00    0.00   44.55
16:16:40     all   29.02    0.00    7.12    0.00    0.00    0.00    0.00    0.00    0.00   63.85
16:16:41     all   34.02    0.00    7.07    0.00    0.00    0.01    0.00    0.00    0.00   58.89
16:16:42     all   35.40    0.00    7.37    0.00    0.00    0.00    0.00    0.00    0.00   57.23
16:16:43     all   38.22    0.00    8.22    0.00    0.00    0.00    0.00    0.00    0.00   53.56
16:16:44     all   41.75    0.00    9.79    0.00    0.00    0.00    0.00    0.00    0.00   48.46
16:16:45     all   37.17    0.00    9.13    0.00    0.00    0.00    0.00    0.00    0.00   53.70
16:16:46     all   31.48    0.00    8.70    0.00    0.00    0.00    0.00    0.00    0.00   59.82
16:16:47     all   38.66    0.00    8.18    0.00    0.00    0.00    0.00    0.00    0.00   53.16
16:16:48     all   39.26    0.00    9.43    0.00    0.00    0.00    0.00    0.00    0.00   51.32
16:16:49     all   35.13    0.00    9.04    0.00    0.00    0.00    0.00    0.00    0.00   55.84
16:16:50     all   34.39    0.00    9.58    0.00    0.00    0.00    0.00    0.00    0.00   56.02
16:16:51     all   41.72    0.00   10.82    0.00    0.00    0.00    0.00    0.00    0.00   47.46
16:16:52     all   45.44    0.00   12.84    0.00    0.00    0.01    0.00    0.00    0.00   41.71
16:16:53     all   46.83    0.00   12.41    0.00    0.00    0.00    0.00    0.00    0.00   40.76
16:16:54     all   46.42    0.00   11.74    0.00    0.00    0.00    0.00    0.00    0.00   41.83
16:16:55     all   48.90    0.00   12.39    0.00    0.00    0.00    0.00    0.00    0.00   38.71
16:16:56     all   48.08    0.00   13.45    0.00    0.00    0.00    0.00    0.00    0.00   38.47
16:16:57     all   42.53    0.00   11.73    0.00    0.00    0.01    0.00    0.00    0.00   45.73
16:16:58     all   45.47    0.00   13.16    0.00    0.00    0.03    0.00    0.00    0.00   41.34
16:16:59     all   49.84    0.00   13.78    0.00    0.00    0.01    0.00    0.00    0.00   36.37
16:17:00     all   50.52    0.00   13.39    0.00    0.00    0.00    0.00    0.00    0.00   36.09
16:17:01     all   36.54    0.00   12.29    0.00    0.00    0.01    0.00    0.00    0.00   51.16
16:17:02     all   41.41    0.00   12.78    0.00    0.00    0.00    0.00    0.00    0.00   45.81
16:17:03     all   39.27    0.00   10.99    0.00    0.00    0.00    0.00    0.00    0.00   49.74
16:17:04     all   40.56    0.00   11.31    0.00    0.00    0.00    0.00    0.00    0.00   48.13
16:17:05     all   39.85    0.00   11.28    0.00    0.00    0.00    0.00    0.00    0.00   48.87
16:17:06     all   46.26    0.00   12.57    0.00    0.00    0.00    0.00    0.00    0.00   41.16
16:17:07     all   40.64    0.00   12.57    0.00    0.00    0.00    0.00    0.00    0.00   46.78
16:17:08     all   38.71    0.00   11.10    0.00    0.00    0.00    0.00    0.00    0.00   50.18
16:17:09     all   35.14    0.00   10.21    0.00    0.00    0.01    0.00    0.00    0.00   54.63
16:17:10     all   45.01    0.00   11.67    0.00    0.00    0.03    0.00    0.00    0.00   43.30
16:17:11     all   47.19    0.00   12.30    0.00    0.00    0.00    0.00    0.00    0.00   40.51
16:17:12     all   45.21    0.00   12.42    0.00    0.00    0.00    0.00    0.00    0.00   42.37
16:17:13     all   43.92    0.00   12.36    0.00    0.00    0.00    0.00    0.00    0.00   43.72
16:17:14     all   44.66    0.00   12.47    0.00    0.00    0.00    0.00    0.00    0.00   42.87
16:17:15     all   45.26    0.00   11.76    0.00    0.00    0.00    0.00    0.00    0.00   42.97
16:17:16     all   50.32    0.00   12.67    0.00    0.00    0.01    0.00    0.00    0.00   37.00
16:17:17     all   37.06    0.00   11.50    0.00    0.00    0.00    0.00    0.00    0.00   51.43
16:17:18     all   46.42    0.00   11.54    0.00    0.00    0.00    0.00    0.00    0.00   42.04
16:17:19     all   37.95    0.00   10.66    0.00    0.00    0.00    0.00    0.00    0.00   51.39
16:17:20     all   48.43    0.00   13.26    0.00    0.00    0.00    0.00    0.00    0.00   38.31
16:17:21     all   50.90    0.00   12.37    0.00    0.00    0.00    0.00    0.00    0.00   36.73
16:17:22     all   50.40    0.00   12.17    0.00    0.00    0.01    0.00    0.00    0.00   37.42
16:17:23     all   47.05    0.00   12.14    0.00    0.00    0.01    0.00    0.00    0.00   40.79
16:17:24     all   42.87    0.00   14.48    0.00    0.00    0.00    0.00    0.00    0.00   42.65
16:17:25     all   46.50    0.00   12.62    0.00    0.00    0.00    0.00    0.00    0.00   40.88
16:17:26     all   40.01    0.00   12.69    0.00    0.00    0.00    0.00    0.00    0.00   47.30
16:17:27     all   44.26    0.00   11.63    0.00    0.00    0.00    0.00    0.00    0.00   44.12
16:17:28     all   47.19    0.00   12.72    0.00    0.00    0.00    0.00    0.00    0.00   40.09
16:17:29     all   49.55    0.00   12.32    0.00    0.00    0.01    0.00    0.00    0.00   38.12
16:17:30     all   38.88    0.00   11.70    0.00    0.00    0.00    0.00    0.00    0.00   49.42
16:17:31     all   39.70    0.00   11.68    0.00    0.00    0.01    0.00    0.00    0.00   48.61
16:17:32     all   39.69    0.00   12.78    0.00    0.00    0.00    0.00    0.00    0.00   47.53
16:17:33     all   44.86    0.00   12.17    0.00    0.00    0.00    0.00    0.00    0.00   42.98
16:17:34     all   49.50    0.00   13.53    0.00    0.00    0.01    0.00    0.00    0.00   36.96
16:17:35     all   45.17    0.03   11.68    0.00    0.00    0.00    0.00    0.00    0.00   43.11
16:17:36     all   48.08    0.00   11.45    0.00    0.00    0.00    0.00    0.00    0.00   40.47
16:17:37     all   48.06    0.00   12.59    0.00    0.00    0.00    0.00    0.00    0.00   39.35
16:17:38     all   47.44    0.00   13.58    0.00    0.00    0.00    0.00    0.00    0.00   38.98
16:17:39     all   47.89    0.00   12.24    0.00    0.00    0.01    0.00    0.00    0.00   39.86
16:17:40     all   43.28    0.00   12.96    0.00    0.00    0.01    0.00    0.00    0.00   43.75
16:17:41     all   48.53    0.00   12.73    0.00    0.00    0.01    0.00    0.00    0.00   38.72
16:17:42     all   47.56    0.00   13.67    0.00    0.00    0.00    0.00    0.00    0.00   38.77
16:17:43     all   45.88    0.00   12.65    0.00    0.00    0.00    0.00    0.00    0.00   41.47
16:17:44     all   25.35    0.00   10.93    0.00    0.00    0.00    0.00    0.00    0.00   63.71
16:17:45     all   15.26    0.00    7.09    0.00    0.00    0.01    0.00    0.00    0.00   77.64
16:17:46     all   12.49    0.00    5.58    0.00    0.00    0.00    0.00    0.00    0.00   81.94
16:17:47     all   10.03    0.00    5.20    0.00    0.00    0.00    0.00    0.00    0.00   84.77
16:17:48     all    8.85    0.00    3.97    0.00    0.00    0.00    0.00    0.00    0.00   87.19
16:17:49     all    7.75    0.00    3.67    0.00    0.00    0.00    0.00    0.00    0.00   88.58
16:17:50     all    8.12    0.00    3.96    0.00    0.00    0.00    0.00    0.00    0.00   87.92
16:17:51     all    7.87    0.00    3.73    0.00    0.00    0.00    0.00    0.00    0.00   88.40
16:17:52     all    8.09    0.00    3.56    0.00    0.00    0.00    0.00    0.00    0.00   88.35
16:17:53     all    6.85    0.00    3.43    0.00    0.00    0.00    0.00    0.00    0.00   89.72
16:17:54     all    6.95    0.00    3.02    0.01    0.00    0.00    0.00    0.00    0.00   90.02
Average:     all   32.20    0.00    7.51    0.00    0.00    0.00    0.00    0.00    0.00   60.29
