Linux 6.8.0-136-generic (856a17914eb3) 	08/10/26 	_x86_64_	(72 CPU)

15:15:57     CPU    %usr   %nice    %sys %iowait    %irq   %soft  %steal  %guest  %gnice   %idle
15:15:58     all    7.84    0.00    0.76    0.00    0.00    0.00    0.00    0.00    0.00   91.40
15:15:59     all    2.21    0.00    0.88    0.00    0.00    0.00    0.00    0.00    0.00   96.91
15:16:00     all    2.64    0.00    0.75    0.00    0.00    0.00    0.00    0.00    0.00   96.61
15:16:01     all    2.85    0.00    0.46    0.00    0.00    0.00    0.00    0.00    0.00   96.70
15:16:02     all    2.79    0.00    0.26    0.00    0.00    0.01    0.00    0.00    0.00   96.93
15:16:03     all    2.99    0.00    0.33    0.00    0.00    0.00    0.00    0.00    0.00   96.68
15:16:04     all    3.24    0.00    0.46    0.00    0.00    0.00    0.00    0.00    0.00   96.30
15:16:05     all    2.78    0.00    0.29    0.00    0.00    0.00    0.00    0.00    0.00   96.93
15:16:06     all    3.47    0.00    0.44    0.00    0.00    0.00    0.00    0.00    0.00   96.08
15:16:07     all    3.04    0.00    0.39    0.00    0.00    0.00    0.00    0.00    0.00   96.57
15:16:08     all    2.75    0.00    0.36    0.00    0.00    0.00    0.00    0.00    0.00   96.89
15:16:09     all    2.89    0.00    0.35    0.00    0.00    0.00    0.00    0.00    0.00   96.76
15:16:10     all    2.93    0.00    0.29    0.00    0.00    0.00    0.00    0.00    0.00   96.78
15:16:11     all    2.78    0.00    0.38    0.00    0.00    0.00    0.00    0.00    0.00   96.84
15:16:12     all    2.90    0.00    0.40    0.00    0.00    0.00    0.00    0.00    0.00   96.69
15:16:13     all    2.88    0.00    0.39    0.00    0.00    0.00    0.00    0.00    0.00   96.73
15:16:14     all    2.71    0.00    0.25    0.00    0.00    0.00    0.00    0.00    0.00   97.04
15:16:15     all    3.00    0.00    0.29    0.00    0.00    0.00    0.00    0.00    0.00   96.71
15:16:16     all    2.90    0.00    0.50    0.00    0.00    0.00    0.00    0.00    0.00   96.60
15:16:17     all    2.61    0.00    0.40    0.00    0.00    0.00    0.00    0.00    0.00   96.99
15:16:18     all    2.96    0.00    0.38    0.00    0.00    0.00    0.00    0.00    0.00   96.66
15:16:19     all    2.88    0.00    0.28    0.00    0.00    0.00    0.00    0.00    0.00   96.85
15:16:20     all    2.64    0.00    0.32    0.00    0.00    0.00    0.00    0.00    0.00   97.04
15:16:21     all    7.53    0.00    1.42    0.00    0.00    0.00    0.00    0.00    0.00   91.06
15:16:22     all   21.31    0.00    2.51    0.00    0.00    0.00    0.00    0.00    0.00   76.18
15:16:23     all   23.38    0.00    2.35    0.00    0.00    0.03    0.00    0.00    0.00   74.24
15:16:24     all   17.03    0.00    1.74    0.00    0.00    0.00    0.00    0.00    0.00   81.23
15:16:25     all   30.57    0.00    5.67    0.00    0.00    0.00    0.00    0.00    0.00   63.76
15:16:26     all   28.96    0.00    4.31    0.00    0.00    0.00    0.00    0.00    0.00   66.73
15:16:27     all   23.62    0.00    3.12    0.00    0.00    0.00    0.00    0.00    0.00   73.26
15:16:28     all   21.11    0.00    3.74    0.00    0.00    0.00    0.00    0.00    0.00   75.15
15:16:29     all   30.78    0.00    2.64    0.00    0.00    0.01    0.00    0.00    0.00   66.56
15:16:30     all   20.70    0.00    2.18    0.00    0.00    0.00    0.00    0.00    0.00   77.12
15:16:31     all   17.95    0.01    1.95    0.00    0.00    0.00    0.00    0.00    0.00   80.09
15:16:32     all   22.33    0.00    1.59    0.00    0.00    0.00    0.00    0.00    0.00   76.09
15:16:33     all   20.38    0.00    1.57    0.00    0.00    0.00    0.00    0.00    0.00   78.05
15:16:34     all   21.55    0.00    2.22    0.00    0.00    0.00    0.00    0.00    0.00   76.22
15:16:35     all   32.81    0.00    2.45    0.00    0.00    0.01    0.00    0.00    0.00   64.73
15:16:36     all   33.76    0.00    2.44    0.00    0.00    0.00    0.00    0.00    0.00   63.81
15:16:37     all   22.76    0.00    1.57    0.00    0.00    0.00    0.00    0.00    0.00   75.67
15:16:38     all   26.59    0.00    2.23    0.00    0.00    0.00    0.00    0.00    0.00   71.19
15:16:39     all   30.08    0.00    4.79    0.00    0.00    0.03    0.00    0.00    0.00   65.10
15:16:40     all   28.17    0.00    2.90    0.00    0.00    0.00    0.00    0.00    0.00   68.93
15:16:41     all   34.73    0.00    4.92    0.00    0.00    0.00    0.00    0.00    0.00   60.36
15:16:42     all   30.38    0.00    3.20    0.00    0.00    0.00    0.00    0.00    0.00   66.42
15:16:43     all   27.77    0.03    3.06    0.00    0.00    0.00    0.00    0.00    0.00   69.14
15:16:44     all   33.83    0.00    3.42    0.00    0.00    0.01    0.00    0.00    0.00   62.73
15:16:45     all   32.96    0.00    3.65    0.00    0.00    0.00    0.00    0.00    0.00   63.39
15:16:46     all   33.06    0.00    5.01    0.00    0.00    0.01    0.00    0.00    0.00   61.92
15:16:47     all   21.02    0.00    2.60    0.01    0.00    0.00    0.00    0.00    0.00   76.37
15:16:48     all   32.31    0.00    5.57    0.00    0.00    0.03    0.00    0.00    0.00   62.09
15:16:49     all   18.53    0.00    2.41    0.00    0.00    0.00    0.00    0.00    0.00   79.06
15:16:50     all   38.61    0.00    4.86    0.00    0.00    0.00    0.00    0.00    0.00   56.54
15:16:51     all   20.95    0.00    2.66    0.00    0.00    0.00    0.00    0.00    0.00   76.39
15:16:52     all   31.52    0.00    4.57    0.00    0.00    0.00    0.00    0.00    0.00   63.91
15:16:53     all   29.31    0.00    3.09    0.00    0.00    0.01    0.00    0.00    0.00   67.59
15:16:54     all   39.74    0.00    4.93    0.00    0.00    0.00    0.00    0.00    0.00   55.33
15:16:55     all   19.82    0.00    2.78    0.00    0.00    0.00    0.00    0.00    0.00   77.39
15:16:56     all   28.04    0.00    4.01    0.00    0.00    0.00    0.00    0.00    0.00   67.96
15:16:57     all   34.12    0.00    4.98    0.00    0.00    0.00    0.00    0.00    0.00   60.90
15:16:58     all   18.32    0.00    1.63    0.01    0.00    0.00    0.00    0.00    0.00   80.04
15:16:59     all   21.44    0.00    2.17    0.00    0.00    0.00    0.00    0.00    0.00   76.39
15:17:00     all   38.72    0.00    5.20    0.00    0.00    0.00    0.00    0.00    0.00   56.08
15:17:01     all   36.02    0.00    7.98    0.00    0.00    0.00    0.00    0.00    0.00   56.00
15:17:02     all   40.67    0.00    7.19    0.00    0.00    0.01    0.00    0.00    0.00   52.13
15:17:03     all   14.57    0.00    2.93    0.00    0.00    0.00    0.00    0.00    0.00   82.50
15:17:04     all   16.15    0.00    3.69    0.00    0.00    0.00    0.00    0.00    0.00   80.16
15:17:05     all   42.65    0.00    8.06    0.00    0.00    0.00    0.00    0.00    0.00   49.29
15:17:06     all   37.66    0.00   12.44    0.00    0.00    0.00    0.00    0.00    0.00   49.90
15:17:07     all   28.09    0.00    8.28    0.00    0.00    0.00    0.00    0.00    0.00   63.62
15:17:08     all   36.71    0.00    8.92    0.00    0.00    0.01    0.00    0.00    0.00   54.35
15:17:09     all   39.29    0.00   11.31    0.00    0.00    0.00    0.00    0.00    0.00   49.40
15:17:10     all   39.85    0.00   10.36    0.00    0.00    0.00    0.00    0.00    0.00   49.79
15:17:11     all   39.97    0.00   10.58    0.00    0.00    0.01    0.00    0.00    0.00   49.44
15:17:12     all   22.03    0.00    5.36    0.00    0.00    0.00    0.00    0.00    0.00   72.62
15:17:13     all   22.74    0.00    6.23    0.01    0.00    0.00    0.00    0.00    0.00   71.01
15:17:14     all   22.19    0.00    5.28    0.00    0.00    0.00    0.00    0.00    0.00   72.53
15:17:15     all   41.62    0.00    9.24    0.00    0.00    0.00    0.00    0.00    0.00   49.14
15:17:16     all   41.41    0.00    9.36    0.00    0.00    0.01    0.00    0.00    0.00   49.22
15:17:17     all   41.63    0.00    9.76    0.00    0.00    0.01    0.00    0.00    0.00   48.59
15:17:18     all   39.12    0.00   11.50    0.00    0.00    0.00    0.00    0.00    0.00   49.38
15:17:19     all   38.20    0.00   12.45    0.00    0.00    0.00    0.00    0.00    0.00   49.35
15:17:20     all   38.77    0.00   11.44    0.00    0.00    0.00    0.00    0.00    0.00   49.79
15:17:21     all   32.61    0.00    9.66    0.00    0.00    0.00    0.00    0.00    0.00   57.73
15:17:22     all   30.78    0.00    9.90    0.00    0.00    0.01    0.00    0.00    0.00   59.31
15:17:23     all   38.13    0.00   10.84    0.00    0.00    0.00    0.00    0.00    0.00   51.04
15:17:24     all   39.82    0.00   10.60    0.00    0.00    0.00    0.00    0.00    0.00   49.58
15:17:25     all   40.66    0.00   10.17    0.00    0.00    0.01    0.00    0.00    0.00   49.16
15:17:26     all   40.14    0.00   11.44    0.00    0.00    0.01    0.00    0.00    0.00   48.41
15:17:27     all   38.70    0.00   12.64    0.00    0.00    0.00    0.00    0.00    0.00   48.67
15:17:28     all   33.05    0.00   10.12    0.00    0.00    0.01    0.00    0.00    0.00   56.81
15:17:29     all   29.04    0.00   11.24    0.00    0.00    0.00    0.00    0.00    0.00   59.72
15:17:30     all   40.04    0.00   10.39    0.00    0.00    0.01    0.00    0.00    0.00   49.56
15:17:31     all   38.65    0.00   12.20    0.00    0.00    0.00    0.00    0.00    0.00   49.15
15:17:32     all   37.00    0.06   11.93    0.00    0.00    0.01    0.00    0.00    0.00   51.00
15:17:33     all   22.98    0.00    7.83    0.00    0.00    0.00    0.00    0.00    0.00   69.19
15:17:34     all   22.59    0.00    6.16    0.00    0.00    0.00    0.00    0.00    0.00   71.25
15:17:35     all   19.86    0.00    6.05    0.00    0.00    0.01    0.00    0.00    0.00   74.08
15:17:36     all   32.95    0.00    9.38    0.00    0.00    0.00    0.00    0.00    0.00   57.67
15:17:37     all   41.93    0.00    9.88    0.00    0.00    0.01    0.00    0.00    0.00   48.17
15:17:38     all   38.90    0.00   11.70    0.00    0.00    0.00    0.00    0.00    0.00   49.40
15:17:39     all   24.56    0.00    7.48    0.00    0.00    0.00    0.00    0.00    0.00   67.96
15:17:40     all   24.45    0.00    7.31    0.00    0.00    0.00    0.00    0.00    0.00   68.24
15:17:41     all   20.21    0.00    6.59    0.00    0.00    0.00    0.00    0.00    0.00   73.20
15:17:42     all   39.14    0.00   11.07    0.00    0.00    0.01    0.00    0.00    0.00   49.78
15:17:43     all   39.57    0.00   11.13    0.00    0.00    0.00    0.00    0.00    0.00   49.30
15:17:44     all   31.29    0.00    8.48    0.00    0.00    0.00    0.00    0.00    0.00   60.24
15:17:45     all   21.53    0.00    6.04    0.00    0.00    0.00    0.00    0.00    0.00   72.42
15:17:46     all   21.00    0.00    5.75    0.00    0.00    0.00    0.00    0.00    0.00   73.25
15:17:47     all   36.35    0.00   11.07    0.00    0.00    0.01    0.00    0.00    0.00   52.57
15:17:48     all   39.06    0.00   11.87    0.00    0.00    0.01    0.00    0.00    0.00   49.06
15:17:49     all   28.49    0.00    8.60    0.00    0.00    0.01    0.00    0.00    0.00   62.90
15:17:50     all   39.61    0.00    9.81    0.00    0.00    0.00    0.00    0.00    0.00   50.58
15:17:51     all   38.69    0.00   11.69    0.00    0.00    0.00    0.00    0.00    0.00   49.62
15:17:52     all   32.00    0.00    8.20    0.03    0.00    0.00    0.00    0.00    0.00   59.77
15:17:53     all   39.92    0.00   10.11    0.00    0.00    0.00    0.00    0.00    0.00   49.97
15:17:54     all   37.71    0.00   12.73    0.00    0.00    0.00    0.00    0.00    0.00   49.57
15:17:55     all   36.74    0.00   13.35    0.00    0.00    0.00    0.00    0.00    0.00   49.90
15:17:56     all   34.68    0.00   11.31    0.00    0.00    0.01    0.00    0.00    0.00   54.00
15:17:57     all   39.79    0.00   11.00    0.00    0.00    0.01    0.00    0.00    0.00   49.20
15:17:58     all   36.01    0.00   12.40    0.00    0.00    0.01    0.00    0.00    0.00   51.57
15:17:59     all   32.64    0.00   12.79    0.00    0.00    0.00    0.00    0.00    0.00   54.57
15:18:00     all   39.64    0.01   11.18    0.00    0.00    0.00    0.00    0.00    0.00   49.17
15:18:01     all   34.30    0.00   14.13    0.00    0.00    0.00    0.00    0.00    0.00   51.57
15:18:02     all   32.74    0.00   12.53    0.00    0.00    0.00    0.00    0.00    0.00   54.74
15:18:03     all   35.63    0.00   12.68    0.00    0.00    0.00    0.00    0.00    0.00   51.69
15:18:04     all   36.46    0.00   14.06    0.00    0.00    0.00    0.00    0.00    0.00   49.47
15:18:05     all   33.89    0.00   15.06    0.00    0.00    0.00    0.00    0.00    0.00   51.04
15:18:06     all   36.44    0.00   14.34    0.00    0.00    0.03    0.00    0.00    0.00   49.19
15:18:07     all   35.65    0.00   14.75    0.00    0.00    0.00    0.00    0.00    0.00   49.60
15:18:08     all   34.53    0.01   15.35    0.00    0.00    0.00    0.00    0.00    0.00   50.10
15:18:09     all   36.02    0.00   12.73    0.00    0.00    0.00    0.00    0.00    0.00   51.25
15:18:10     all   35.62    0.00   15.06    0.00    0.00    0.00    0.00    0.00    0.00   49.31
15:18:11     all   31.21    0.00   13.84    0.00    0.00    0.00    0.00    0.00    0.00   54.96
15:18:12     all   28.33    0.00   12.67    0.01    0.00    0.01    0.00    0.00    0.00   58.97
15:18:13     all   22.37    0.00    7.85    0.00    0.00    0.00    0.00    0.00    0.00   69.78
15:18:14     all   30.71    0.00   13.59    0.00    0.00    0.00    0.00    0.00    0.00   55.70
15:18:15     all   36.83    0.00   13.19    0.00    0.00    0.00    0.00    0.00    0.00   49.98
15:18:16     all   37.03    0.00   13.72    0.00    0.00    0.00    0.00    0.00    0.00   49.25
15:18:17     all   36.75    0.00   13.77    0.00    0.00    0.03    0.00    0.00    0.00   49.46
15:18:18     all   33.85    0.00   15.38    0.00    0.00    0.00    0.00    0.00    0.00   50.77
15:18:19     all   24.47    0.00   14.42    0.00    0.00    0.00    0.00    0.00    0.00   61.11
15:18:20     all   29.11    0.01   12.84    0.00    0.00    0.00    0.00    0.00    0.00   58.04
15:18:21     all   36.15    0.00   14.60    0.00    0.00    0.00    0.00    0.00    0.00   49.25
15:18:22     all   35.10    0.00   16.05    0.00    0.00    0.01    0.00    0.00    0.00   48.84
15:18:23     all   32.81    0.00   17.50    0.00    0.00    0.00    0.00    0.00    0.00   49.69
15:18:24     all   33.30    0.00   16.72    0.00    0.00    0.00    0.00    0.00    0.00   49.99
15:18:25     all   33.21    0.00   16.93    0.00    0.00    0.00    0.00    0.00    0.00   49.86
15:18:26     all   31.23    0.00   16.72    0.00    0.00    0.00    0.00    0.00    0.00   52.05
15:18:27     all   31.41    0.00   16.85    0.00    0.00    0.01    0.00    0.00    0.00   51.72
15:18:28     all   33.12    0.00   15.95    0.00    0.00    0.01    0.00    0.00    0.00   50.92
15:18:29     all   31.77    0.00   16.14    0.00    0.00    0.00    0.00    0.00    0.00   52.08
15:18:30     all   34.87    0.00   16.78    0.01    0.00    0.00    0.00    0.00    0.00   48.33
15:18:31     all   33.95    0.00   16.50    0.00    0.00    0.01    0.00    0.00    0.00   49.53
15:18:32     all   33.26    0.01   16.69    0.00    0.00    0.00    0.00    0.00    0.00   50.03
15:18:33     all   33.44    0.00   16.39    0.00    0.00    0.01    0.00    0.00    0.00   50.15
15:18:34     all   33.95    0.00   16.55    0.00    0.00    0.01    0.00    0.00    0.00   49.48
15:18:35     all   33.20    0.00   17.52    0.00    0.00    0.00    0.00    0.00    0.00   49.28
15:18:36     all   32.33    0.00   18.40    0.00    0.00    0.00    0.00    0.00    0.00   49.27
15:18:37     all   31.84    0.00   18.42    0.00    0.00    0.00    0.00    0.00    0.00   49.74
15:18:38     all   31.41    0.00   19.00    0.00    0.00    0.00    0.00    0.00    0.00   49.60
15:18:39     all   32.15    0.00   18.46    0.00    0.00    0.00    0.00    0.00    0.00   49.40
15:18:40     all   32.39    0.00   18.01    0.00    0.00    0.00    0.00    0.00    0.00   49.60
15:18:41     all   32.10    0.00   18.61    0.00    0.00    0.01    0.00    0.00    0.00   49.27
15:18:42     all   30.76    0.00   19.93    0.00    0.00    0.00    0.00    0.00    0.00   49.30
15:18:43     all   29.29    0.00   21.07    0.00    0.00    0.00    0.00    0.00    0.00   49.65
15:18:44     all   30.49    0.00   20.79    0.00    0.00    0.00    0.00    0.00    0.00   48.72
15:18:45     all   30.07    0.00   21.18    0.00    0.00    0.01    0.00    0.00    0.00   48.74
15:18:46     all   31.25    0.00   19.22    0.00    0.00    0.01    0.00    0.00    0.00   49.51
15:18:47     all   31.25    0.00   19.03    0.00    0.00    0.00    0.00    0.00    0.00   49.72
15:18:48     all   31.73    0.00   18.46    0.00    0.00    0.00    0.00    0.00    0.00   49.81
15:18:49     all   31.54    0.00   18.37    0.00    0.00    0.00    0.00    0.00    0.00   50.09
15:18:50     all   30.65    0.00   19.88    0.00    0.00    0.01    0.00    0.00    0.00   49.45
15:18:51     all   31.78    0.00   20.47    0.00    0.00    0.00    0.00    0.00    0.00   47.75
15:18:52     all   30.01    0.00   20.72    0.00    0.00    0.00    0.00    0.00    0.00   49.27
15:18:53     all   28.57    0.00   22.31    0.00    0.00    0.01    0.00    0.00    0.00   49.11
15:18:54     all   29.18    0.00   21.00    0.00    0.00    0.00    0.00    0.00    0.00   49.83
15:18:55     all   30.02    0.00   19.96    0.00    0.00    0.00    0.00    0.00    0.00   50.02
15:18:56     all   30.46    0.00   20.02    0.00    0.00    0.01    0.00    0.00    0.00   49.51
15:18:57     all   30.02    0.00   20.24    0.00    0.00    0.01    0.00    0.00    0.00   49.73
15:18:58     all   29.00    0.00   21.64    0.00    0.00    0.00    0.00    0.00    0.00   49.37
15:18:59     all   30.52    0.00   19.93    0.00    0.00    0.00    0.00    0.00    0.00   49.56
15:19:00     all   29.99    0.00   20.27    0.00    0.00    0.01    0.00    0.00    0.00   49.72
15:19:01     all   30.05    0.00   20.67    0.01    0.00    0.00    0.00    0.00    0.00   49.26
15:19:02     all   31.60    0.00   18.84    0.00    0.00    0.00    0.00    0.00    0.00   49.56
15:19:03     all   31.73    0.00   18.62    0.00    0.00    0.00    0.00    0.00    0.00   49.65
15:19:04     all   31.92    0.00   18.51    0.00    0.00    0.01    0.00    0.00    0.00   49.56
15:19:05     all   29.90    0.00   20.16    0.00    0.00    0.01    0.00    0.00    0.00   49.92
15:19:06     all   29.27    0.01   20.77    0.00    0.00    0.00    0.00    0.00    0.00   49.94
15:19:07     all   35.04    0.00   16.85    0.00    0.00    0.01    0.00    0.00    0.00   48.10
15:19:08     all   35.07    0.00   16.28    0.00    0.00    0.00    0.00    0.00    0.00   48.65
15:19:09     all   37.93    0.00   13.23    0.00    0.00    0.01    0.00    0.00    0.00   48.83
15:19:10     all   38.15    0.00   13.77    0.00    0.00    0.01    0.00    0.00    0.00   48.06
15:19:11     all   36.02    0.00   14.54    0.00    0.00    0.00    0.00    0.00    0.00   49.44
15:19:12     all   31.13    0.00   19.35    0.00    0.00    0.00    0.00    0.00    0.00   49.51
15:19:13     all   37.89    0.00   12.82    0.00    0.00    0.00    0.00    0.00    0.00   49.29
15:19:14     all   37.62    0.00   12.67    0.00    0.00    0.01    0.00    0.00    0.00   49.69
15:19:15     all   38.60    0.00   11.94    0.00    0.00    0.00    0.00    0.00    0.00   49.46
15:19:16     all   36.76    0.00   13.70    0.00    0.00    0.00    0.00    0.00    0.00   49.54
15:19:17     all   35.19    0.00   15.36    0.00    0.00    0.00    0.00    0.00    0.00   49.44
15:19:18     all   31.96    0.00   18.68    0.00    0.00    0.00    0.00    0.00    0.00   49.36
15:19:19     all   32.04    0.00   17.96    0.00    0.00    0.00    0.00    0.00    0.00   49.99
15:19:20     all   37.84    0.00   12.52    0.00    0.00    0.00    0.00    0.00    0.00   49.64
15:19:21     all   37.52    0.00   13.32    0.00    0.00    0.01    0.00    0.00    0.00   49.14
15:19:22     all   37.99    0.00   12.75    0.00    0.00    0.00    0.00    0.00    0.00   49.26
15:19:23     all   39.00    0.00   11.96    0.00    0.00    0.01    0.00    0.00    0.00   49.02
15:19:24     all   37.23    0.00   13.56    0.00    0.00    0.00    0.00    0.00    0.00   49.21
15:19:25     all   35.88    0.00   14.69    0.00    0.00    0.00    0.00    0.00    0.00   49.44
15:19:26     all   36.46    0.00   14.18    0.00    0.00    0.03    0.00    0.00    0.00   49.34
15:19:27     all   38.20    0.00   12.52    0.00    0.00    0.00    0.00    0.00    0.00   49.28
15:19:28     all   37.38    0.00   13.25    0.00    0.00    0.00    0.00    0.00    0.00   49.37
15:19:29     all   35.63    0.00   14.90    0.00    0.00    0.03    0.00    0.00    0.00   49.44
15:19:30     all   38.90    0.00   12.41    0.00    0.00    0.01    0.00    0.00    0.00   48.68
15:19:31     all   35.92    0.00   15.36    0.00    0.00    0.01    0.00    0.00    0.00   48.71
15:19:32     all   35.75    0.01   15.25    0.00    0.00    0.01    0.00    0.00    0.00   48.98
15:19:33     all   34.73    0.00   17.02    0.00    0.00    0.00    0.00    0.00    0.00   48.26
15:19:34     all   35.29    0.00   14.89    0.00    0.00    0.00    0.00    0.00    0.00   49.81
15:19:35     all   33.23    0.00   16.94    0.00    0.00    0.01    0.00    0.00    0.00   49.82
15:19:36     all   33.69    0.00   16.28    0.00    0.00    0.00    0.00    0.00    0.00   50.03
15:19:37     all   34.37    0.00   15.98    0.00    0.00    0.00    0.00    0.00    0.00   49.65
15:19:38     all   37.68    0.00   13.11    0.00    0.00    0.01    0.00    0.00    0.00   49.19
15:19:39     all   37.01    0.00   13.21    0.00    0.00    0.00    0.00    0.00    0.00   49.77
15:19:40     all   36.56    0.00   14.16    0.00    0.00    0.00    0.00    0.00    0.00   49.28
15:19:41     all   35.85    0.00   14.86    0.00    0.00    0.00    0.00    0.00    0.00   49.29
15:19:42     all   35.52    0.00   14.84    0.00    0.00    0.01    0.00    0.00    0.00   49.62
15:19:43     all   37.64    0.00   13.85    0.00    0.00    0.01    0.00    0.00    0.00   48.49
15:19:44     all   33.90    0.00   16.53    0.00    0.00    0.01    0.00    0.00    0.00   49.56
15:19:45     all   35.13    0.00   15.34    0.00    0.00    0.00    0.00    0.00    0.00   49.53
15:19:46     all   35.10    0.00   15.61    0.00    0.00    0.00    0.00    0.00    0.00   49.29
15:19:47     all   35.61    0.00   14.92    0.00    0.00    0.01    0.00    0.00    0.00   49.46
15:19:48     all   36.39    0.00   14.98    0.00    0.00    0.00    0.00    0.00    0.00   48.63
15:19:49     all   34.48    0.00   16.07    0.00    0.00    0.00    0.00    0.00    0.00   49.44
15:19:50     all   36.33    0.00   14.09    0.00    0.00    0.01    0.00    0.00    0.00   49.57
15:19:51     all   34.77    0.00   16.21    0.00    0.00    0.00    0.00    0.00    0.00   49.02
15:19:52     all   36.90    0.00   15.41    0.00    0.00    0.00    0.00    0.00    0.00   47.69
15:19:53     all   35.36    0.01   16.32    0.00    0.00    0.04    0.00    0.00    0.00   48.26
15:19:54     all   38.48    0.00   15.12    0.00    0.00    0.00    0.00    0.00    0.00   46.40
15:19:55     all   37.23    0.00   14.25    0.00    0.00    0.01    0.00    0.00    0.00   48.51
15:19:56     all   38.18    0.00   12.66    0.00    0.00    0.00    0.00    0.00    0.00   49.15
15:19:57     all   36.32    0.00   14.77    0.00    0.00    0.00    0.00    0.00    0.00   48.91
15:19:58     all   35.99    0.00   14.56    0.00    0.00    0.00    0.00    0.00    0.00   49.45
15:19:59     all   35.93    0.01   14.93    0.00    0.00    0.00    0.00    0.00    0.00   49.13
15:20:00     all   35.11    0.00   15.61    0.00    0.00    0.00    0.00    0.00    0.00   49.28
15:20:01     all   34.93    0.00   15.97    0.00    0.00    0.00    0.00    0.00    0.00   49.10
15:20:02     all   37.12    0.00   16.70    0.00    0.00    0.01    0.00    0.00    0.00   46.17
15:20:03     all   35.52    0.00   16.86    0.00    0.00    0.00    0.00    0.00    0.00   47.62
15:20:04     all   36.97    0.00   15.36    0.00    0.00    0.00    0.00    0.00    0.00   47.67
15:20:05     all   35.38    0.00   15.37    0.00    0.00    0.00    0.00    0.00    0.00   49.25
15:20:06     all   34.08    0.00   16.84    0.00    0.00    0.00    0.00    0.00    0.00   49.08
15:20:07     all   33.78    0.00   16.64    0.00    0.00    0.00    0.00    0.00    0.00   49.58
15:20:08     all   36.15    0.00   14.62    0.00    0.00    0.01    0.00    0.00    0.00   49.22
15:20:09     all   35.37    0.00   15.50    0.00    0.00    0.00    0.00    0.00    0.00   49.12
15:20:10     all   35.29    0.01   15.12    0.00    0.00    0.00    0.00    0.00    0.00   49.58
15:20:11     all   34.73    0.00   16.04    0.01    0.00    0.00    0.00    0.00    0.00   49.21
15:20:12     all   34.88    0.00   15.74    0.00    0.00    0.00    0.00    0.00    0.00   49.39
15:20:13     all   34.33    0.00   16.22    0.01    0.00    0.01    0.00    0.00    0.00   49.42
15:20:14     all   32.80    0.01   18.17    0.00    0.00    0.01    0.00    0.00    0.00   49.00
15:20:15     all   32.62    0.00   17.88    0.00    0.00    0.00    0.00    0.00    0.00   49.49
15:20:16     all   34.46    0.00   16.59    0.00    0.00    0.00    0.00    0.00    0.00   48.95
15:20:17     all   35.69    0.00   16.75    0.00    0.00    0.01    0.00    0.00    0.00   47.55
15:20:18     all   32.81    0.00   18.01    0.00    0.00    0.00    0.00    0.00    0.00   49.18
15:20:19     all   34.90    0.00   15.87    0.00    0.00    0.00    0.00    0.00    0.00   49.23
15:20:20     all   32.52    0.00   18.39    0.00    0.00    0.00    0.00    0.00    0.00   49.09
15:20:21     all   31.23    0.00   19.10    0.00    0.00    0.00    0.00    0.00    0.00   49.67
15:20:22     all   32.30    0.00   18.33    0.00    0.00    0.03    0.00    0.00    0.00   49.35
15:20:23     all   32.07    0.00   18.58    0.00    0.00    0.00    0.00    0.00    0.00   49.35
15:20:24     all   32.51    0.00   17.88    0.00    0.00    0.00    0.00    0.00    0.00   49.61
15:20:25     all   32.56    0.00   18.46    0.00    0.00    0.03    0.00    0.00    0.00   48.95
15:20:26     all   33.18    0.00   17.48    0.00    0.00    0.00    0.00    0.00    0.00   49.35
15:20:27     all   31.81    0.00   18.80    0.00    0.00    0.00    0.00    0.00    0.00   49.39
15:20:28     all   34.72    0.00   16.55    0.00    0.00    0.01    0.00    0.00    0.00   48.72
15:20:29     all   34.50    0.00   16.28    0.00    0.00    0.00    0.00    0.00    0.00   49.22
15:20:30     all   33.00    0.00   17.87    0.00    0.00    0.00    0.00    0.00    0.00   49.13
15:20:31     all   33.69    0.00   17.09    0.00    0.00    0.00    0.00    0.00    0.00   49.21
15:20:32     all   33.88    0.00   16.58    0.00    0.00    0.00    0.00    0.00    0.00   49.55
15:20:33     all   34.45    0.00   16.20    0.00    0.00    0.01    0.00    0.00    0.00   49.34
15:20:34     all   34.06    0.00   16.75    0.00    0.00    0.00    0.00    0.00    0.00   49.19
15:20:35     all   34.43    0.00   16.43    0.00    0.00    0.00    0.00    0.00    0.00   49.14
15:20:36     all   36.35    0.00   15.68    0.00    0.00    0.01    0.00    0.00    0.00   47.95
15:20:37     all   35.16    0.00   15.64    0.00    0.00    0.00    0.00    0.00    0.00   49.19
15:20:38     all   34.33    0.00   16.15    0.00    0.00    0.03    0.00    0.00    0.00   49.49
15:20:39     all   34.82    0.00   15.99    0.00    0.00    0.01    0.00    0.00    0.00   49.17
15:20:40     all   36.09    0.00   16.25    0.00    0.00    0.00    0.00    0.00    0.00   47.66
15:20:41     all   35.49    0.00   15.86    0.00    0.00    0.00    0.00    0.00    0.00   48.65
15:20:42     all   34.44    0.00   16.35    0.00    0.00    0.01    0.00    0.00    0.00   49.20
15:20:43     all   35.32    0.00   16.61    0.00    0.00    0.00    0.00    0.00    0.00   48.08
15:20:44     all   34.71    0.00   16.65    0.00    0.00    0.00    0.00    0.00    0.00   48.64
15:20:45     all   33.52    0.00   17.19    0.00    0.00    0.01    0.00    0.00    0.00   49.27
15:20:46     all   33.95    0.00   16.96    0.00    0.00    0.00    0.00    0.00    0.00   49.09
15:20:47     all   33.44    0.00   17.26    0.00    0.00    0.00    0.00    0.00    0.00   49.30
15:20:48     all   33.90    0.00   16.74    0.00    0.00    0.01    0.00    0.00    0.00   49.34
15:20:49     all   34.73    0.00   15.65    0.00    0.00    0.00    0.00    0.00    0.00   49.62
15:20:50     all   34.77    0.00   15.97    0.00    0.00    0.00    0.00    0.00    0.00   49.26
15:20:51     all   34.67    0.00   16.33    0.00    0.00    0.00    0.00    0.00    0.00   49.00
15:20:52     all   36.35    0.00   14.41    0.00    0.00    0.01    0.00    0.00    0.00   49.23
15:20:53     all   34.76    0.00   16.03    0.00    0.00    0.00    0.00    0.00    0.00   49.21
15:20:54     all   34.73    0.00   15.71    0.00    0.00    0.00    0.00    0.00    0.00   49.56
15:20:55     all   34.22    0.00   16.70    0.00    0.00    0.00    0.00    0.00    0.00   49.08
15:20:56     all   35.26    0.00   15.92    0.00    0.00    0.01    0.00    0.00    0.00   48.80
15:20:57     all   34.91    0.00   16.63    0.00    0.00    0.00    0.00    0.00    0.00   48.46
15:20:58     all   32.58    0.00   19.14    0.00    0.00    0.01    0.00    0.00    0.00   48.27
15:20:59     all   33.62    0.00   17.08    0.00    0.00    0.00    0.00    0.00    0.00   49.30
15:21:00     all   33.46    0.00   17.65    0.00    0.00    0.00    0.00    0.00    0.00   48.89
15:21:01     all   35.50    0.00   16.77    0.00    0.00    0.01    0.00    0.00    0.00   47.71
15:21:02     all   35.59    0.00   17.89    0.00    0.00    0.00    0.00    0.00    0.00   46.52
15:21:03     all   35.44    0.00   18.36    0.00    0.00    0.01    0.00    0.00    0.00   46.19
15:21:04     all   36.37    0.00   17.47    0.00    0.00    0.00    0.00    0.00    0.00   46.16
15:21:05     all   35.04    0.00   16.90    0.00    0.00    0.03    0.00    0.00    0.00   48.02
15:21:06     all   35.01    0.00   16.89    0.00    0.00    0.01    0.00    0.00    0.00   48.09
15:21:07     all   34.68    0.21   17.62    0.00    0.00    0.01    0.00    0.00    0.00   47.48
15:21:08     all   35.40    1.25   15.40    0.00    0.00    0.00    0.00    0.00    0.00   47.95
15:21:09     all   34.97    1.27   15.89    0.00    0.00    0.01    0.00    0.00    0.00   47.85
15:21:10     all   33.56    1.28   17.28    0.00    0.00    0.00    0.00    0.00    0.00   47.88
15:21:11     all   31.44    1.22   19.14    0.00    0.00    0.00    0.00    0.00    0.00   48.20
15:21:12     all   34.34    0.72   17.39    0.00    0.00    0.01    0.00    0.00    0.00   47.53
15:21:13     all   34.35    1.39   16.30    0.03    0.00    0.00    0.00    0.00    0.00   47.94
15:21:14     all   32.68    1.39   17.80    0.00    0.00    0.01    0.00    0.00    0.00   48.12
15:21:15     all   34.05    1.39   16.93    0.00    0.00    0.00    0.00    0.00    0.00   47.63
15:21:16     all   33.16    1.17   17.74    0.01    0.00    0.01    0.00    0.00    0.00   47.90
15:21:17     all   32.96    1.32   17.92    0.00    0.00    0.00    0.00    0.00    0.00   47.80
15:21:18     all   32.46    1.26   18.42    0.00    0.00    0.00    0.00    0.00    0.00   47.86
15:21:19     all   33.46    1.18   17.17    0.00    0.00    0.00    0.00    0.00    0.00   48.19
15:21:20     all   32.14    1.14   18.73    0.00    0.00    0.00    0.00    0.00    0.00   47.99
15:21:21     all   34.03    0.04   17.99    0.00    0.00    0.01    0.00    0.00    0.00   47.92
15:21:22     all   36.43    0.00   15.68    0.00    0.00    0.00    0.00    0.00    0.00   47.89
15:21:23     all   34.28    0.00   18.04    0.00    0.00    0.00    0.00    0.00    0.00   47.69
15:21:24     all   34.33    0.00   17.93    0.00    0.00    0.01    0.00    0.00    0.00   47.73
15:21:25     all   35.88    0.00   17.27    0.00    0.00    0.00    0.00    0.00    0.00   46.85
15:21:26     all   36.58    0.00   16.73    0.00    0.00    0.01    0.00    0.00    0.00   46.67
15:21:27     all   36.52    0.00   16.97    0.00    0.00    0.00    0.00    0.00    0.00   46.51
15:21:28     all   34.47    0.00   17.85    0.00    0.00    0.00    0.00    0.00    0.00   47.68
15:21:29     all   35.67    0.00   17.47    0.07    0.00    0.01    0.00    0.00    0.00   46.78
15:21:30     all   34.25    0.00   20.28    0.00    0.00    0.03    0.00    0.00    0.00   45.44
15:21:31     all   35.85    0.00   18.76    0.00    0.00    0.00    0.00    0.00    0.00   45.38
15:21:32     all   34.18    0.03   20.07    0.00    0.00    0.01    0.00    0.00    0.00   45.70
15:21:33     all   33.69    0.00   18.12    0.00    0.00    0.00    0.00    0.00    0.00   48.19
15:21:34     all   32.79    0.00   17.95    0.00    0.00    0.01    0.00    0.00    0.00   49.25
15:21:35     all   31.87    0.00   18.80    0.01    0.00    0.00    0.00    0.00    0.00   49.31
15:21:36     all   33.00    0.00   17.38    0.00    0.00    0.01    0.00    0.00    0.00   49.60
15:21:37     all   32.69    0.00   18.38    0.01    0.00    0.03    0.00    0.00    0.00   48.88
15:21:38     all   31.71    0.00   19.44    0.00    0.00    0.00    0.00    0.00    0.00   48.86
15:21:39     all   31.39    0.00   20.36    0.00    0.00    0.00    0.00    0.00    0.00   48.25
15:21:40     all   33.32    0.00   17.66    0.00    0.00    0.00    0.00    0.00    0.00   49.02
15:21:41     all   32.75    0.00   17.86    0.01    0.00    0.00    0.00    0.00    0.00   49.37
15:21:42     all   33.47    0.00   17.21    0.00    0.00    0.01    0.00    0.00    0.00   49.30
15:21:43     all   33.35    0.00   17.51    0.00    0.00    0.00    0.00    0.00    0.00   49.14
15:21:44     all   32.45    0.00   17.95    0.00    0.00    0.00    0.00    0.00    0.00   49.60
15:21:45     all   33.17    0.00   17.51    0.00    0.00    0.00    0.00    0.00    0.00   49.33
15:21:46     all   32.11    0.00   18.67    0.00    0.00    0.00    0.00    0.00    0.00   49.23
15:21:47     all   31.59    0.00   19.07    0.00    0.00    0.00    0.00    0.00    0.00   49.33
15:21:48     all   32.88    0.00   18.99    0.00    0.00    0.01    0.00    0.00    0.00   48.11
15:21:49     all   32.57    0.00   18.96    0.00    0.00    0.00    0.00    0.00    0.00   48.47
15:21:50     all   32.93    0.00   18.75    0.00    0.00    0.01    0.00    0.00    0.00   48.31
15:21:51     all   33.62    0.00   17.31    0.00    0.00    0.00    0.00    0.00    0.00   49.06
15:21:52     all   30.61    0.00   19.97    0.00    0.00    0.00    0.00    0.00    0.00   49.42
15:21:53     all   31.10    0.00   19.42    0.00    0.00    0.00    0.00    0.00    0.00   49.49
15:21:54     all   31.84    0.00   19.14    0.00    0.00    0.00    0.00    0.00    0.00   49.01
15:21:55     all   31.40    0.00   19.06    0.00    0.00    0.01    0.00    0.00    0.00   49.53
15:21:56     all   32.09    0.00   18.49    0.00    0.00    0.00    0.00    0.00    0.00   49.42
15:21:57     all   31.47    0.00   19.14    0.00    0.00    0.00    0.00    0.00    0.00   49.40
15:21:58     all   31.18    0.00   19.57    0.00    0.00    0.00    0.00    0.00    0.00   49.24
15:21:59     all   30.08    0.00   20.95    0.00    0.00    0.01    0.00    0.00    0.00   48.95
15:22:00     all   32.67    0.00   19.32    0.00    0.00    0.00    0.00    0.00    0.00   48.01
15:22:01     all   33.24    0.00   17.78    0.00    0.00    0.00    0.00    0.00    0.00   48.98
15:22:02     all   32.77    0.00   17.97    0.00    0.00    0.03    0.00    0.00    0.00   49.23
15:22:03     all   33.61    0.00   17.31    0.00    0.00    0.00    0.00    0.00    0.00   49.08
15:22:04     all   33.50    0.00   17.81    0.00    0.00    0.00    0.00    0.00    0.00   48.69
15:22:05     all   31.94    0.00   18.81    0.00    0.00    0.00    0.00    0.00    0.00   49.25
15:22:06     all   31.94    0.00   18.54    0.00    0.00    0.01    0.00    0.00    0.00   49.51
15:22:07     all   33.23    0.00   17.36    0.00    0.00    0.00    0.00    0.00    0.00   49.41
15:22:08     all   32.97    0.00   17.71    0.00    0.00    0.01    0.00    0.00    0.00   49.30
15:22:09     all   32.62    0.00   18.26    0.00    0.00    0.00    0.00    0.00    0.00   49.12
15:22:10     all   31.64    0.00   18.91    0.00    0.00    0.00    0.00    0.00    0.00   49.45
15:22:11     all   32.45    0.00   18.34    0.00    0.00    0.00    0.00    0.00    0.00   49.21
15:22:12     all   32.48    0.00   18.28    0.00    0.00    0.01    0.00    0.00    0.00   49.23
15:22:13     all   33.46    0.00   19.03    0.00    0.00    0.01    0.00    0.00    0.00   47.50
15:22:14     all   32.60    0.01   18.47    0.00    0.00    0.01    0.00    0.00    0.00   48.90
15:22:15     all   34.46    0.00   16.20    0.00    0.00    0.03    0.00    0.00    0.00   49.30
15:22:16     all   33.92    0.00   17.74    0.00    0.00    0.00    0.00    0.00    0.00   48.34
15:22:17     all   32.09    0.00   19.40    0.00    0.00    0.00    0.00    0.00    0.00   48.51
15:22:18     all   30.48    0.00   19.94    0.00    0.00    0.00    0.00    0.00    0.00   49.58
15:22:19     all   34.01    0.00   16.84    0.00    0.00    0.01    0.00    0.00    0.00   49.14
15:22:20     all   34.98    0.00   16.49    0.00    0.00    0.00    0.00    0.00    0.00   48.53
15:22:21     all   34.13    0.00   16.62    0.00    0.00    0.00    0.00    0.00    0.00   49.25
15:22:22     all   32.81    0.00   18.18    0.00    0.00    0.00    0.00    0.00    0.00   49.01
15:22:23     all   32.74    0.00   18.32    0.00    0.00    0.01    0.00    0.00    0.00   48.93
15:22:24     all   34.54    0.00   16.21    0.00    0.00    0.00    0.00    0.00    0.00   49.25
15:22:25     all   33.93    0.01   16.90    0.00    0.00    0.00    0.00    0.00    0.00   49.16
15:22:26     all   31.38    0.00   19.15    0.00    0.00    0.00    0.00    0.00    0.00   49.47
15:22:27     all   32.97    0.00   17.77    0.00    0.00    0.01    0.00    0.00    0.00   49.25
15:22:28     all   32.77    0.00   17.63    0.00    0.00    0.00    0.00    0.00    0.00   49.60
15:22:29     all   31.46    0.00   19.16    0.00    0.00    0.00    0.00    0.00    0.00   49.38
15:22:30     all   35.09    0.00   15.92    0.00    0.00    0.00    0.00    0.00    0.00   49.00
15:22:31     all   32.87    0.00   17.46    0.00    0.00    0.00    0.00    0.00    0.00   49.67
15:22:32     all   33.60    0.00   17.04    0.00    0.00    0.01    0.00    0.00    0.00   49.35
15:22:33     all   31.48    0.00   19.23    0.00    0.00    0.00    0.00    0.00    0.00   49.29
15:22:34     all   32.06    0.00   18.56    0.00    0.00    0.00    0.00    0.00    0.00   49.37
15:22:35     all   32.62    0.00   18.66    0.00    0.00    0.01    0.00    0.00    0.00   48.70
15:22:36     all   35.56    0.00   17.03    0.00    0.00    0.00    0.00    0.00    0.00   47.41
15:22:37     all   32.75    0.00   17.85    0.00    0.00    0.00    0.00    0.00    0.00   49.40
15:22:38     all   33.43    0.00   17.29    0.00    0.00    0.00    0.00    0.00    0.00   49.28
15:22:39     all   31.35    0.00   19.31    0.00    0.00    0.01    0.00    0.00    0.00   49.32
15:22:40     all   34.20    0.00   16.41    0.00    0.00    0.01    0.00    0.00    0.00   49.37
15:22:41     all   32.40    0.00   18.78    0.00    0.00    0.00    0.00    0.00    0.00   48.82
15:22:42     all   32.34    0.00   19.58    0.00    0.00    0.00    0.00    0.00    0.00   48.08
15:22:43     all   33.37    0.00   17.66    0.00    0.00    0.01    0.00    0.00    0.00   48.96
15:22:44     all   32.43    0.00   18.30    0.00    0.00    0.00    0.00    0.00    0.00   49.27
15:22:45     all   31.72    0.00   18.55    0.00    0.00    0.00    0.00    0.00    0.00   49.74
15:22:46     all   32.32    0.00   18.86    0.00    0.00    0.00    0.00    0.00    0.00   48.83
15:22:47     all   33.12    0.00   17.50    0.03    0.00    0.00    0.00    0.00    0.00   49.35
15:22:48     all   31.65    0.00   19.08    0.00    0.00    0.01    0.00    0.00    0.00   49.25
15:22:49     all   33.50    0.00   17.37    0.00    0.00    0.00    0.00    0.00    0.00   49.14
15:22:50     all   32.50    0.00   18.03    0.00    0.00    0.00    0.00    0.00    0.00   49.46
15:22:51     all   34.48    0.00   16.50    0.00    0.00    0.00    0.00    0.00    0.00   49.02
15:22:52     all   34.08    0.00   17.26    0.00    0.00    0.01    0.00    0.00    0.00   48.64
15:22:53     all   34.01    0.00   16.72    0.00    0.00    0.00    0.00    0.00    0.00   49.28
15:22:54     all   34.68    0.00   15.94    0.00    0.00    0.00    0.00    0.00    0.00   49.38
15:22:55     all   33.69    0.00   16.96    0.00    0.00    0.00    0.00    0.00    0.00   49.35
15:22:56     all   30.85    0.00   19.86    0.00    0.00    0.01    0.00    0.00    0.00   49.27
15:22:57     all   33.62    0.00   17.71    0.00    0.00    0.00    0.00    0.00    0.00   48.67
15:22:58     all   34.11    0.00   18.04    0.00    0.00    0.00    0.00    0.00    0.00   47.84
15:22:59     all   31.80    0.00   20.08    0.00    0.00    0.00    0.00    0.00    0.00   48.12
15:23:00     all   31.51    0.00   19.24    0.00    0.00    0.01    0.00    0.00    0.00   49.24
15:23:01     all   32.64    0.00   18.36    0.00    0.00    0.03    0.00    0.00    0.00   48.98
15:23:02     all   32.98    0.00   17.65    0.00    0.00    0.00    0.00    0.00    0.00   49.37
15:23:03     all   31.75    0.00   19.97    0.00    0.00    0.01    0.00    0.00    0.00   48.27
15:23:04     all   31.13    0.00   19.86    0.00    0.00    0.00    0.00    0.00    0.00   49.01
15:23:05     all   33.58    0.00   16.75    0.00    0.00    0.00    0.00    0.00    0.00   49.67
15:23:06     all   34.54    0.00   16.14    0.00    0.00    0.00    0.00    0.00    0.00   49.32
15:23:07     all   33.89    0.00   17.41    0.00    0.00    0.00    0.00    0.00    0.00   48.70
15:23:08     all   33.10    0.00   18.09    0.00    0.00    0.00    0.00    0.00    0.00   48.81
15:23:09     all   31.82    0.00   19.15    0.00    0.00    0.01    0.00    0.00    0.00   49.02
15:23:10     all   33.22    0.00   17.20    0.00    0.00    0.00    0.00    0.00    0.00   49.58
15:23:11     all   32.37    0.00   18.38    0.00    0.00    0.00    0.00    0.00    0.00   49.24
15:23:12     all   32.09    0.00   18.74    0.00    0.00    0.00    0.00    0.00    0.00   49.17
15:23:13     all   31.84    0.00   18.67    0.00    0.00    0.00    0.00    0.00    0.00   49.49
15:23:14     all   34.04    0.00   16.62    0.00    0.00    0.01    0.00    0.00    0.00   49.33
15:23:15     all   33.49    0.00   17.21    0.00    0.00    0.00    0.00    0.00    0.00   49.30
15:23:16     all   33.25    0.00   17.13    0.00    0.00    0.00    0.00    0.00    0.00   49.62
15:23:17     all   32.32    0.00   18.72    0.00    0.00    0.01    0.00    0.00    0.00   48.95
15:23:18     all   31.54    0.00   19.03    0.00    0.00    0.01    0.00    0.00    0.00   49.42
15:23:19     all   31.96    0.00   18.42    0.00    0.00    0.00    0.00    0.00    0.00   49.62
15:23:20     all   33.76    0.00   17.25    0.00    0.00    0.00    0.00    0.00    0.00   48.99
15:23:21     all   33.19    0.00   17.28    0.00    0.00    0.00    0.00    0.00    0.00   49.53
15:23:22     all   34.21    0.00   18.12    0.00    0.00    0.00    0.00    0.00    0.00   47.66
15:23:23     all   31.33    0.00   20.09    0.00    0.00    0.01    0.00    0.00    0.00   48.57
15:23:24     all   29.95    0.00   20.92    0.00    0.00    0.00    0.00    0.00    0.00   49.13
15:23:25     all   30.99    0.00   19.89    0.00    0.00    0.00    0.00    0.00    0.00   49.12
15:23:26     all   34.14    0.00   16.44    0.00    0.00    0.00    0.00    0.00    0.00   49.42
15:23:27     all   31.98    0.00   18.44    0.00    0.00    0.00    0.00    0.00    0.00   49.58
15:23:28     all   30.71    0.00   20.15    0.00    0.00    0.01    0.00    0.00    0.00   49.13
15:23:29     all   31.25    0.00   19.39    0.00    0.00    0.00    0.00    0.00    0.00   49.36
15:23:30     all   34.33    0.00   16.13    0.00    0.00    0.00    0.00    0.00    0.00   49.53
15:23:31     all   34.54    0.00   16.32    0.00    0.00    0.01    0.00    0.00    0.00   49.12
15:23:32     all   32.93    0.00   17.64    0.00    0.00    0.00    0.00    0.00    0.00   49.43
15:23:33     all   32.21    0.03   18.64    0.00    0.00    0.00    0.00    0.00    0.00   49.12
15:23:34     all   29.87    0.00   20.81    0.00    0.00    0.00    0.00    0.00    0.00   49.32
15:23:35     all   33.95    0.00   16.55    0.00    0.00    0.00    0.00    0.00    0.00   49.49
15:23:36     all   33.34    0.00   17.20    0.00    0.00    0.01    0.00    0.00    0.00   49.44
15:23:37     all   32.94    0.00   17.76    0.00    0.00    0.01    0.00    0.00    0.00   49.28
15:23:38     all   34.50    0.00   16.61    0.00    0.00    0.00    0.00    0.00    0.00   48.90
15:23:39     all   33.17    0.00   17.73    0.00    0.00    0.01    0.00    0.00    0.00   49.09
15:23:40     all   34.84    0.00   16.86    0.00    0.00    0.01    0.00    0.00    0.00   48.28
15:23:41     all   33.49    0.00   17.33    0.00    0.00    0.00    0.00    0.00    0.00   49.19
15:23:42     all   31.55    0.00   19.12    0.00    0.00    0.00    0.00    0.00    0.00   49.33
15:23:43     all   32.55    0.00   18.83    0.00    0.00    0.01    0.00    0.00    0.00   48.61
15:23:44     all   34.05    0.00   16.48    0.00    0.00    0.00    0.00    0.00    0.00   49.47
15:23:45     all   36.03    0.00   17.17    0.00    0.00    0.01    0.00    0.00    0.00   46.79
15:23:46     all   34.58    0.00   17.26    0.00    0.00    0.01    0.00    0.00    0.00   48.14
15:23:47     all   32.16    0.00   18.37    0.00    0.00    0.00    0.00    0.00    0.00   49.47
15:23:48     all   34.01    0.01   17.01    0.00    0.00    0.00    0.00    0.00    0.00   48.96
15:23:49     all   34.12    0.00   17.27    0.00    0.00    0.01    0.00    0.00    0.00   48.60
15:23:50     all   32.72    0.00   18.72    0.00    0.00    0.00    0.00    0.00    0.00   48.56
15:23:51     all   32.09    0.00   18.62    0.00    0.00    0.01    0.00    0.00    0.00   49.27
15:23:52     all   32.54    0.00   17.82    0.00    0.00    0.01    0.00    0.00    0.00   49.63
15:23:53     all   34.69    0.00   15.96    0.00    0.00    0.01    0.00    0.00    0.00   49.34
15:23:54     all   33.13    0.00   18.14    0.00    0.00    0.00    0.00    0.00    0.00   48.73
15:23:55     all   30.95    0.00   19.41    0.00    0.00    0.00    0.00    0.00    0.00   49.64
15:23:56     all   34.52    0.00   16.20    0.00    0.00    0.01    0.00    0.00    0.00   49.27
15:23:57     all   33.89    0.00   17.49    0.00    0.00    0.00    0.00    0.00    0.00   48.62
15:23:58     all   31.40    0.00   19.01    0.00    0.00    0.00    0.00    0.00    0.00   49.59
15:23:59     all   35.28    0.00   15.73    0.00    0.00    0.00    0.00    0.00    0.00   48.98
15:24:00     all   33.38    0.00   17.23    0.00    0.00    0.00    0.00    0.00    0.00   49.40
15:24:01     all   33.60    0.00   17.27    0.00    0.00    0.00    0.00    0.00    0.00   49.12
15:24:02     all   33.66    0.00   17.16    0.00    0.00    0.01    0.00    0.00    0.00   49.17
15:24:03     all   31.24    0.00   19.40    0.00    0.00    0.00    0.00    0.00    0.00   49.35
15:24:04     all   35.08    0.00   15.94    0.00    0.00    0.01    0.00    0.00    0.00   48.96
15:24:05     all   31.09    0.00   19.46    0.00    0.00    0.01    0.00    0.00    0.00   49.44
15:24:06     all   35.96    0.00   15.96    0.00    0.00    0.00    0.00    0.00    0.00   48.07
15:24:07     all   33.94    0.00   17.35    0.00    0.00    0.01    0.00    0.00    0.00   48.70
15:24:08     all   28.47    0.00   23.20    0.00    0.00    0.01    0.00    0.00    0.00   48.32
15:24:09     all   28.86    0.00   22.02    0.00    0.00    0.00    0.00    0.00    0.00   49.12
15:24:10     all   30.17    0.00   20.61    0.00    0.00    0.00    0.00    0.00    0.00   49.22
15:24:11     all   29.86    0.00   20.98    0.00    0.00    0.00    0.00    0.00    0.00   49.16
15:24:12     all   30.54    0.00   20.19    0.00    0.00    0.01    0.00    0.00    0.00   49.26
15:24:13     all   30.56    0.00   20.33    0.01    0.00    0.00    0.00    0.00    0.00   49.09
15:24:14     all   31.20    0.00   19.55    0.00    0.00    0.00    0.00    0.00    0.00   49.26
15:24:15     all   31.58    0.00   18.85    0.00    0.00    0.00    0.00    0.00    0.00   49.56
15:24:16     all   31.68    0.00   18.86    0.00    0.00    0.01    0.00    0.00    0.00   49.44
15:24:17     all   30.54    0.00   19.72    0.00    0.00    0.00    0.00    0.00    0.00   49.74
15:24:18     all   32.74    0.00   17.86    0.00    0.00    0.00    0.00    0.00    0.00   49.41
15:24:19     all   31.77    0.00   18.84    0.00    0.00    0.00    0.00    0.00    0.00   49.39
15:24:20     all   30.40    0.00   20.20    0.00    0.00    0.01    0.00    0.00    0.00   49.39
15:24:21     all   31.86    0.00   18.70    0.00    0.00    0.00    0.00    0.00    0.00   49.44
15:24:22     all   31.57    0.00   19.03    0.00    0.00    0.00    0.00    0.00    0.00   49.40
15:24:23     all   30.88    0.00   19.59    0.00    0.00    0.00    0.00    0.00    0.00   49.53
15:24:24     all   31.18    0.00   19.70    0.00    0.00    0.01    0.00    0.00    0.00   49.10
15:24:25     all   31.05    0.00   19.75    0.00    0.00    0.00    0.00    0.00    0.00   49.21
15:24:26     all   31.08    0.00   19.33    0.00    0.00    0.00    0.00    0.00    0.00   49.59
15:24:27     all   30.73    0.00   19.89    0.00    0.00    0.00    0.00    0.00    0.00   49.39
15:24:28     all   31.78    0.00   19.34    0.00    0.00    0.00    0.00    0.00    0.00   48.88
15:24:29     all   30.15    0.00   20.90    0.00    0.00    0.01    0.00    0.00    0.00   48.94
15:24:30     all   30.58    0.00   20.36    0.00    0.00    0.00    0.00    0.00    0.00   49.05
15:24:31     all   32.71    0.00   19.69    0.00    0.00    0.00    0.00    0.00    0.00   47.61
15:24:32     all   30.05    0.00   20.81    0.00    0.00    0.01    0.00    0.00    0.00   49.12
15:24:33     all   30.99    0.00   19.42    0.00    0.00    0.00    0.00    0.00    0.00   49.60
15:24:34     all   29.36    0.01   20.79    0.00    0.00    0.01    0.00    0.00    0.00   49.83
15:24:35     all   30.01    0.00   20.72    0.00    0.00    0.00    0.00    0.00    0.00   49.28
15:24:36     all   29.06    0.00   21.51    0.00    0.00    0.00    0.00    0.00    0.00   49.42
15:24:37     all   29.58    0.00   20.61    0.00    0.00    0.00    0.00    0.00    0.00   49.81
15:24:38     all   29.51    0.00   21.08    0.00    0.00    0.00    0.00    0.00    0.00   49.41
15:24:39     all   29.18    0.00   21.26    0.00    0.00    0.00    0.00    0.00    0.00   49.56
15:24:40     all   29.46    0.00   21.17    0.00    0.00    0.01    0.00    0.00    0.00   49.35
15:24:41     all   29.52    0.00   20.95    0.00    0.00    0.00    0.00    0.00    0.00   49.53
15:24:42     all   27.84    0.00   22.15    0.00    0.00    0.00    0.00    0.00    0.00   50.01
15:24:43     all   30.26    0.00   20.29    0.00    0.00    0.00    0.00    0.00    0.00   49.45
15:24:44     all   31.09    0.00   19.85    0.00    0.00    0.00    0.00    0.00    0.00   49.06
15:24:45     all   30.23    0.00   19.88    0.00    0.00    0.00    0.00    0.00    0.00   49.89
15:24:46     all   31.43    0.00   19.29    0.00    0.00    0.01    0.00    0.00    0.00   49.26
15:24:47     all   33.27    0.00   17.30    0.00    0.00    0.00    0.00    0.00    0.00   49.43
15:24:48     all   34.19    0.00   16.70    0.00    0.00    0.01    0.00    0.00    0.00   49.10
15:24:49     all   32.16    0.00   19.17    0.00    0.00    0.00    0.00    0.00    0.00   48.67
15:24:50     all   32.87    0.00   17.47    0.00    0.00    0.00    0.00    0.00    0.00   49.65
15:24:51     all   32.37    0.00   18.20    0.00    0.00    0.00    0.00    0.00    0.00   49.42
15:24:52     all   31.57    0.00   18.90    0.00    0.00    0.01    0.00    0.00    0.00   49.51
15:24:53     all   31.44    0.00   19.54    0.00    0.00    0.00    0.00    0.00    0.00   49.03
15:24:54     all   31.00    0.00   20.57    0.00    0.00    0.00    0.00    0.00    0.00   48.43
15:24:55     all   30.73    0.00   20.03    0.00    0.00    0.01    0.00    0.00    0.00   49.23
15:24:56     all   30.53    0.00   20.13    0.00    0.00    0.00    0.00    0.00    0.00   49.35
15:24:57     all   29.11    0.00   21.89    0.00    0.00    0.00    0.00    0.00    0.00   49.00
Average:     all   31.53    0.03   14.82    0.00    0.00    0.00    0.00    0.00    0.00   53.61
