Linux 6.8.0-136-generic (856a17914eb3) 	08/10/26 	_x86_64_	(72 CPU)

06:21:19     CPU    %usr   %nice    %sys %iowait    %irq   %soft  %steal  %guest  %gnice   %idle
06:21:20     all   11.49    0.00    0.35    0.00    0.00    0.00    0.00    0.00    0.00   88.16
06:21:21     all    1.11    0.00    0.85    0.00    0.00    0.00    0.00    0.00    0.00   98.04
06:21:22     all    1.33    0.00    0.15    0.00    0.00    0.00    0.00    0.00    0.00   98.51
06:21:23     all    1.63    0.00    0.18    0.00    0.00    0.00    0.00    0.00    0.00   98.19
06:21:24     all    1.72    0.00    0.50    0.00    0.00    0.00    0.00    0.00    0.00   97.78
06:21:25     all    1.39    0.00    0.22    0.00    0.00    0.00    0.00    0.00    0.00   98.39
06:21:26     all    1.60    0.00    0.17    0.00    0.00    0.00    0.00    0.00    0.00   98.24
06:21:27     all    1.62    0.00    0.17    0.00    0.00    0.00    0.00    0.00    0.00   98.21
06:21:28     all    1.10    0.00    0.40    0.00    0.00    0.00    0.00    0.00    0.00   98.50
06:21:29     all    1.61    0.00    0.21    0.00    0.00    0.00    0.00    0.00    0.00   98.18
06:21:30     all    1.56    0.00    0.15    0.00    0.00    0.00    0.00    0.00    0.00   98.29
06:21:31     all    1.40    0.00    0.12    0.00    0.00    0.00    0.00    0.00    0.00   98.47
06:21:32     all    1.63    0.00    0.19    0.00    0.00    0.00    0.00    0.00    0.00   98.18
06:21:33     all    1.67    0.00    0.25    0.00    0.00    0.00    0.00    0.00    0.00   98.08
06:21:34     all    1.42    0.00    0.21    0.00    0.00    0.00    0.00    0.00    0.00   98.37
06:21:35     all   20.18    0.00    3.82    0.00    0.00    0.00    0.00    0.00    0.00   75.99
06:21:36     all   31.09    0.00    1.36    0.00    0.00    0.00    0.00    0.00    0.00   67.55
06:21:37     all   38.98    0.00    1.58    0.00    0.00    0.00    0.00    0.00    0.00   59.44
06:21:38     all   37.55    0.00    3.12    0.00    0.00    0.01    0.00    0.00    0.00   59.32
06:21:39     all   33.74    0.00    2.58    0.00    0.00    0.00    0.00    0.00    0.00   63.68
06:21:40     all   30.83    0.00    2.51    0.00    0.00    0.00    0.00    0.00    0.00   66.66
06:21:41     all   31.34    0.00    1.63    0.00    0.00    0.00    0.00    0.00    0.00   67.04
06:21:42     all   31.87    0.00    0.84    0.00    0.00    0.00    0.00    0.00    0.00   67.29
06:21:43     all   32.08    0.00    0.58    0.00    0.00    0.01    0.00    0.00    0.00   67.33
06:21:44     all   27.31    0.00    0.38    0.00    0.00    0.00    0.00    0.00    0.00   72.31
06:21:45     all   32.39    0.00    0.42    0.00    0.00    0.01    0.00    0.00    0.00   67.18
06:21:46     all   38.30    0.00    0.67    0.00    0.00    0.01    0.00    0.00    0.00   61.01
06:21:47     all   42.01    0.00    0.88    0.00    0.00    0.00    0.00    0.00    0.00   57.10
06:21:48     all   30.88    0.00    0.56    0.00    0.00    0.00    0.00    0.00    0.00   68.57
06:21:49     all   27.73    0.00    0.71    0.00    0.00    0.00    0.00    0.00    0.00   71.56
06:21:50     all   40.41    0.00    0.63    0.00    0.00    0.01    0.00    0.00    0.00   58.95
06:21:51     all   43.89    0.00    1.38    0.00    0.00    0.00    0.00    0.00    0.00   54.73
06:21:52     all   34.91    0.00    2.46    0.00    0.00    0.00    0.00    0.00    0.00   62.63
06:21:53     all   23.25    0.00    1.25    0.00    0.00    0.00    0.00    0.00    0.00   75.50
06:21:54     all   22.34    0.00    1.47    0.00    0.00    0.00    0.00    0.00    0.00   76.19
06:21:55     all   26.15    0.00    1.52    0.01    0.00    0.00    0.00    0.00    0.00   72.32
06:21:56     all   27.75    0.00    1.42    0.00    0.00    0.00    0.00    0.00    0.00   70.83
06:21:57     all   32.02    0.00    2.02    0.00    0.00    0.00    0.00    0.00    0.00   65.96
06:21:58     all   29.48    0.00    1.73    0.00    0.00    0.00    0.00    0.00    0.00   68.79
06:21:59     all   30.66    0.00    2.07    0.00    0.00    0.00    0.00    0.00    0.00   67.27
06:22:00     all   46.45    0.00    3.24    0.01    0.00    0.00    0.00    0.00    0.00   50.30
06:22:01     all   42.82    0.00    3.77    0.00    0.00    0.00    0.00    0.00    0.00   53.41
06:22:02     all   43.58    0.00    4.13    0.00    0.00    0.03    0.00    0.00    0.00   52.26
06:22:03     all   37.96    0.00    4.57    0.00    0.00    0.00    0.00    0.00    0.00   57.47
06:22:04     all   36.27    0.00    3.78    0.00    0.00    0.00    0.00    0.00    0.00   59.95
06:22:05     all   42.37    0.00    4.38    0.00    0.00    0.00    0.00    0.00    0.00   53.25
06:22:06     all   37.41    0.00    4.45    0.00    0.00    0.00    0.00    0.00    0.00   58.13
06:22:07     all   29.97    0.00    3.58    0.00    0.00    0.00    0.00    0.00    0.00   66.45
06:22:08     all   25.42    0.00    2.75    0.00    0.00    0.00    0.00    0.00    0.00   71.83
06:22:09     all   27.68    0.00    2.49    0.00    0.00    0.00    0.00    0.00    0.00   69.83
06:22:10     all   24.98    0.00    2.94    0.00    0.00    0.01    0.00    0.00    0.00   72.07
06:22:11     all   25.06    0.00    2.96    0.00    0.00    0.00    0.00    0.00    0.00   71.98
06:22:12     all   30.09    0.00    3.00    0.00    0.00    0.01    0.00    0.00    0.00   66.90
06:22:13     all   27.31    0.00    2.52    0.00    0.00    0.00    0.00    0.00    0.00   70.17
06:22:14     all   28.03    0.00    2.33    0.00    0.00    0.00    0.00    0.00    0.00   69.65
06:22:15     all   23.69    0.00    2.70    0.00    0.00    0.00    0.00    0.00    0.00   73.61
06:22:16     all   21.42    0.00    1.75    0.00    0.00    0.00    0.00    0.00    0.00   76.83
06:22:17     all   27.14    0.00    2.03    0.00    0.00    0.00    0.00    0.00    0.00   70.83
06:22:18     all   29.00    0.00    2.19    0.00    0.00    0.00    0.00    0.00    0.00   68.81
06:22:19     all   25.57    0.00    1.31    0.00    0.00    0.00    0.00    0.00    0.00   73.11
06:22:20     all   27.93    0.00    1.74    0.00    0.00    0.01    0.00    0.00    0.00   70.31
06:22:21     all   26.79    0.00    1.98    0.00    0.00    0.00    0.00    0.00    0.00   71.23
06:22:22     all   37.33    0.00    1.62    0.00    0.00    0.03    0.00    0.00    0.00   61.03
06:22:23     all   33.16    0.00    2.19    0.00    0.00    0.00    0.00    0.00    0.00   64.66
06:22:24     all   43.53    0.00    1.77    0.00    0.00    0.01    0.00    0.00    0.00   54.68
06:22:25     all   48.24    0.00    2.24    0.00    0.00    0.00    0.00    0.00    0.00   49.52
06:22:26     all   43.51    0.00    2.00    0.00    0.00    0.00    0.00    0.00    0.00   54.48
06:22:27     all   43.31    0.00    2.56    0.00    0.00    0.00    0.00    0.00    0.00   54.13
06:22:28     all   42.16    0.00    2.90    0.00    0.00    0.00    0.00    0.00    0.00   54.95
06:22:29     all   41.31    0.00    2.21    0.00    0.00    0.00    0.00    0.00    0.00   56.48
06:22:30     all   31.13    0.00    2.27    0.00    0.00    0.00    0.00    0.00    0.00   66.60
06:22:31     all   31.11    0.00    2.62    0.00    0.00    0.00    0.00    0.00    0.00   66.27
06:22:32     all   28.03    0.00    2.20    0.00    0.00    0.00    0.00    0.00    0.00   69.77
06:22:33     all   27.60    0.00    1.82    0.00    0.00    0.00    0.00    0.00    0.00   70.58
06:22:34     all   30.47    0.00    1.98    0.00    0.00    0.01    0.00    0.00    0.00   67.54
06:22:35     all   27.28    0.00    2.06    0.00    0.00    0.00    0.00    0.00    0.00   70.66
06:22:36     all   26.39    0.00    1.52    0.00    0.00    0.00    0.00    0.00    0.00   72.09
06:22:37     all   26.65    0.00    2.13    0.00    0.00    0.00    0.00    0.00    0.00   71.22
06:22:38     all   35.28    0.00    2.48    0.00    0.00    0.00    0.00    0.00    0.00   62.24
06:22:39     all   30.65    0.00    2.27    0.00    0.00    0.00    0.00    0.00    0.00   67.08
06:22:40     all   30.72    0.00    2.09    0.00    0.00    0.00    0.00    0.00    0.00   67.19
06:22:41     all   36.91    0.00    2.11    0.00    0.00    0.01    0.00    0.00    0.00   60.96
06:22:42     all   45.62    0.00    2.16    0.00    0.00    0.00    0.00    0.00    0.00   52.22
06:22:43     all   43.55    0.00    3.47    0.00    0.00    0.01    0.00    0.00    0.00   52.97
06:22:44     all   46.27    0.00    3.78    0.00    0.00    0.00    0.00    0.00    0.00   49.95
06:22:45     all   42.88    0.00    3.08    0.00    0.00    0.00    0.00    0.00    0.00   54.04
06:22:46     all   39.54    0.00    3.49    0.00    0.00    0.00    0.00    0.00    0.00   56.97
06:22:47     all   37.11    0.00    2.77    0.00    0.00    0.00    0.00    0.00    0.00   60.12
06:22:48     all   37.36    0.00    2.92    0.00    0.00    0.01    0.00    0.00    0.00   59.71
06:22:49     all   41.33    0.00    3.09    0.00    0.00    0.00    0.00    0.00    0.00   55.58
06:22:50     all   37.54    0.00    2.76    0.00    0.00    0.00    0.00    0.00    0.00   59.70
06:22:51     all   37.17    0.00    2.63    0.00    0.00    0.00    0.00    0.00    0.00   60.20
06:22:52     all   39.47    0.00    2.34    0.00    0.00    0.00    0.00    0.00    0.00   58.20
06:22:53     all   25.49    0.00    2.92    0.00    0.00    0.00    0.00    0.00    0.00   71.59
06:22:54     all   34.48    0.00    3.12    0.00    0.00    0.00    0.00    0.00    0.00   62.39
06:22:55     all   37.43    0.00    2.43    0.00    0.00    0.00    0.00    0.00    0.00   60.14
06:22:56     all   45.57    0.00    2.45    0.00    0.00    0.00    0.00    0.00    0.00   51.98
06:22:57     all   46.00    0.00    2.98    0.00    0.00    0.00    0.00    0.00    0.00   51.02
06:22:58     all   51.27    0.00    2.69    0.00    0.00    0.01    0.00    0.00    0.00   46.03
06:22:59     all   51.08    0.00    3.96    0.00    0.00    0.00    0.00    0.00    0.00   44.96
06:23:00     all   45.54    0.00    4.92    0.00    0.00    0.00    0.00    0.00    0.00   49.54
06:23:01     all   48.25    0.01    3.70    0.00    0.00    0.01    0.00    0.00    0.00   48.02
06:23:02     all   45.90    0.00    4.01    0.00    0.00    0.00    0.00    0.00    0.00   50.10
06:23:03     all   38.11    0.00    4.10    0.00    0.00    0.00    0.00    0.00    0.00   57.79
06:23:04     all   45.53    0.00    4.31    0.01    0.00    0.00    0.00    0.00    0.00   50.14
06:23:05     all   44.78    0.00    4.27    0.00    0.00    0.00    0.00    0.00    0.00   50.95
06:23:06     all   38.82    0.00    3.53    0.00    0.00    0.00    0.00    0.00    0.00   57.65
06:23:07     all   26.81    0.00    2.63    0.00    0.00    0.01    0.00    0.00    0.00   70.55
06:23:08     all   16.83    0.00    2.34    0.00    0.00    0.00    0.00    0.00    0.00   80.83
06:23:09     all   12.40    0.00    1.65    0.00    0.00    0.00    0.00    0.00    0.00   85.95
06:23:10     all    9.99    0.00    1.53    0.00    0.00    0.00    0.00    0.00    0.00   88.48
06:23:11     all    7.22    0.00    1.29    0.00    0.00    0.00    0.00    0.00    0.00   91.49
06:23:12     all    7.32    0.00    1.38    0.00    0.00    0.00    0.00    0.00    0.00   91.31
06:23:13     all    7.49    0.00    1.31    0.00    0.00    0.00    0.00    0.00    0.00   91.21
06:23:14     all    7.10    0.00    1.58    0.00    0.00    0.00    0.00    0.00    0.00   91.31
06:23:15     all    7.87    0.01    1.43    0.00    0.00    0.01    0.00    0.00    0.00   90.67
06:23:16     all    7.04    0.00    1.42    0.00    0.00    0.00    0.00    0.00    0.00   91.54
06:23:17     all    6.05    0.00    1.00    0.00    0.00    0.00    0.00    0.00    0.00   92.95
06:23:18     all    6.00    0.00    0.96    0.00    0.00    0.00    0.00    0.00    0.00   93.04
06:23:19     all    5.14    0.00    1.01    0.00    0.00    0.00    0.00    0.00    0.00   93.84
06:23:20     all    4.63    0.00    1.06    0.00    0.00    0.00    0.00    0.00    0.00   94.32
06:23:21     all    4.91    0.01    0.89    0.00    0.00    0.00    0.00    0.00    0.00   94.19
06:23:22     all    4.86    0.00    0.97    0.01    0.00    0.00    0.00    0.00    0.00   94.15
06:23:23     all    4.55    0.00    1.01    0.00    0.00    0.00    0.00    0.00    0.00   94.44
06:23:24     all    4.87    0.00    1.04    0.00    0.00    0.00    0.00    0.00    0.00   94.09
06:23:25     all    4.98    0.00    0.88    0.00    0.00    0.00    0.00    0.00    0.00   94.15
06:23:26     all    3.70    0.00    0.78    0.00    0.00    0.00    0.00    0.00    0.00   95.53
06:23:27     all    4.30    0.00    0.88    0.00    0.00    0.00    0.00    0.00    0.00   94.82
06:23:28     all    3.67    0.00    0.60    0.00    0.00    0.00    0.00    0.00    0.00   95.73
06:23:29     all    2.31    0.00    0.54    0.00    0.00    0.00    0.00    0.00    0.00   97.15
Average:     all   26.35    0.00    2.00    0.00    0.00    0.00    0.00    0.00    0.00   71.65
