Linux 6.8.0-136-generic (856a17914eb3) 	08/10/26 	_x86_64_	(72 CPU)

09:09:19     CPU    %usr   %nice    %sys %iowait    %irq   %soft  %steal  %guest  %gnice   %idle
09:09:20     all   11.30    0.00    0.38    0.00    0.00    0.00    0.00    0.00    0.00   88.33
09:09:21     all    1.37    0.00    0.74    0.00    0.00    0.00    0.00    0.00    0.00   97.89
09:09:22     all    1.50    0.00    0.18    0.00    0.00    0.00    0.00    0.00    0.00   98.32
09:09:23     all    1.43    0.00    0.22    0.00    0.00    0.00    0.00    0.00    0.00   98.35
09:09:24     all    1.57    0.00    0.31    0.00    0.00    0.00    0.00    0.00    0.00   98.12
09:09:25     all    1.60    0.00    0.22    0.00    0.00    0.00    0.00    0.00    0.00   98.18
09:09:26     all    1.35    0.00    0.18    0.00    0.00    0.00    0.00    0.00    0.00   98.47
09:09:27     all    1.68    0.00    0.24    0.00    0.00    0.00    0.00    0.00    0.00   98.08
09:09:28     all    1.35    0.00    0.64    0.00    0.00    0.00    0.00    0.00    0.00   98.01
09:09:29     all    1.36    0.00    0.19    0.00    0.00    0.00    0.00    0.00    0.00   98.44
09:09:30     all    1.68    0.00    0.18    0.01    0.00    0.00    0.00    0.00    0.00   98.13
09:09:31     all    1.58    0.00    0.19    0.00    0.00    0.00    0.00    0.00    0.00   98.22
09:09:32     all    1.46    0.00    0.38    0.00    0.00    0.01    0.00    0.00    0.00   98.15
09:09:33     all    1.72    0.00    0.33    0.00    0.00    0.00    0.00    0.00    0.00   97.94
09:09:34     all    1.58    0.00    0.19    0.00    0.00    0.00    0.00    0.00    0.00   98.22
09:09:35     all   21.40    0.00   14.32    0.00    0.00    0.00    0.00    0.00    0.00   64.27
09:09:36     all   31.57    0.00    0.86    0.00    0.00    0.01    0.00    0.00    0.00   67.56
09:09:37     all   49.76    0.00    2.69    0.00    0.00    0.00    0.00    0.00    0.00   47.55
09:09:38     all   58.07    0.00    4.16    0.00    0.00    0.01    0.00    0.00    0.00   37.75
09:09:39     all   34.85    0.00    1.94    0.00    0.00    0.00    0.00    0.00    0.00   63.21
09:09:40     all   32.28    0.00    1.48    0.00    0.00    0.00    0.00    0.00    0.00   66.24
09:09:41     all   34.16    0.00    1.31    0.00    0.00    0.00    0.00    0.00    0.00   64.53
09:09:42     all   32.85    0.00    1.02    0.00    0.00    0.01    0.00    0.00    0.00   66.12
09:09:43     all   26.53    0.00    0.53    0.00    0.00    0.00    0.00    0.00    0.00   72.94
09:09:44     all   27.73    0.00    0.65    0.00    0.00    0.00    0.00    0.00    0.00   71.61
09:09:45     all   37.91    0.00    0.68    0.00    0.00    0.00    0.00    0.00    0.00   61.41
09:09:46     all   43.67    0.00    0.52    0.00    0.00    0.01    0.00    0.00    0.00   55.80
09:09:47     all   36.12    0.00    0.70    0.00    0.00    0.00    0.00    0.00    0.00   63.18
09:09:48     all   29.44    0.00    0.68    0.00    0.00    0.00    0.00    0.00    0.00   69.87
09:09:49     all   37.39    0.00    0.73    0.00    0.00    0.00    0.00    0.00    0.00   61.88
09:09:50     all   56.90    0.00    1.09    0.00    0.00    0.00    0.00    0.00    0.00   42.01
09:09:51     all   58.10    0.00    2.10    0.00    0.00    0.01    0.00    0.00    0.00   39.79
09:09:52     all   36.90    0.00    1.81    0.00    0.00    0.00    0.00    0.00    0.00   61.29
09:09:53     all   27.92    0.00    2.31    0.00    0.00    0.00    0.00    0.00    0.00   69.76
09:09:54     all   29.00    0.00    1.96    0.00    0.00    0.00    0.00    0.00    0.00   69.04
09:09:55     all   36.34    0.00    1.71    0.00    0.00    0.00    0.00    0.00    0.00   61.95
09:09:56     all   46.82    0.00    2.59    0.01    0.00    0.00    0.00    0.00    0.00   50.57
09:09:57     all   53.29    0.00    2.67    0.00    0.00    0.00    0.00    0.00    0.00   44.03
09:09:58     all   46.96    0.00    3.24    0.00    0.00    0.00    0.00    0.00    0.00   49.80
09:09:59     all   47.56    0.00    2.75    0.00    0.00    0.00    0.00    0.00    0.00   49.69
09:10:00     all   40.97    0.00    2.71    0.00    0.00    0.00    0.00    0.00    0.00   56.32
09:10:01     all   45.62    0.00    3.92    0.00    0.00    0.01    0.00    0.00    0.00   50.44
09:10:02     all   41.60    0.00    3.65    0.00    0.00    0.01    0.00    0.00    0.00   54.74
09:10:03     all   41.67    0.00    4.76    0.00    0.00    0.00    0.00    0.00    0.00   53.57
09:10:04     all   43.73    0.00    4.27    0.00    0.00    0.00    0.00    0.00    0.00   52.00
09:10:05     all   35.10    0.00    2.47    0.00    0.00    0.00    0.00    0.00    0.00   62.43
09:10:06     all   38.03    0.00    1.98    0.00    0.00    0.00    0.00    0.00    0.00   59.99
09:10:07     all   29.59    0.00    2.02    0.00    0.00    0.00    0.00    0.00    0.00   68.40
09:10:08     all   28.33    0.00    1.92    0.00    0.00    0.00    0.00    0.00    0.00   69.75
09:10:09     all   30.16    0.00    1.41    0.00    0.00    0.00    0.00    0.00    0.00   68.43
09:10:10     all   27.70    0.00    1.84    0.00    0.00    0.00    0.00    0.00    0.00   70.46
09:10:11     all   26.33    0.00    1.96    0.00    0.00    0.00    0.00    0.00    0.00   71.71
09:10:12     all   33.79    0.00    2.31    0.00    0.00    0.00    0.00    0.00    0.00   63.90
09:10:13     all   20.24    0.00    2.17    0.00    0.00    0.00    0.00    0.00    0.00   77.58
09:10:14     all   33.55    0.00    2.10    0.00    0.00    0.00    0.00    0.00    0.00   64.35
09:10:15     all   29.96    0.00    1.56    0.00    0.00    0.01    0.00    0.00    0.00   68.46
09:10:16     all   33.20    0.00    1.78    0.00    0.00    0.00    0.00    0.00    0.00   65.01
09:10:17     all   26.40    0.00    1.70    0.00    0.00    0.00    0.00    0.00    0.00   71.90
09:10:18     all   44.32    0.00    2.42    0.00    0.00    0.00    0.00    0.00    0.00   53.26
09:10:19     all   25.40    0.00    1.64    0.00    0.00    0.00    0.00    0.00    0.00   72.96
09:10:20     all   27.59    0.00    1.80    0.00    0.00    0.00    0.00    0.00    0.00   70.61
09:10:21     all   40.09    0.00    1.69    0.00    0.00    0.00    0.00    0.00    0.00   58.22
09:10:22     all   53.09    0.00    1.85    0.00    0.00    0.00    0.00    0.00    0.00   45.07
09:10:23     all   33.39    0.00    1.34    0.00    0.00    0.01    0.00    0.00    0.00   65.26
09:10:24     all   39.89    0.00    1.74    0.00    0.00    0.01    0.00    0.00    0.00   58.35
09:10:25     all   35.68    0.00    1.81    0.00    0.00    0.00    0.00    0.00    0.00   62.51
09:10:26     all   35.58    0.00    2.02    0.00    0.00    0.00    0.00    0.00    0.00   62.40
09:10:27     all   38.03    0.00    2.16    0.00    0.00    0.01    0.00    0.00    0.00   59.81
09:10:28     all   40.21    0.00    2.05    0.00    0.00    0.00    0.00    0.00    0.00   57.74
09:10:29     all   29.27    0.00    1.60    0.00    0.00    0.00    0.00    0.00    0.00   69.13
09:10:30     all   32.54    0.00    1.91    0.00    0.00    0.00    0.00    0.00    0.00   65.55
09:10:31     all   22.91    0.00    1.73    0.00    0.00    0.00    0.00    0.00    0.00   75.37
09:10:32     all   34.74    0.00    1.34    0.00    0.00    0.00    0.00    0.00    0.00   63.92
09:10:33     all   38.95    0.00    1.90    0.00    0.00    0.00    0.00    0.00    0.00   59.16
09:10:34     all   48.51    0.00    2.66    0.00    0.00    0.00    0.00    0.00    0.00   48.83
09:10:35     all   41.49    0.00    2.53    0.00    0.00    0.00    0.00    0.00    0.00   55.98
09:10:36     all   24.49    0.00    2.06    0.00    0.00    0.01    0.00    0.00    0.00   73.44
09:10:37     all   42.24    0.00    1.65    0.00    0.00    0.00    0.00    0.00    0.00   56.11
09:10:38     all   35.36    0.00    1.56    0.00    0.00    0.00    0.00    0.00    0.00   63.09
09:10:39     all   24.17    0.00    2.11    0.00    0.00    0.00    0.00    0.00    0.00   73.72
09:10:40     all   37.73    0.00    2.73    0.00    0.00    0.00    0.00    0.00    0.00   59.54
09:10:41     all   44.24    0.00    2.50    0.00    0.00    0.00    0.00    0.00    0.00   53.26
09:10:42     all   42.39    0.00    2.77    0.00    0.00    0.00    0.00    0.00    0.00   54.83
09:10:43     all   38.47    0.00    1.94    0.00    0.00    0.00    0.00    0.00    0.00   59.59
09:10:44     all   38.28    0.00    2.26    0.00    0.00    0.01    0.00    0.00    0.00   59.45
09:10:45     all   47.80    0.00    2.37    0.00    0.00    0.00    0.00    0.00    0.00   49.83
09:10:46     all   49.66    0.00    2.74    0.00    0.00    0.00    0.00    0.00    0.00   47.60
09:10:47     all   41.56    0.00    3.04    0.00    0.00    0.00    0.00    0.00    0.00   55.40
09:10:48     all   13.28    0.00    2.17    0.01    0.00    0.01    0.00    0.00    0.00   84.52
09:10:49     all    0.04    0.00    1.50    0.00    0.00    0.00    0.00    0.00    0.00   98.46
09:10:50     all   11.50    0.00    0.99    0.00    0.00    0.00    0.00    0.00    0.00   87.52
09:10:51     all    1.43    0.00    0.43    0.00    0.00    0.00    0.00    0.00    0.00   98.14
09:10:52     all    1.19    0.00    0.38    0.00    0.00    0.00    0.00    0.00    0.00   98.43
09:10:53     all    1.67    0.00    0.25    0.00    0.00    0.00    0.00    0.00    0.00   98.08
09:10:54     all    1.58    0.00    0.22    0.00    0.00    0.00    0.00    0.00    0.00   98.19
09:10:55     all    1.46    0.00    0.24    0.00    0.00    0.00    0.00    0.00    0.00   98.31
09:10:56     all    1.58    0.00    0.22    0.00    0.00    0.00    0.00    0.00    0.00   98.19
09:10:57     all    1.60    0.00    0.24    0.00    0.00    0.00    0.00    0.00    0.00   98.17
09:10:58     all    1.11    0.00    0.49    0.00    0.00    0.00    0.00    0.00    0.00   98.40
09:10:59     all    1.62    0.00    0.31    0.00    0.00    0.00    0.00    0.00    0.00   98.07
09:11:00     all    1.68    0.00    0.24    0.00    0.00    0.00    0.00    0.00    0.00   98.08
09:11:01     all    1.40    0.00    0.22    0.00    0.00    0.00    0.00    0.00    0.00   98.37
09:11:02     all    1.68    0.00    0.46    0.00    0.00    0.00    0.00    0.00    0.00   97.86
09:11:03     all    1.61    0.01    0.15    0.00    0.00    0.00    0.00    0.00    0.00   98.22
09:11:04     all    1.46    0.00    0.22    0.00    0.00    0.00    0.00    0.00    0.00   98.32
09:11:05     all   11.34    0.00    4.78    0.00    0.00    0.00    0.00    0.00    0.00   83.87
09:11:06     all   28.92    0.00    1.35    0.00    0.00    0.00    0.00    0.00    0.00   69.73
09:11:07     all   27.85    0.00    0.91    0.00    0.00    0.00    0.00    0.00    0.00   71.25
09:11:08     all   52.76    0.00    4.01    0.00    0.00    0.00    0.00    0.00    0.00   43.23
09:11:09     all   35.07    0.00    2.10    0.00    0.00    0.00    0.00    0.00    0.00   62.83
09:11:10     all   34.79    0.01    1.90    0.00    0.00    0.00    0.00    0.00    0.00   63.30
09:11:11     all   29.17    0.00    1.29    0.00    0.00    0.00    0.00    0.00    0.00   69.54
09:11:12     all   31.85    0.00    0.72    0.00    0.00    0.00    0.00    0.00    0.00   67.43
09:11:13     all   30.02    0.00    0.67    0.00    0.00    0.00    0.00    0.00    0.00   69.31
09:11:14     all   24.14    0.00    0.53    0.00    0.00    0.00    0.00    0.00    0.00   75.33
09:11:15     all   29.63    0.00    0.45    0.00    0.00    0.00    0.00    0.00    0.00   69.92
09:11:16     all   38.10    0.00    0.79    0.00    0.00    0.00    0.00    0.00    0.00   61.11
09:11:17     all   41.07    0.00    0.60    0.00    0.00    0.00    0.00    0.00    0.00   58.33
09:11:18     all   29.94    0.00    0.57    0.00    0.00    0.00    0.00    0.00    0.00   69.49
09:11:19     all   28.68    0.00    0.71    0.00    0.00    0.01    0.00    0.00    0.00   70.59
09:11:20     all   41.72    0.00    0.73    0.00    0.00    0.00    0.00    0.00    0.00   57.55
09:11:21     all   52.25    0.00    1.44    0.00    0.00    0.00    0.00    0.00    0.00   46.31
09:11:22     all   35.33    0.00    2.75    0.00    0.00    0.01    0.00    0.00    0.00   61.90
09:11:23     all   30.07    0.00    1.81    0.00    0.00    0.00    0.00    0.00    0.00   68.12
09:11:24     all   24.12    0.00    1.49    0.00    0.00    0.00    0.00    0.00    0.00   74.39
09:11:25     all   25.68    0.00    1.39    0.01    0.00    0.00    0.00    0.00    0.00   72.92
09:11:26     all   24.43    0.00    1.31    0.00    0.00    0.00    0.00    0.00    0.00   74.26
09:11:27     all   30.21    0.00    1.57    0.00    0.00    0.00    0.00    0.00    0.00   68.22
09:11:28     all   37.09    0.00    1.48    0.00    0.00    0.00    0.00    0.00    0.00   61.43
09:11:29     all   49.18    0.00    2.94    0.00    0.00    0.01    0.00    0.00    0.00   47.87
09:11:30     all   51.21    0.00    3.46    0.00    0.00    0.00    0.00    0.00    0.00   45.33
09:11:31     all   47.80    0.00    3.77    0.00    0.00    0.00    0.00    0.00    0.00   48.43
09:11:32     all   46.15    0.00    4.27    0.00    0.00    0.00    0.00    0.00    0.00   49.59
09:11:33     all   42.36    0.00    3.81    0.00    0.00    0.00    0.00    0.00    0.00   53.83
09:11:34     all   36.99    0.00    4.05    0.00    0.00    0.00    0.00    0.00    0.00   58.96
09:11:35     all   38.31    0.00    3.91    0.00    0.00    0.00    0.00    0.00    0.00   57.78
09:11:36     all   30.24    0.00    2.79    0.00    0.00    0.00    0.00    0.00    0.00   66.97
09:11:37     all   35.58    0.00    2.74    0.00    0.00    0.01    0.00    0.00    0.00   61.66
09:11:38     all   27.93    0.00    1.96    0.00    0.00    0.00    0.00    0.00    0.00   70.11
09:11:39     all    0.18    0.00    1.53    0.00    0.00    0.00    0.00    0.00    0.00   98.29
09:11:40     all    0.13    0.00    1.13    0.00    0.00    0.00    0.00    0.00    0.00   98.75
09:11:41     all    0.21    0.00    0.08    0.00    0.00    0.00    0.00    0.00    0.00   99.71
09:11:42     all    0.32    0.00    0.19    0.00    0.00    0.00    0.00    0.00    0.00   99.49
09:11:43     all    0.08    0.00    0.04    0.00    0.00    0.00    0.00    0.00    0.00   99.87
09:11:44     all    0.18    0.00    0.07    0.00    0.00    0.00    0.00    0.00    0.00   99.75
09:11:45     all    0.29    0.00    0.14    0.00    0.00    0.00    0.00    0.00    0.00   99.57
09:11:46     all    0.01    0.00    0.07    0.00    0.00    0.00    0.00    0.00    0.00   99.92
09:11:47     all    0.32    0.00    0.13    0.00    0.00    0.00    0.00    0.00    0.00   99.56
09:11:48     all    0.33    0.00    0.18    0.00    0.00    0.00    0.00    0.00    0.00   99.49
09:11:49     all    0.14    0.00    0.10    0.00    0.00    0.00    0.00    0.00    0.00   99.76
09:11:50     all    0.39    0.00    0.32    0.00    0.00    0.00    0.00    0.00    0.00   99.29
09:11:51     all    0.29    0.00    0.08    0.00    0.00    0.00    0.00    0.00    0.00   99.62
09:11:52     all    0.60    0.00    0.25    0.00    0.00    0.00    0.00    0.00    0.00   99.15
09:11:53     all    0.36    0.00    0.08    0.00    0.00    0.00    0.00    0.00    0.00   99.56
09:11:54     all    0.50    0.00    0.17    0.00    0.00    0.00    0.00    0.00    0.00   99.33
09:11:55     all    0.71    0.00    0.28    0.00    0.00    0.00    0.00    0.00    0.00   99.01
09:11:56     all    0.32    0.00    0.08    0.00    0.00    0.00    0.00    0.00    0.00   99.60
09:11:57     all    0.33    0.00    0.19    0.00    0.00    0.00    0.00    0.00    0.00   99.47
09:11:58     all    0.08    0.00    0.13    0.00    0.00    0.00    0.00    0.00    0.00   99.79
09:11:59     all    0.31    0.00    0.10    0.00    0.00    0.00    0.00    0.00    0.00   99.60
09:12:00     all    0.46    0.00    0.26    0.00    0.00    0.00    0.00    0.00    0.00   99.28
09:12:01     all    0.39    0.00    0.13    0.00    0.00    0.00    0.00    0.00    0.00   99.49
09:12:02     all    0.33    0.00    0.17    0.00    0.00    0.00    0.00    0.00    0.00   99.50
09:12:03     all    0.22    0.00    0.11    0.00    0.00    0.00    0.00    0.00    0.00   99.67
09:12:04     all    0.03    0.00    0.11    0.00    0.00    0.00    0.00    0.00    0.00   99.86
09:12:05     all    0.26    0.00    0.13    0.00    0.00    0.00    0.00    0.00    0.00   99.61
09:12:06     all    0.32    0.00    0.13    0.00    0.00    0.00    0.00    0.00    0.00   99.56
09:12:07     all    0.36    0.01    0.44    0.00    0.00    0.00    0.00    0.00    0.00   99.18
09:12:08     all    0.25    0.00    0.07    0.00    0.00    0.00    0.00    0.00    0.00   99.68
09:12:09     all    0.26    0.01    0.13    0.00    0.00    0.00    0.00    0.00    0.00   99.60
09:12:10     all    0.04    0.00    0.11    0.00    0.00    0.00    0.00    0.00    0.00   99.85
09:12:11     all    0.28    0.00    0.10    0.00    0.00    0.00    0.00    0.00    0.00   99.62
09:12:12     all    0.35    0.00    0.18    0.00    0.00    0.00    0.00    0.00    0.00   99.47
09:12:13     all    0.03    0.00    0.08    0.00    0.00    0.00    0.00    0.00    0.00   99.89
09:12:14     all    0.25    0.00    0.11    0.00    0.00    0.00    0.00    0.00    0.00   99.64
09:12:15     all    0.24    0.00    0.13    0.00    0.00    0.00    0.00    0.00    0.00   99.64
09:12:16     all    0.14    0.00    0.11    0.00    0.00    0.00    0.00    0.00    0.00   99.75
09:12:17     all    0.32    0.00    0.18    0.00    0.00    0.00    0.00    0.00    0.00   99.50
09:12:18     all    0.68    0.00    0.19    0.00    0.00    0.00    0.00    0.00    0.00   99.13
09:12:19     all    0.06    0.00    0.10    0.00    0.00    0.00    0.00    0.00    0.00   99.85
09:12:20     all    0.36    0.00    0.15    0.00    0.00    0.00    0.00    0.00    0.00   99.49
09:12:21     all    0.22    0.00    0.11    0.00    0.00    0.00    0.00    0.00    0.00   99.67
09:12:22     all    0.26    0.00    0.38    0.00    0.00    0.00    0.00    0.00    0.00   99.36
09:12:23     all    0.40    0.00    0.18    0.00    0.00    0.00    0.00    0.00    0.00   99.42
09:12:24     all    0.26    0.00    0.06    0.00    0.00    0.00    0.00    0.00    0.00   99.68
09:12:25     all    0.04    0.00    0.08    0.00    0.00    0.00    0.00    0.00    0.00   99.87
09:12:26     all    0.26    0.00    0.06    0.00    0.00    0.00    0.00    0.00    0.00   99.68
09:12:27     all    0.33    0.00    0.15    0.00    0.00    0.00    0.00    0.00    0.00   99.51
09:12:28     all    0.03    0.00    0.06    0.00    0.00    0.00    0.00    0.00    0.00   99.92
09:12:29     all    0.28    0.00    0.12    0.00    0.00    0.00    0.00    0.00    0.00   99.60
09:12:30     all    0.28    0.00    0.17    0.00    0.00    0.00    0.00    0.00    0.00   99.56
09:12:31     all    0.03    0.00    0.04    0.00    0.00    0.00    0.00    0.00    0.00   99.93
09:12:32     all    0.28    0.00    0.13    0.00    0.00    0.00    0.00    0.00    0.00   99.60
09:12:33     all    0.31    0.00    0.13    0.00    0.00    0.00    0.00    0.00    0.00   99.57
09:12:34     all    0.04    0.00    0.11    0.00    0.00    0.00    0.00    0.00    0.00   99.85
09:12:35     all    0.31    0.00    0.15    0.01    0.00    0.00    0.00    0.00    0.00   99.53
09:12:36     all    0.37    0.00    0.21    0.00    0.00    0.00    0.00    0.00    0.00   99.42
09:12:37     all    0.04    0.00    0.08    0.00    0.00    0.00    0.00    0.00    0.00   99.87
09:12:38     all    0.51    0.00    0.39    0.00    0.00    0.00    0.00    0.00    0.00   99.10
09:12:39     all    1.03    0.00    0.31    0.00    0.00    0.00    0.00    0.00    0.00   98.67
09:12:40     all    1.72    0.00    0.32    0.00    0.00    0.00    0.00    0.00    0.00   97.96
09:12:41     all    1.61    0.00    0.14    0.00    0.00    0.00    0.00    0.00    0.00   98.25
09:12:42     all    1.58    0.00    0.21    0.00    0.00    0.00    0.00    0.00    0.00   98.21
09:12:43     all    1.50    0.00    0.22    0.00    0.00    0.00    0.00    0.00    0.00   98.28
09:12:44     all    1.67    0.00    0.11    0.00    0.00    0.00    0.00    0.00    0.00   98.22
09:12:45     all    1.72    0.00    0.11    0.00    0.00    0.00    0.00    0.00    0.00   98.17
09:12:46     all    1.83    0.00    0.22    0.00    0.00    0.00    0.00    0.00    0.00   97.94
09:12:47     all    1.64    0.01    0.08    0.00    0.00    0.00    0.00    0.00    0.00   98.26
09:12:48     all    1.75    0.00    0.18    0.00    0.00    0.00    0.00    0.00    0.00   98.07
09:12:49     all    1.39    0.00    0.10    0.00    0.00    0.00    0.00    0.00    0.00   98.51
09:12:50     all    1.71    0.00    0.19    0.00    0.00    0.00    0.00    0.00    0.00   98.10
09:12:51     all    1.61    0.00    0.06    0.00    0.00    0.00    0.00    0.00    0.00   98.33
09:12:52     all    1.51    0.00    0.10    0.00    0.00    0.00    0.00    0.00    0.00   98.39
09:12:53     all    1.68    0.00    0.15    0.00    0.00    0.00    0.00    0.00    0.00   98.17
09:12:54     all    1.75    0.00    0.25    0.00    0.00    0.00    0.00    0.00    0.00   98.00
09:12:55     all    1.43    0.00    0.14    0.00    0.00    0.00    0.00    0.00    0.00   98.43
09:12:56     all    1.53    0.00    0.25    0.00    0.00    0.00    0.00    0.00    0.00   98.22
09:12:57     all    1.64    0.00    0.15    0.00    0.00    0.00    0.00    0.00    0.00   98.21
09:12:58     all    1.39    0.00    0.28    0.00    0.00    0.00    0.00    0.00    0.00   98.33
09:12:59     all    1.64    0.00    0.07    0.00    0.00    0.00    0.00    0.00    0.00   98.29
Average:     all   18.23    0.00    1.17    0.00    0.00    0.00    0.00    0.00    0.00   80.60
