Linux 6.8.0-136-generic (856a17914eb3) 	08/10/26 	_x86_64_	(72 CPU)

17:44:28     CPU    %usr   %nice    %sys %iowait    %irq   %soft  %steal  %guest  %gnice   %idle
17:44:29     all    6.90    0.00    0.46    0.00    0.00    0.00    0.00    0.00    0.00   92.65
17:44:30     all    1.14    0.00    1.22    0.00    0.00    0.00    0.00    0.00    0.00   97.64
17:44:31     all    1.88    0.00    0.38    0.00    0.00    0.00    0.00    0.00    0.00   97.75
17:44:32     all    1.67    0.00    0.56    0.00    0.00    0.00    0.00    0.00    0.00   97.78
17:44:33     all    1.56    0.00    0.18    0.00    0.00    0.00    0.00    0.00    0.00   98.26
17:44:34     all    1.63    0.00    0.25    0.00    0.00    0.00    0.00    0.00    0.00   98.12
17:44:35     all    1.54    0.00    0.29    0.00    0.00    0.00    0.00    0.00    0.00   98.17
17:44:36     all    1.56    0.00    0.13    0.00    0.00    0.00    0.00    0.00    0.00   98.32
17:44:37     all    1.67    0.00    0.22    0.00    0.00    0.00    0.00    0.00    0.00   98.11
17:44:38     all    1.56    0.00    0.29    0.00    0.00    0.00    0.00    0.00    0.00   98.15
17:44:39     all    1.82    0.00    0.25    0.00    0.00    0.00    0.00    0.00    0.00   97.93
17:44:40     all    1.72    0.00    0.26    0.00    0.00    0.00    0.00    0.00    0.00   98.01
17:44:41     all    1.36    0.00    0.17    0.00    0.00    0.00    0.00    0.00    0.00   98.47
17:44:42     all    1.58    0.00    0.29    0.00    0.00    0.00    0.00    0.00    0.00   98.13
17:44:43     all    1.57    0.00    0.19    0.00    0.00    0.00    0.00    0.00    0.00   98.24
17:44:44     all    1.43    0.00    0.18    0.00    0.00    0.00    0.00    0.00    0.00   98.39
17:44:45     all    1.76    0.00    0.35    0.00    0.00    0.00    0.00    0.00    0.00   97.89
17:44:46     all    1.66    0.00    0.40    0.00    0.00    0.00    0.00    0.00    0.00   97.94
17:44:47     all    1.96    0.00    0.33    0.00    0.00    0.00    0.00    0.00    0.00   97.71
17:44:48     all    1.89    0.00    0.25    0.00    0.00    0.00    0.00    0.00    0.00   97.86
17:44:49     all    1.70    0.00    0.24    0.00    0.00    0.00    0.00    0.00    0.00   98.07
17:44:50     all    1.46    0.00    0.25    0.00    0.00    0.00    0.00    0.00    0.00   98.29
17:44:51     all    1.60    0.01    0.28    0.00    0.00    0.00    0.00    0.00    0.00   98.11
17:44:52     all    1.64    0.00    0.24    0.00    0.00    0.00    0.00    0.00    0.00   98.12
17:44:53     all    1.46    0.00    0.26    0.00    0.00    0.00    0.00    0.00    0.00   98.28
17:44:54     all    1.94    0.00    0.22    0.00    0.00    0.00    0.00    0.00    0.00   97.83
17:44:55     all    1.74    0.00    0.24    0.00    0.00    0.00    0.00    0.00    0.00   98.03
17:44:56     all    1.40    0.00    0.22    0.00    0.00    0.00    0.00    0.00    0.00   98.38
17:44:57     all    1.51    0.00    0.24    0.00    0.00    0.00    0.00    0.00    0.00   98.25
17:44:58     all    1.53    0.00    0.17    0.00    0.00    0.00    0.00    0.00    0.00   98.31
17:44:59     all   15.88    0.00    2.62    0.01    0.00    0.00    0.00    0.00    0.00   81.49
17:45:00     all   28.94    0.00    2.66    0.00    0.00    0.00    0.00    0.00    0.00   68.39
17:45:01     all   13.44    0.00    1.35    0.00    0.00    0.01    0.00    0.00    0.00   85.20
17:45:02     all   32.53    0.00    7.97    0.00    0.00    0.00    0.00    0.00    0.00   59.51
17:45:03     all   32.78    0.00    5.56    0.00    0.00    0.00    0.00    0.00    0.00   61.66
17:45:04     all   29.72    0.00    4.58    0.00    0.00    0.00    0.00    0.00    0.00   65.70
17:45:05     all   30.84    0.00    3.34    0.01    0.00    0.00    0.00    0.00    0.00   65.80
17:45:06     all   31.04    0.00    2.72    0.00    0.00    0.00    0.00    0.00    0.00   66.24
17:45:07     all   28.55    0.00    2.53    0.00    0.00    0.00    0.00    0.00    0.00   68.92
17:45:08     all   33.07    0.00    1.81    0.00    0.00    0.00    0.00    0.00    0.00   65.11
17:45:09     all   20.29    0.00    0.70    0.00    0.00    0.00    0.00    0.00    0.00   79.01
17:45:10     all   24.18    0.01    1.07    0.00    0.00    0.01    0.00    0.00    0.00   74.72
17:45:11     all   22.16    0.00    1.31    0.00    0.00    0.00    0.00    0.00    0.00   76.54
17:45:12     all   27.65    0.01    0.99    0.00    0.00    0.00    0.00    0.00    0.00   71.35
17:45:13     all   36.93    0.00    4.41    0.00    0.00    0.00    0.00    0.00    0.00   58.66
17:45:14     all   22.53    0.00    4.16    0.00    0.00    0.00    0.00    0.00    0.00   73.31
17:45:15     all   25.61    0.01    4.19    0.00    0.00    0.03    0.00    0.00    0.00   70.16
17:45:16     all   23.43    0.00    4.45    0.00    0.00    0.00    0.00    0.00    0.00   72.11
17:45:17     all   25.96    0.00    3.99    0.00    0.00    0.01    0.00    0.00    0.00   70.03
17:45:18     all   24.94    0.00    4.14    0.00    0.00    0.00    0.00    0.00    0.00   70.93
17:45:19     all   30.91    0.00    4.25    0.00    0.00    0.00    0.00    0.00    0.00   64.84
17:45:20     all   36.59    0.00    5.57    0.00    0.00    0.01    0.00    0.00    0.00   57.82
17:45:21     all   35.98    0.00    7.29    0.00    0.00    0.00    0.00    0.00    0.00   56.73
17:45:22     all   39.99    0.00    8.85    0.00    0.00    0.01    0.00    0.00    0.00   51.14
17:45:23     all   34.54    0.00    7.81    0.00    0.00    0.00    0.00    0.00    0.00   57.65
17:45:24     all   38.25    0.00    8.15    0.01    0.00    0.01    0.00    0.00    0.00   53.57
17:45:25     all   27.45    0.00    6.53    0.00    0.00    0.00    0.00    0.00    0.00   66.01
17:45:26     all   27.63    0.00    7.80    0.00    0.00    0.00    0.00    0.00    0.00   64.57
17:45:27     all   31.19    0.00    6.76    0.00    0.00    0.00    0.00    0.00    0.00   62.05
17:45:28     all   23.54    0.00    5.38    0.00    0.00    0.00    0.00    0.00    0.00   71.08
17:45:29     all   19.60    0.00    4.36    0.00    0.00    0.00    0.00    0.00    0.00   76.05
17:45:30     all   24.22    0.00    5.17    0.00    0.00    0.00    0.00    0.00    0.00   70.61
17:45:31     all   22.44    0.00    4.45    0.00    0.00    0.00    0.00    0.00    0.00   73.10
17:45:32     all   26.98    0.00    4.29    0.00    0.00    0.00    0.00    0.00    0.00   68.73
17:45:33     all   31.71    0.00    4.61    0.00    0.00    0.01    0.00    0.00    0.00   63.67
17:45:34     all   34.53    0.00    5.14    0.00    0.00    0.00    0.00    0.00    0.00   60.33
17:45:35     all   30.45    0.00    4.84    0.00    0.00    0.00    0.00    0.00    0.00   64.71
17:45:36     all   34.72    0.00    5.05    0.00    0.00    0.01    0.00    0.00    0.00   60.22
17:45:37     all   35.29    0.00    5.92    0.00    0.00    0.00    0.00    0.00    0.00   58.79
17:45:38     all   35.86    0.00    7.35    0.00    0.00    0.03    0.00    0.00    0.00   56.75
17:45:39     all   30.78    0.00    7.00    0.00    0.00    0.00    0.00    0.00    0.00   62.23
17:45:40     all   24.33    0.00    6.33    0.00    0.00    0.01    0.00    0.00    0.00   69.33
17:45:41     all   26.27    0.00    6.55    0.00    0.00    0.00    0.00    0.00    0.00   67.17
17:45:42     all   27.18    0.00    6.97    0.00    0.00    0.00    0.00    0.00    0.00   65.86
17:45:43     all   29.77    0.00    7.10    0.00    0.00    0.00    0.00    0.00    0.00   63.13
17:45:44     all   26.88    0.00    6.42    0.00    0.00    0.00    0.00    0.00    0.00   66.70
17:45:45     all   29.75    0.00    6.86    0.00    0.00    0.00    0.00    0.00    0.00   63.39
17:45:46     all   33.84    0.00    6.26    0.00    0.00    0.01    0.00    0.00    0.00   59.89
17:45:47     all   32.38    0.00    7.42    0.00    0.00    0.00    0.00    0.00    0.00   60.20
17:45:48     all   38.96    0.00    8.43    0.01    0.00    0.01    0.00    0.00    0.00   52.58
17:45:49     all   36.99    0.00   11.13    0.00    0.00    0.01    0.00    0.00    0.00   51.87
17:45:50     all   39.76    0.00   11.01    0.00    0.00    0.00    0.00    0.00    0.00   49.23
17:45:51     all   37.40    0.00   12.14    0.00    0.00    0.00    0.00    0.00    0.00   50.45
17:45:52     all   32.75    0.00    9.49    0.00    0.00    0.00    0.00    0.00    0.00   57.76
17:45:53     all   32.55    0.00    9.58    0.00    0.00    0.00    0.00    0.00    0.00   57.88
17:45:54     all   34.40    0.00   11.24    0.00    0.00    0.00    0.00    0.00    0.00   54.36
17:45:55     all   35.82    0.00   10.43    0.01    0.00    0.00    0.00    0.00    0.00   53.74
17:45:56     all   33.23    0.00   11.23    0.00    0.00    0.01    0.00    0.00    0.00   55.53
17:45:57     all   37.71    0.00   11.64    0.00    0.00    0.00    0.00    0.00    0.00   50.65
17:45:58     all   34.60    0.00   11.79    0.00    0.00    0.00    0.00    0.00    0.00   53.60
17:45:59     all   37.19    0.00   12.75    0.00    0.00    0.00    0.00    0.00    0.00   50.06
17:46:00     all   38.12    0.00   12.20    0.00    0.00    0.00    0.00    0.00    0.00   49.69
17:46:01     all   37.86    0.00   11.86    0.00    0.00    0.03    0.00    0.00    0.00   50.25
17:46:02     all   36.32    0.00   14.11    0.00    0.00    0.01    0.00    0.00    0.00   49.56
17:46:03     all   37.80    0.00   13.36    0.00    0.00    0.00    0.00    0.00    0.00   48.84
17:46:04     all   36.87    0.00   13.79    0.00    0.00    0.01    0.00    0.00    0.00   49.33
17:46:05     all   35.34    0.00   14.63    0.00    0.00    0.00    0.00    0.00    0.00   50.03
17:46:06     all   34.30    0.00   15.45    0.00    0.00    0.00    0.00    0.00    0.00   50.25
17:46:07     all   37.31    0.01   12.87    0.00    0.00    0.00    0.00    0.00    0.00   49.81
17:46:08     all   36.83    0.00   12.94    0.00    0.00    0.00    0.00    0.00    0.00   50.22
17:46:09     all   34.34    0.00   15.09    0.00    0.00    0.03    0.00    0.00    0.00   50.54
17:46:10     all   35.02    0.00   12.65    0.00    0.00    0.00    0.00    0.00    0.00   52.33
17:46:11     all   32.80    0.00   12.70    0.00    0.00    0.01    0.00    0.00    0.00   54.48
17:46:12     all   33.02    0.00   14.61    0.00    0.00    0.00    0.00    0.00    0.00   52.37
17:46:13     all   36.81    0.00   13.30    0.00    0.00    0.00    0.00    0.00    0.00   49.90
17:46:14     all   36.80    0.00   13.35    0.00    0.00    0.00    0.00    0.00    0.00   49.85
17:46:15     all   36.10    0.00   14.13    0.00    0.00    0.01    0.00    0.00    0.00   49.76
17:46:16     all   35.39    0.00   12.93    0.00    0.00    0.00    0.00    0.00    0.00   51.68
17:46:17     all   36.02    0.00   14.30    0.00    0.00    0.00    0.00    0.00    0.00   49.68
17:46:18     all   36.22    0.00   13.56    0.00    0.00    0.00    0.00    0.00    0.00   50.22
17:46:19     all   36.62    0.00   13.10    0.00    0.00    0.00    0.00    0.00    0.00   50.28
17:46:20     all   37.22    0.00   12.69    0.00    0.00    0.01    0.00    0.00    0.00   50.07
17:46:21     all   38.05    0.00   13.58    0.00    0.00    0.00    0.00    0.00    0.00   48.37
17:46:22     all   35.87    0.00   14.74    0.00    0.00    0.00    0.00    0.00    0.00   49.39
17:46:23     all   35.22    0.00   15.03    0.00    0.00    0.00    0.00    0.00    0.00   49.75
17:46:24     all   35.49    0.00   13.31    0.00    0.00    0.00    0.00    0.00    0.00   51.20
17:46:25     all   36.33    0.00   13.88    0.00    0.00    0.01    0.00    0.00    0.00   49.77
17:46:26     all   34.47    0.00   13.59    0.00    0.00    0.00    0.00    0.00    0.00   51.94
17:46:27     all   35.30    0.00   14.75    0.00    0.00    0.00    0.00    0.00    0.00   49.95
17:46:28     all   36.12    0.00   14.18    0.00    0.00    0.01    0.00    0.00    0.00   49.69
17:46:29     all   35.92    0.00   13.46    0.00    0.00    0.00    0.00    0.00    0.00   50.62
17:46:30     all   34.38    0.00   12.36    0.00    0.00    0.00    0.00    0.00    0.00   53.26
17:46:31     all   36.77    0.00   11.39    0.00    0.00    0.00    0.00    0.00    0.00   51.83
17:46:32     all   37.19    0.00   12.17    0.00    0.00    0.01    0.00    0.00    0.00   50.63
17:46:33     all   37.45    0.00   12.93    0.00    0.00    0.00    0.00    0.00    0.00   49.62
17:46:34     all   37.63    0.00   12.57    0.00    0.00    0.00    0.00    0.00    0.00   49.80
17:46:35     all   35.13    0.00   15.04    0.00    0.00    0.00    0.00    0.00    0.00   49.83
17:46:36     all   35.40    0.00   14.51    0.00    0.00    0.01    0.00    0.00    0.00   50.08
17:46:37     all   33.90    0.00   15.50    0.00    0.00    0.00    0.00    0.00    0.00   50.60
17:46:38     all   35.15    0.00   14.16    0.00    0.00    0.01    0.00    0.00    0.00   50.67
17:46:39     all   37.20    0.00   12.51    0.01    0.00    0.00    0.00    0.00    0.00   50.29
17:46:40     all   37.39    0.00   12.49    0.00    0.00    0.01    0.00    0.00    0.00   50.10
17:46:41     all   36.14    0.00   13.41    0.00    0.00    0.00    0.00    0.00    0.00   50.44
17:46:42     all   35.70    0.00   14.63    0.00    0.00    0.01    0.00    0.00    0.00   49.66
17:46:43     all   36.24    0.00   13.75    0.00    0.00    0.01    0.00    0.00    0.00   49.99
17:46:44     all   35.07    0.00   14.00    0.00    0.00    0.00    0.00    0.00    0.00   50.93
17:46:45     all   36.44    0.00   14.17    0.00    0.00    0.01    0.00    0.00    0.00   49.37
17:46:46     all   35.87    0.00   13.86    0.00    0.00    0.00    0.00    0.00    0.00   50.27
17:46:47     all   34.41    0.00   14.75    0.00    0.00    0.01    0.00    0.00    0.00   50.83
17:46:48     all   35.27    0.00   14.75    0.00    0.00    0.00    0.00    0.00    0.00   49.98
17:46:49     all   35.94    0.01   13.67    0.00    0.00    0.00    0.00    0.00    0.00   50.38
17:46:50     all   33.36    0.00   14.96    0.00    0.00    0.03    0.00    0.00    0.00   51.65
17:46:51     all   34.42    0.00   15.65    0.00    0.00    0.00    0.00    0.00    0.00   49.92
17:46:52     all   35.89    0.00   14.12    0.00    0.00    0.00    0.00    0.00    0.00   49.99
17:46:53     all   31.44    0.00   11.43    0.00    0.00    0.01    0.00    0.00    0.00   57.12
17:46:54     all   32.45    0.00   12.94    0.00    0.00    0.00    0.00    0.00    0.00   54.61
17:46:55     all   35.92    0.00   13.05    0.00    0.00    0.00    0.00    0.00    0.00   51.02
17:46:56     all   35.23    0.00   12.64    0.00    0.00    0.00    0.00    0.00    0.00   52.13
17:46:57     all   33.85    0.00   12.07    0.00    0.00    0.01    0.00    0.00    0.00   54.06
17:46:58     all   35.66    0.00   10.50    0.00    0.00    0.00    0.00    0.00    0.00   53.84
17:46:59     all   28.86    0.00   10.46    0.00    0.00    0.01    0.00    0.00    0.00   60.67
17:47:00     all   33.73    0.00   10.44    0.00    0.00    0.00    0.00    0.00    0.00   55.84
17:47:01     all   35.66    0.00   11.54    0.00    0.00    0.00    0.00    0.00    0.00   52.79
17:47:02     all   33.13    0.00   12.48    0.00    0.00    0.00    0.00    0.00    0.00   54.39
17:47:03     all   32.29    0.00   11.64    0.00    0.00    0.01    0.00    0.00    0.00   56.06
17:47:04     all   36.00    0.00   11.88    0.00    0.00    0.00    0.00    0.00    0.00   52.12
17:47:05     all   32.53    0.00    9.69    0.00    0.00    0.00    0.00    0.00    0.00   57.78
17:47:06     all   34.93    0.00   11.44    0.00    0.00    0.01    0.00    0.00    0.00   53.62
17:47:07     all   34.08    0.00   12.40    0.01    0.00    0.00    0.00    0.00    0.00   53.51
17:47:08     all   35.79    0.00   11.01    0.00    0.00    0.00    0.00    0.00    0.00   53.20
17:47:09     all   32.94    0.00    9.91    0.00    0.00    0.01    0.00    0.00    0.00   57.13
17:47:10     all   34.56    0.00    9.66    0.00    0.00    0.00    0.00    0.00    0.00   55.78
17:47:11     all   34.18    0.00   10.55    0.00    0.00    0.01    0.00    0.00    0.00   55.26
17:47:12     all   30.38    0.00    8.83    0.00    0.00    0.00    0.00    0.00    0.00   60.79
17:47:13     all   37.04    0.00    9.64    0.00    0.00    0.00    0.00    0.00    0.00   53.32
17:47:14     all   38.46    0.00    9.30    0.00    0.00    0.00    0.00    0.00    0.00   52.24
17:47:15     all   37.53    0.00    9.33    0.00    0.00    0.00    0.00    0.00    0.00   53.13
17:47:16     all   36.21    0.00    8.82    0.00    0.00    0.00    0.00    0.00    0.00   54.97
17:47:17     all   33.02    0.00    9.13    0.00    0.00    0.03    0.00    0.00    0.00   57.82
17:47:18     all   33.27    0.00    8.67    0.00    0.00    0.00    0.00    0.00    0.00   58.06
17:47:19     all   38.26    0.00   10.70    0.00    0.00    0.00    0.00    0.00    0.00   51.04
17:47:20     all   35.84    0.00    9.90    0.00    0.00    0.00    0.00    0.00    0.00   54.26
17:47:21     all   34.66    0.00   10.24    0.00    0.00    0.00    0.00    0.00    0.00   55.10
17:47:22     all   32.77    0.00    9.59    0.00    0.00    0.00    0.00    0.00    0.00   57.64
17:47:23     all   32.47    0.00    9.58    0.00    0.00    0.01    0.00    0.00    0.00   57.94
17:47:24     all   34.98    0.00    9.85    0.00    0.00    0.00    0.00    0.00    0.00   55.17
17:47:25     all   30.42    0.00    7.85    0.00    0.00    0.00    0.00    0.00    0.00   61.73
17:47:26     all   29.98    0.00    6.95    0.00    0.00    0.00    0.00    0.00    0.00   63.07
17:47:27     all   31.55    0.00    6.87    0.00    0.00    0.00    0.00    0.00    0.00   61.58
17:47:28     all   32.87    0.00    7.12    0.00    0.00    0.00    0.00    0.00    0.00   60.01
17:47:29     all   33.15    0.00    6.95    0.00    0.00    0.00    0.00    0.00    0.00   59.90
17:47:30     all   35.71    0.00    7.98    0.01    0.00    0.00    0.00    0.00    0.00   56.29
17:47:31     all   35.86    0.01    8.12    0.00    0.00    0.01    0.00    0.00    0.00   55.99
17:47:32     all   36.77    0.00    7.85    0.00    0.00    0.00    0.00    0.00    0.00   55.38
17:47:33     all   34.14    0.00    8.29    0.00    0.00    0.00    0.00    0.00    0.00   57.57
17:47:34     all   35.90    0.01    8.61    0.00    0.00    0.00    0.00    0.00    0.00   55.48
17:47:35     all   32.33    0.00    7.90    0.00    0.00    0.01    0.00    0.00    0.00   59.76
17:47:36     all   34.20    0.00    8.77    0.00    0.00    0.00    0.00    0.00    0.00   57.03
17:47:37     all   35.19    0.00    7.89    0.00    0.00    0.00    0.00    0.00    0.00   56.92
17:47:38     all   34.09    0.00    7.68    0.00    0.00    0.00    0.00    0.00    0.00   58.23
17:47:39     all   34.15    0.00    7.39    0.00    0.00    0.00    0.00    0.00    0.00   58.46
17:47:40     all   32.56    0.00    6.78    0.00    0.00    0.00    0.00    0.00    0.00   60.65
17:47:41     all   24.72    0.00    5.11    0.00    0.00    0.00    0.00    0.00    0.00   70.17
17:47:42     all   34.66    0.00    6.59    0.00    0.00    0.01    0.00    0.00    0.00   58.74
17:47:43     all   33.06    0.00    6.99    0.00    0.00    0.00    0.00    0.00    0.00   59.95
17:47:44     all   30.76    0.00    6.78    0.00    0.00    0.01    0.00    0.00    0.00   62.45
17:47:45     all   31.87    0.00    7.13    0.00    0.00    0.01    0.00    0.00    0.00   60.99
17:47:46     all   31.75    0.00    7.30    0.00    0.00    0.01    0.00    0.00    0.00   60.93
17:47:47     all   29.45    0.00    6.07    0.00    0.00    0.00    0.00    0.00    0.00   64.48
17:47:48     all   33.12    0.00    7.43    0.00    0.00    0.01    0.00    0.00    0.00   59.43
17:47:49     all   31.15    0.00    7.12    0.00    0.00    0.00    0.00    0.00    0.00   61.73
17:47:50     all   30.73    0.00    7.48    0.00    0.00    0.00    0.00    0.00    0.00   61.79
17:47:51     all   28.22    0.00    6.77    0.00    0.00    0.00    0.00    0.00    0.00   65.01
17:47:52     all   29.74    0.00    8.05    0.00    0.00    0.01    0.00    0.00    0.00   62.20
17:47:53     all   27.81    0.00    7.34    0.00    0.00    0.01    0.00    0.00    0.00   64.84
17:47:54     all   34.07    0.00    8.52    0.00    0.00    0.01    0.00    0.00    0.00   57.40
17:47:55     all   34.88    0.00    8.03    0.00    0.00    0.00    0.00    0.00    0.00   57.09
17:47:56     all   32.27    0.00    6.66    0.00    0.00    0.00    0.00    0.00    0.00   61.07
17:47:57     all   33.59    0.00    6.82    0.00    0.00    0.01    0.00    0.00    0.00   59.58
17:47:58     all   33.96    0.00    7.42    0.00    0.00    0.00    0.00    0.00    0.00   58.62
17:47:59     all   29.99    0.00    7.62    0.00    0.00    0.00    0.00    0.00    0.00   62.39
17:48:00     all   26.78    0.00    6.44    0.00    0.00    0.01    0.00    0.00    0.00   66.76
17:48:01     all   28.56    0.00    6.01    0.00    0.00    0.00    0.00    0.00    0.00   65.43
17:48:02     all   28.35    0.00    5.35    0.00    0.00    0.00    0.00    0.00    0.00   66.30
17:48:03     all   31.73    0.00    6.81    0.00    0.00    0.00    0.00    0.00    0.00   61.46
17:48:04     all   30.92    0.00    7.61    0.00    0.00    0.00    0.00    0.00    0.00   61.47
17:48:05     all   29.24    0.00    6.40    0.00    0.00    0.00    0.00    0.00    0.00   64.36
17:48:06     all   30.88    0.00    7.51    0.00    0.00    0.01    0.00    0.00    0.00   61.60
17:48:07     all   30.71    0.00    7.47    0.00    0.00    0.00    0.00    0.00    0.00   61.82
17:48:08     all   33.21    0.00   10.14    0.00    0.00    0.00    0.00    0.00    0.00   56.65
17:48:09     all   36.34    0.00    9.86    0.00    0.00    0.00    0.00    0.00    0.00   53.80
17:48:10     all   30.69    0.00    8.01    0.00    0.00    0.00    0.00    0.00    0.00   61.30
17:48:11     all   33.32    0.00    8.92    0.00    0.00    0.00    0.00    0.00    0.00   57.75
17:48:12     all   28.78    0.00    7.31    0.00    0.00    0.00    0.00    0.00    0.00   63.90
17:48:13     all   31.82    0.00    8.16    0.00    0.00    0.00    0.00    0.00    0.00   60.01
17:48:14     all   30.82    0.00    7.54    0.00    0.00    0.01    0.00    0.00    0.00   61.62
17:48:15     all   31.24    0.00    7.44    0.00    0.00    0.00    0.00    0.00    0.00   61.32
17:48:16     all   35.25    0.00    7.18    0.00    0.00    0.01    0.00    0.00    0.00   57.55
17:48:17     all   24.00    0.00    5.72    0.00    0.00    0.00    0.00    0.00    0.00   70.28
17:48:18     all   31.03    0.01    6.23    0.00    0.00    0.00    0.00    0.00    0.00   62.72
17:48:19     all   31.45    0.00    6.37    0.00    0.00    0.00    0.00    0.00    0.00   62.18
17:48:20     all   36.15    0.00    8.36    0.00    0.00    0.00    0.00    0.00    0.00   55.49
17:48:21     all   28.27    0.00    6.97    0.00    0.00    0.01    0.00    0.00    0.00   64.75
17:48:22     all   26.73    0.00    6.82    0.00    0.00    0.00    0.00    0.00    0.00   66.45
17:48:23     all   29.82    0.00    6.75    0.00    0.00    0.00    0.00    0.00    0.00   63.42
17:48:24     all   31.70    0.00    7.43    0.00    0.00    0.00    0.00    0.00    0.00   60.87
17:48:25     all   30.75    0.00    7.94    0.00    0.00    0.00    0.00    0.00    0.00   61.31
17:48:26     all   21.79    0.00    6.90    0.00    0.00    0.01    0.00    0.00    0.00   71.30
17:48:27     all   31.84    0.00    9.35    0.00    0.00    0.01    0.00    0.00    0.00   58.79
17:48:28     all   29.47    0.00    6.36    0.00    0.00    0.01    0.00    0.00    0.00   64.16
17:48:29     all   34.09    0.00    8.01    0.00    0.00    0.00    0.00    0.00    0.00   57.89
17:48:30     all   31.64    0.00    7.78    0.00    0.00    0.00    0.00    0.00    0.00   60.57
17:48:31     all   30.28    0.00    7.60    0.00    0.00    0.00    0.00    0.00    0.00   62.12
17:48:32     all   33.48    0.00    8.21    0.00    0.00    0.00    0.00    0.00    0.00   58.31
17:48:33     all   30.89    0.00    8.14    0.00    0.00    0.01    0.00    0.00    0.00   60.95
17:48:34     all   29.76    0.00    8.36    0.00    0.00    0.01    0.00    0.00    0.00   61.86
17:48:35     all   33.39    0.00    8.17    0.00    0.00    0.00    0.00    0.00    0.00   58.44
17:48:36     all   34.39    0.00    9.26    0.00    0.00    0.00    0.00    0.00    0.00   56.35
17:48:37     all   31.74    0.00    9.18    0.00    0.00    0.00    0.00    0.00    0.00   59.08
17:48:38     all   32.70    0.00    8.80    0.00    0.00    0.01    0.00    0.00    0.00   58.48
17:48:39     all   31.98    0.00    8.13    0.00    0.00    0.00    0.00    0.00    0.00   59.89
17:48:40     all   34.84    0.00    8.93    0.00    0.00    0.01    0.00    0.00    0.00   56.22
17:48:41     all   34.48    0.00    9.01    0.00    0.00    0.00    0.00    0.00    0.00   56.52
17:48:42     all   30.66    0.00    7.46    0.00    0.00    0.00    0.00    0.00    0.00   61.88
17:48:43     all   35.32    0.00    8.38    0.00    0.00    0.03    0.00    0.00    0.00   56.27
17:48:44     all   32.19    0.00    7.86    0.00    0.00    0.00    0.00    0.00    0.00   59.95
17:48:45     all   31.02    0.00    6.52    0.00    0.00    0.00    0.00    0.00    0.00   62.46
17:48:46     all   36.01    0.00    8.86    0.00    0.00    0.00    0.00    0.00    0.00   55.13
17:48:47     all   33.97    0.00    8.61    0.00    0.00    0.01    0.00    0.00    0.00   57.40
17:48:48     all   35.18    0.00    8.79    0.00    0.00    0.00    0.00    0.00    0.00   56.03
17:48:49     all   35.47    0.00    8.00    0.00    0.00    0.01    0.00    0.00    0.00   56.51
17:48:50     all   32.58    0.00    9.03    0.00    0.00    0.01    0.00    0.00    0.00   58.38
17:48:51     all   32.96    0.00    9.04    0.00    0.00    0.01    0.00    0.00    0.00   57.99
17:48:52     all   34.37    0.00    8.43    0.00    0.00    0.00    0.00    0.00    0.00   57.20
17:48:53     all   35.46    0.00    8.88    0.00    0.00    0.00    0.00    0.00    0.00   55.66
17:48:54     all   31.55    0.00    8.50    0.00    0.00    0.00    0.00    0.00    0.00   59.95
17:48:55     all   32.31    0.01    7.43    0.00    0.00    0.00    0.00    0.00    0.00   60.24
17:48:56     all   30.07    0.00    7.77    0.01    0.00    0.01    0.00    0.00    0.00   62.14
17:48:57     all   33.33    0.00   10.32    0.00    0.00    0.00    0.00    0.00    0.00   56.35
17:48:58     all   34.85    0.00   10.40    0.00    0.00    0.01    0.00    0.00    0.00   54.74
17:48:59     all   32.80    0.00   10.11    0.00    0.00    0.01    0.00    0.00    0.00   57.08
17:49:00     all   33.11    0.00   10.00    0.00    0.00    0.00    0.00    0.00    0.00   56.90
17:49:01     all   35.06    0.00    9.81    0.00    0.00    0.03    0.00    0.00    0.00   55.10
17:49:02     all   37.26    0.03   10.35    0.00    0.00    0.01    0.00    0.00    0.00   52.35
17:49:03     all   30.47    0.00    9.42    0.00    0.00    0.00    0.00    0.00    0.00   60.11
17:49:04     all   35.42    0.00    8.40    0.00    0.00    0.01    0.00    0.00    0.00   56.16
17:49:05     all   27.55    0.00    7.38    0.00    0.00    0.00    0.00    0.00    0.00   65.07
17:49:06     all   34.19    0.00    8.40    0.00    0.00    0.00    0.00    0.00    0.00   57.42
17:49:07     all   33.89    0.00    8.14    0.00    0.00    0.00    0.00    0.00    0.00   57.96
17:49:08     all   36.94    0.00    8.67    0.00    0.00    0.00    0.00    0.00    0.00   54.38
17:49:09     all   35.79    0.00    8.30    0.00    0.00    0.00    0.00    0.00    0.00   55.91
17:49:10     all   33.86    0.01    7.57    0.00    0.00    0.01    0.00    0.00    0.00   58.54
17:49:11     all   33.69    0.00    8.14    0.00    0.00    0.00    0.00    0.00    0.00   58.17
17:49:12     all   35.22    0.00    8.24    0.00    0.00    0.00    0.00    0.00    0.00   56.54
17:49:13     all   32.70    0.00    8.66    0.00    0.00    0.00    0.00    0.00    0.00   58.65
17:49:14     all   34.67    0.00    9.08    0.00    0.00    0.00    0.00    0.00    0.00   56.25
17:49:15     all   32.05    0.00    8.58    0.00    0.00    0.00    0.00    0.00    0.00   59.38
17:49:16     all   34.81    0.00    9.01    0.00    0.00    0.01    0.00    0.00    0.00   56.16
17:49:17     all   34.60    0.00    9.10    0.00    0.00    0.00    0.00    0.00    0.00   56.30
17:49:18     all   38.42    0.00   10.37    0.00    0.00    0.00    0.00    0.00    0.00   51.21
17:49:19     all   31.21    0.00    9.54    0.00    0.00    0.00    0.00    0.00    0.00   59.25
17:49:20     all   35.65    0.00    8.74    0.00    0.00    0.00    0.00    0.00    0.00   55.61
17:49:21     all   32.76    0.00    8.90    0.00    0.00    0.01    0.00    0.00    0.00   58.32
17:49:22     all   33.40    0.00    8.39    0.00    0.00    0.00    0.00    0.00    0.00   58.21
17:49:23     all   37.09    0.00    9.31    0.00    0.00    0.01    0.00    0.00    0.00   53.58
17:49:24     all   31.72    0.00    6.94    0.00    0.00    0.01    0.00    0.00    0.00   61.33
17:49:25     all   33.42    0.00    8.72    0.00    0.00    0.00    0.00    0.00    0.00   57.86
17:49:26     all   33.24    0.00    9.25    0.00    0.00    0.01    0.00    0.00    0.00   57.50
17:49:27     all   29.55    0.00    6.99    0.00    0.00    0.00    0.00    0.00    0.00   63.47
17:49:28     all   27.28    0.00    6.59    0.00    0.00    0.00    0.00    0.00    0.00   66.13
17:49:29     all   29.67    0.00    6.50    0.00    0.00    0.00    0.00    0.00    0.00   63.83
17:49:30     all   29.27    0.00    5.85    0.00    0.00    0.00    0.00    0.00    0.00   64.88
17:49:31     all   31.19    0.00    7.18    0.00    0.00    0.00    0.00    0.00    0.00   61.63
17:49:32     all   27.95    0.00    5.70    0.00    0.00    0.01    0.00    0.00    0.00   66.34
17:49:33     all   28.63    0.00    7.46    0.00    0.00    0.00    0.00    0.00    0.00   63.92
17:49:34     all   31.17    0.00    6.14    0.00    0.00    0.00    0.00    0.00    0.00   62.68
17:49:35     all   31.24    0.00    6.56    0.00    0.00    0.00    0.00    0.00    0.00   62.20
17:49:36     all   32.07    0.00    7.76    0.00    0.00    0.00    0.00    0.00    0.00   60.18
17:49:37     all   28.59    0.00    6.51    0.00    0.00    0.00    0.00    0.00    0.00   64.91
17:49:38     all   28.86    0.00    7.59    0.00    0.00    0.00    0.00    0.00    0.00   63.56
17:49:39     all   34.06    0.00    8.66    0.00    0.00    0.01    0.00    0.00    0.00   57.26
17:49:40     all   32.82    0.00    7.68    0.00    0.00    0.00    0.00    0.00    0.00   59.50
17:49:41     all   24.84    0.00    5.57    0.00    0.00    0.01    0.00    0.00    0.00   69.58
17:49:42     all   26.07    0.00    5.70    0.00    0.00    0.00    0.00    0.00    0.00   68.22
17:49:43     all   34.60    0.00    6.74    0.00    0.00    0.00    0.00    0.00    0.00   58.66
17:49:44     all   28.08    0.00    6.38    0.00    0.00    0.01    0.00    0.00    0.00   65.52
17:49:45     all   29.77    0.00    7.16    0.00    0.00    0.00    0.00    0.00    0.00   63.06
17:49:46     all   28.10    0.00    5.89    0.00    0.00    0.00    0.00    0.00    0.00   66.01
17:49:47     all   31.33    0.00    5.60    0.00    0.00    0.00    0.00    0.00    0.00   63.06
17:49:48     all   26.98    0.00    5.47    0.00    0.00    0.01    0.00    0.00    0.00   67.54
17:49:49     all   31.64    0.00    6.80    0.00    0.00    0.00    0.00    0.00    0.00   61.56
17:49:50     all   32.84    0.00    8.13    0.00    0.00    0.00    0.00    0.00    0.00   59.03
17:49:51     all   27.39    0.00    6.64    0.00    0.00    0.00    0.00    0.00    0.00   65.97
17:49:52     all   28.72    0.00    5.76    0.00    0.00    0.00    0.00    0.00    0.00   65.52
17:49:53     all   30.97    0.00    7.23    0.00    0.00    0.01    0.00    0.00    0.00   61.78
17:49:54     all   31.28    0.00    6.90    0.00    0.00    0.00    0.00    0.00    0.00   61.82
17:49:55     all   30.33    0.00    7.10    0.00    0.00    0.00    0.00    0.00    0.00   62.58
17:49:56     all   32.28    0.00    7.28    0.00    0.00    0.00    0.00    0.00    0.00   60.44
17:49:57     all   29.70    0.00    6.50    0.00    0.00    0.00    0.00    0.00    0.00   63.80
17:49:58     all   26.42    0.00    7.00    0.00    0.00    0.00    0.00    0.00    0.00   66.58
17:49:59     all   28.72    0.00    7.91    0.00    0.00    0.01    0.00    0.00    0.00   63.35
17:50:00     all   35.21    0.00    8.81    0.00    0.00    0.00    0.00    0.00    0.00   55.97
17:50:01     all   32.48    0.00    9.08    0.00    0.00    0.00    0.00    0.00    0.00   58.44
17:50:02     all   26.80    0.00    8.00    0.00    0.00    0.00    0.00    0.00    0.00   65.19
17:50:03     all   34.06    0.00    9.47    0.00    0.00    0.00    0.00    0.00    0.00   56.47
17:50:04     all   33.57    0.00    9.53    0.00    0.00    0.00    0.00    0.00    0.00   56.90
17:50:05     all   37.60    0.00    8.90    0.00    0.00    0.01    0.00    0.00    0.00   53.49
17:50:06     all   36.06    0.00    9.47    0.00    0.00    0.00    0.00    0.00    0.00   54.47
17:50:07     all   33.44    0.00   10.81    0.00    0.00    0.00    0.00    0.00    0.00   55.75
17:50:08     all   35.79    0.00    9.92    0.00    0.00    0.00    0.00    0.00    0.00   54.29
17:50:09     all   35.70    0.00    9.98    0.00    0.00    0.00    0.00    0.00    0.00   54.32
17:50:10     all   34.27    0.00    9.53    0.00    0.00    0.01    0.00    0.00    0.00   56.19
17:50:11     all   35.41    0.00    9.17    0.00    0.00    0.00    0.00    0.00    0.00   55.43
17:50:12     all   35.15    0.00    7.69    0.00    0.00    0.00    0.00    0.00    0.00   57.16
17:50:13     all   27.66    0.00    8.01    0.00    0.00    0.00    0.00    0.00    0.00   64.33
17:50:14     all   35.89    0.00    8.54    0.00    0.00    0.01    0.00    0.00    0.00   55.56
17:50:15     all   36.43    0.00    9.98    0.00    0.00    0.00    0.00    0.00    0.00   53.59
17:50:16     all   33.74    0.00    9.22    0.00    0.00    0.00    0.00    0.00    0.00   57.05
17:50:17     all   37.53    0.00    9.88    0.00    0.00    0.00    0.00    0.00    0.00   52.59
17:50:18     all   28.74    0.00    8.15    0.00    0.00    0.00    0.00    0.00    0.00   63.11
17:50:19     all   33.68    0.00    8.26    0.00    0.00    0.00    0.00    0.00    0.00   58.07
17:50:20     all   33.40    0.00    8.24    0.00    0.00    0.00    0.00    0.00    0.00   58.36
17:50:21     all   32.19    0.00    7.78    0.00    0.00    0.00    0.00    0.00    0.00   60.03
17:50:22     all   31.14    0.00    8.72    0.00    0.00    0.00    0.00    0.00    0.00   60.13
17:50:23     all   35.68    0.00    9.02    0.00    0.00    0.00    0.00    0.00    0.00   55.30
17:50:24     all   34.28    0.00   10.08    0.00    0.00    0.03    0.00    0.00    0.00   55.62
17:50:25     all   34.01    0.00   10.43    0.00    0.00    0.00    0.00    0.00    0.00   55.57
17:50:26     all   33.03    0.00    9.74    0.00    0.00    0.00    0.00    0.00    0.00   57.23
17:50:27     all   35.52    0.00    9.26    0.00    0.00    0.01    0.00    0.00    0.00   55.21
17:50:28     all   35.07    0.00    9.86    0.00    0.00    0.00    0.00    0.00    0.00   55.07
17:50:29     all   36.39    0.00   10.12    0.00    0.00    0.01    0.00    0.00    0.00   53.48
17:50:30     all   34.26    0.00    9.30    0.00    0.00    0.00    0.00    0.00    0.00   56.44
17:50:31     all   31.12    0.00    8.68    0.00    0.00    0.00    0.00    0.00    0.00   60.20
17:50:32     all   33.62    0.00    8.64    0.00    0.00    0.00    0.00    0.00    0.00   57.75
17:50:33     all   33.17    0.00    9.69    0.00    0.00    0.01    0.00    0.00    0.00   57.13
17:50:34     all   36.58    0.00    9.96    0.00    0.00    0.01    0.00    0.00    0.00   53.45
17:50:35     all   36.69    0.00    8.75    0.00    0.00    0.00    0.00    0.00    0.00   54.56
17:50:36     all   32.57    0.00    8.85    0.00    0.00    0.03    0.00    0.00    0.00   58.55
17:50:37     all   30.31    0.00    9.28    0.00    0.00    0.00    0.00    0.00    0.00   60.41
17:50:38     all   29.30    0.00    8.33    0.00    0.00    0.00    0.00    0.00    0.00   62.36
17:50:39     all   27.14    0.00    7.92    0.00    0.00    0.00    0.00    0.00    0.00   64.93
17:50:40     all   32.11    0.00    7.37    0.00    0.00    0.00    0.00    0.00    0.00   60.52
17:50:41     all   38.69    0.00    9.84    0.00    0.00    0.03    0.00    0.00    0.00   51.44
17:50:42     all   32.37    0.00    7.64    0.00    0.00    0.01    0.00    0.00    0.00   59.97
17:50:43     all   32.38    0.00    7.79    0.00    0.00    0.00    0.00    0.00    0.00   59.82
17:50:44     all   34.87    0.00    9.30    0.00    0.00    0.00    0.00    0.00    0.00   55.83
17:50:45     all   32.60    0.00    8.68    0.00    0.00    0.00    0.00    0.00    0.00   58.73
17:50:46     all   33.12    0.00    9.42    0.00    0.00    0.00    0.00    0.00    0.00   57.46
17:50:47     all   33.40    0.00    8.91    0.00    0.00    0.01    0.00    0.00    0.00   57.68
17:50:48     all   33.55    0.00    8.56    0.01    0.00    0.00    0.00    0.00    0.00   57.87
17:50:49     all   29.43    0.00    8.43    0.00    0.00    0.00    0.00    0.00    0.00   62.14
17:50:50     all   30.02    0.00    7.56    0.00    0.00    0.00    0.00    0.00    0.00   62.42
17:50:51     all   32.34    0.00    8.96    0.00    0.00    0.03    0.00    0.00    0.00   58.67
17:50:52     all   27.60    0.00    8.07    0.00    0.00    0.00    0.00    0.00    0.00   64.33
17:50:53     all   30.89    0.00    7.79    0.00    0.00    0.00    0.00    0.00    0.00   61.32
17:50:54     all   33.51    0.00    7.94    0.00    0.00    0.00    0.00    0.00    0.00   58.56
17:50:55     all   34.39    0.00    9.08    0.00    0.00    0.00    0.00    0.00    0.00   56.53
17:50:56     all   30.51    0.00    7.25    0.00    0.00    0.01    0.00    0.00    0.00   62.22
17:50:57     all   31.92    0.00    8.10    0.00    0.00    0.00    0.00    0.00    0.00   59.98
17:50:58     all   35.78    0.00    8.59    0.00    0.00    0.00    0.00    0.00    0.00   55.62
17:50:59     all   29.12    0.00    6.77    0.00    0.00    0.00    0.00    0.00    0.00   64.11
17:51:00     all   30.44    0.00    5.81    0.00    0.00    0.01    0.00    0.00    0.00   63.73
17:51:01     all   33.99    0.00    6.84    0.00    0.00    0.01    0.00    0.00    0.00   59.16
17:51:02     all   35.24    0.00    8.14    0.00    0.00    0.01    0.00    0.00    0.00   56.61
17:51:03     all   32.04    0.01    7.82    0.00    0.00    0.00    0.00    0.00    0.00   60.13
17:51:04     all   30.39    0.00    7.12    0.00    0.00    0.00    0.00    0.00    0.00   62.49
17:51:05     all   35.47    0.00    7.63    0.00    0.00    0.03    0.00    0.00    0.00   56.87
17:51:06     all   35.64    0.00    8.43    0.00    0.00    0.00    0.00    0.00    0.00   55.94
17:51:07     all   29.29    0.00    7.05    0.00    0.00    0.01    0.00    0.00    0.00   63.64
17:51:08     all   32.22    0.00    7.42    0.00    0.00    0.00    0.00    0.00    0.00   60.36
17:51:09     all   29.69    0.00    6.52    0.00    0.00    0.00    0.00    0.00    0.00   63.78
17:51:10     all   27.24    0.00    5.96    0.00    0.00    0.00    0.00    0.00    0.00   66.80
17:51:11     all   28.59    0.00    6.43    0.00    0.00    0.01    0.00    0.00    0.00   64.97
17:51:12     all   31.44    0.01    6.95    0.00    0.00    0.00    0.00    0.00    0.00   61.60
17:51:13     all   28.09    0.00    6.03    0.00    0.00    0.00    0.00    0.00    0.00   65.88
17:51:14     all   28.77    0.00    6.12    0.00    0.00    0.00    0.00    0.00    0.00   65.11
17:51:15     all   31.66    0.00    7.54    0.00    0.00    0.00    0.00    0.00    0.00   60.81
17:51:16     all   33.03    0.01    8.44    0.00    0.00    0.00    0.00    0.00    0.00   58.52
17:51:17     all   31.41    0.00    6.93    0.00    0.00    0.00    0.00    0.00    0.00   61.66
17:51:18     all   29.13    0.00    5.99    0.00    0.00    0.01    0.00    0.00    0.00   64.86
17:51:19     all   30.38    0.00    6.75    0.00    0.00    0.00    0.00    0.00    0.00   62.88
17:51:20     all   31.85    0.00    7.44    0.00    0.00    0.00    0.00    0.00    0.00   60.70
17:51:21     all   34.81    0.00    7.15    0.00    0.00    0.00    0.00    0.00    0.00   58.03
17:51:22     all   28.91    0.00    5.53    0.00    0.00    0.01    0.00    0.00    0.00   65.55
17:51:23     all   34.53    0.00    6.63    0.00    0.00    0.00    0.00    0.00    0.00   58.84
17:51:24     all   29.70    0.00    5.62    0.00    0.00    0.00    0.00    0.00    0.00   64.67
17:51:25     all   34.70    0.00    5.83    0.00    0.00    0.00    0.00    0.00    0.00   59.47
17:51:26     all   33.53    0.00    6.95    0.00    0.00    0.01    0.00    0.00    0.00   59.50
17:51:27     all   35.97    0.00    8.23    0.00    0.00    0.00    0.00    0.00    0.00   55.79
17:51:28     all   32.72    0.00    8.44    0.00    0.00    0.00    0.00    0.00    0.00   58.83
17:51:29     all   30.61    0.00    7.13    0.00    0.00    0.00    0.00    0.00    0.00   62.26
17:51:30     all   34.04    0.00    7.16    0.00    0.00    0.00    0.00    0.00    0.00   58.80
17:51:31     all   31.86    0.00    7.86    0.00    0.00    0.00    0.00    0.00    0.00   60.28
17:51:32     all   29.35    0.00    6.64    0.00    0.00    0.00    0.00    0.00    0.00   64.01
17:51:33     all   33.16    0.00    8.37    0.00    0.00    0.00    0.00    0.00    0.00   58.47
17:51:34     all   30.93    0.00    7.40    0.00    0.00    0.01    0.00    0.00    0.00   61.66
17:51:35     all   34.67    0.00    6.62    0.00    0.00    0.01    0.00    0.00    0.00   58.70
17:51:36     all   28.97    0.00    6.78    0.00    0.00    0.00    0.00    0.00    0.00   64.25
17:51:37     all   34.51    0.00    7.76    0.00    0.00    0.00    0.00    0.00    0.00   57.73
17:51:38     all   34.36    0.00    7.60    0.01    0.00    0.00    0.00    0.00    0.00   58.03
17:51:39     all   29.19    0.00    6.69    0.00    0.00    0.00    0.00    0.00    0.00   64.12
17:51:40     all   33.37    0.00    7.14    0.00    0.00    0.01    0.00    0.00    0.00   59.48
17:51:41     all   32.25    0.00    7.62    0.00    0.00    0.00    0.00    0.00    0.00   60.13
17:51:42     all   35.05    0.00    7.95    0.00    0.00    0.00    0.00    0.00    0.00   57.00
17:51:43     all   34.99    0.00    9.07    0.00    0.00    0.01    0.00    0.00    0.00   55.92
17:51:44     all   33.34    0.00    7.87    0.00    0.00    0.00    0.00    0.00    0.00   58.80
17:51:45     all   36.77    0.00    8.52    0.00    0.00    0.00    0.00    0.00    0.00   54.71
17:51:46     all   36.52    0.00    9.80    0.00    0.00    0.00    0.00    0.00    0.00   53.68
17:51:47     all   28.33    0.00    7.48    0.00    0.00    0.01    0.00    0.00    0.00   64.18
17:51:48     all   33.24    0.00    8.29    0.00    0.00    0.01    0.00    0.00    0.00   58.46
17:51:49     all   27.87    0.00    8.01    0.00    0.00    0.00    0.00    0.00    0.00   64.12
17:51:50     all   31.60    0.00    9.23    0.00    0.00    0.00    0.00    0.00    0.00   59.17
17:51:51     all   33.32    0.00    9.29    0.00    0.00    0.00    0.00    0.00    0.00   57.39
17:51:52     all   31.55    0.00    9.08    0.00    0.00    0.01    0.00    0.00    0.00   59.35
17:51:53     all   27.84    0.00    8.45    0.00    0.00    0.00    0.00    0.00    0.00   63.71
17:51:54     all   28.77    0.00    7.76    0.00    0.00    0.00    0.00    0.00    0.00   63.47
17:51:55     all   29.41    0.00    9.17    0.00    0.00    0.01    0.00    0.00    0.00   61.41
17:51:56     all   35.18    0.00   10.08    0.00    0.00    0.00    0.00    0.00    0.00   54.74
17:51:57     all   29.73    0.00    7.77    0.00    0.00    0.00    0.00    0.00    0.00   62.50
17:51:58     all   28.13    0.00    8.46    0.00    0.00    0.00    0.00    0.00    0.00   63.41
17:51:59     all   34.06    0.00    9.64    0.00    0.00    0.00    0.00    0.00    0.00   56.30
17:52:00     all   30.97    0.00    8.46    0.00    0.00    0.01    0.00    0.00    0.00   60.56
17:52:01     all   31.66    0.00    9.02    0.00    0.00    0.00    0.00    0.00    0.00   59.32
17:52:02     all   31.19    0.00   10.68    0.00    0.00    0.01    0.00    0.00    0.00   58.12
17:52:03     all   32.10    0.00   10.55    0.00    0.00    0.01    0.00    0.00    0.00   57.33
17:52:04     all   35.87    0.00    9.13    0.00    0.00    0.00    0.00    0.00    0.00   55.00
17:52:05     all   32.78    0.00    9.57    0.00    0.00    0.00    0.00    0.00    0.00   57.65
17:52:06     all   37.17    0.00   11.06    0.00    0.00    0.01    0.00    0.00    0.00   51.75
17:52:07     all   36.66    0.00   12.05    0.00    0.00    0.00    0.00    0.00    0.00   51.29
17:52:08     all   35.55    0.00   11.14    0.00    0.00    0.00    0.00    0.00    0.00   53.31
17:52:09     all   34.15    0.00   10.25    0.00    0.00    0.00    0.00    0.00    0.00   55.59
17:52:10     all   35.63    0.00    9.16    0.00    0.00    0.03    0.00    0.00    0.00   55.18
17:52:11     all   30.36    0.00    8.79    0.00    0.00    0.00    0.00    0.00    0.00   60.85
17:52:12     all   34.06    0.00    9.03    0.00    0.00    0.00    0.00    0.00    0.00   56.91
17:52:13     all   33.45    0.00   10.80    0.00    0.00    0.01    0.00    0.00    0.00   55.74
17:52:14     all   33.17    0.00    9.20    0.00    0.00    0.03    0.00    0.00    0.00   57.60
17:52:15     all   34.60    0.00    8.82    0.00    0.00    0.00    0.00    0.00    0.00   56.58
17:52:16     all   33.72    0.01    9.27    0.00    0.00    0.00    0.00    0.00    0.00   56.99
17:52:17     all   32.33    0.00    8.28    0.00    0.00    0.01    0.00    0.00    0.00   59.38
17:52:18     all   33.50    0.00    8.48    0.00    0.00    0.00    0.00    0.00    0.00   58.02
17:52:19     all   34.15    0.00   11.89    0.01    0.00    0.00    0.00    0.00    0.00   53.94
17:52:20     all   11.83    0.00    4.25    0.00    0.00    0.00    0.00    0.00    0.00   83.91
17:52:21     all    7.99    0.00    3.00    0.00    0.00    0.00    0.00    0.00    0.00   89.01
17:52:22     all    5.87    0.00    2.59    0.01    0.00    0.00    0.00    0.00    0.00   91.53
17:52:23     all    6.38    0.00    2.09    0.00    0.00    0.00    0.00    0.00    0.00   91.53
17:52:24     all    4.36    0.00    1.69    0.00    0.00    0.00    0.00    0.00    0.00   93.95
17:52:25     all    4.22    0.00    1.68    0.00    0.00    0.00    0.00    0.00    0.00   94.09
17:52:26     all    4.16    0.00    1.81    0.00    0.00    0.00    0.00    0.00    0.00   94.03
17:52:27     all    4.29    0.00    1.82    0.00    0.00    0.00    0.00    0.00    0.00   93.89
17:52:28     all    3.67    0.01    1.25    0.00    0.00    0.00    0.00    0.00    0.00   95.06
17:52:29     all    3.18    0.00    1.32    0.00    0.00    0.00    0.00    0.00    0.00   95.50
17:52:30     all    3.34    0.00    1.49    0.00    0.00    0.00    0.00    0.00    0.00   95.18
17:52:31     all    3.54    0.00    1.42    0.00    0.00    0.00    0.00    0.00    0.00   95.04
17:52:32     all    3.50    0.00    1.10    0.00    0.00    0.00    0.00    0.00    0.00   95.40
17:52:33     all    2.46    0.00    0.89    0.00    0.00    0.00    0.00    0.00    0.00   96.65
17:52:34     all    2.22    0.00    0.75    0.00    0.00    0.00    0.00    0.00    0.00   97.03
17:52:35     all    2.42    0.00    0.87    0.00    0.00    0.00    0.00    0.00    0.00   96.71
17:52:36     all    2.50    0.00    0.83    0.00    0.00    0.00    0.00    0.00    0.00   96.66
17:52:37     all    1.96    0.00    0.92    0.00    0.00    0.00    0.00    0.00    0.00   97.12
17:52:38     all    2.36    0.00    1.00    0.00    0.00    0.00    0.00    0.00    0.00   96.64
17:52:39     all    2.15    0.00    1.00    0.00    0.00    0.00    0.00    0.00    0.00   96.84
17:52:40     all    1.93    0.00    1.10    0.00    0.00    0.00    0.00    0.00    0.00   96.97
17:52:41     all    1.89    0.00    0.68    0.00    0.00    0.00    0.00    0.00    0.00   97.43
17:52:42     all    1.39    0.00    0.44    0.00    0.00    0.00    0.00    0.00    0.00   98.17
17:52:43     all    1.07    0.00    0.46    0.00    0.00    0.00    0.00    0.00    0.00   98.47
17:52:44     all    1.40    0.00    0.42    0.00    0.00    0.00    0.00    0.00    0.00   98.18
17:52:45     all    1.32    0.00    0.61    0.00    0.00    0.00    0.00    0.00    0.00   98.07
17:52:46     all    1.17    0.00    0.42    0.00    0.00    0.00    0.00    0.00    0.00   98.42
17:52:47     all    1.40    0.00    0.37    0.00    0.00    0.00    0.00    0.00    0.00   98.22
17:52:48     all    1.44    0.00    0.47    0.00    0.00    0.00    0.00    0.00    0.00   98.08
17:52:49     all    1.15    0.00    0.67    0.00    0.00    0.00    0.00    0.00    0.00   98.18
17:52:50     all    1.75    0.00    0.64    0.00    0.00    0.00    0.00    0.00    0.00   97.61
17:52:51     all    1.45    0.00    0.29    0.00    0.00    0.00    0.00    0.00    0.00   98.26
17:52:52     all    0.14    0.00    0.24    0.00    0.00    0.00    0.00    0.00    0.00   99.62
17:52:53     all    0.18    0.00    0.13    0.00    0.00    0.00    0.00    0.00    0.00   99.69
17:52:54     all    0.32    0.00    0.14    0.00    0.00    0.00    0.00    0.00    0.00   99.54
17:52:55     all    0.11    0.00    0.17    0.00    0.00    0.00    0.00    0.00    0.00   99.72
17:52:56     all    0.25    0.00    0.10    0.00    0.00    0.00    0.00    0.00    0.00   99.65
17:52:57     all    0.32    0.00    0.17    0.00    0.00    0.00    0.00    0.00    0.00   99.51
17:52:58     all    0.06    0.00    0.13    0.00    0.00    0.00    0.00    0.00    0.00   99.82
17:52:59     all    1.49    0.00    0.97    0.00    0.00    0.00    0.00    0.00    0.00   97.54
17:53:00     all    0.29    0.00    1.67    0.01    0.00    0.00    0.00    0.00    0.00   98.03
17:53:01     all    0.15    0.00    0.15    0.00    0.00    0.00    0.00    0.00    0.00   99.69
17:53:02     all    0.26    0.00    0.04    0.00    0.00    0.00    0.00    0.00    0.00   99.69
17:53:03     all    0.25    0.00    0.07    0.00    0.00    0.00    0.00    0.00    0.00   99.68
17:53:04     all    0.08    0.01    0.11    0.00    0.00    0.00    0.00    0.00    0.00   99.79
17:53:05     all    0.35    0.00    0.24    0.00    0.00    0.00    0.00    0.00    0.00   99.42
17:53:06     all    0.24    0.00    0.13    0.00    0.00    0.00    0.00    0.00    0.00   99.64
17:53:07     all    0.07    0.00    0.10    0.00    0.00    0.00    0.00    0.00    0.00   99.83
17:53:08     all    0.64    0.00    0.22    0.00    0.00    0.00    0.00    0.00    0.00   99.14
17:53:09     all    0.38    0.00    0.15    0.00    0.00    0.00    0.00    0.00    0.00   99.47
17:53:10     all    0.11    0.00    0.14    0.00    0.00    0.00    0.00    0.00    0.00   99.75
17:53:11     all    0.33    0.00    0.11    0.00    0.00    0.00    0.00    0.00    0.00   99.56
17:53:12     all    0.75    0.00    0.24    0.00    0.00    0.00    0.00    0.00    0.00   99.01
17:53:13     all    0.14    0.00    0.18    0.00    0.00    0.00    0.00    0.00    0.00   99.68
17:53:14     all    0.31    0.00    0.15    0.00    0.00    0.00    0.00    0.00    0.00   99.54
17:53:15     all    0.32    0.00    0.13    0.00    0.00    0.00    0.00    0.00    0.00   99.56
17:53:16     all    0.01    0.00    0.07    0.00    0.00    0.00    0.00    0.00    0.00   99.92
17:53:17     all    0.42    0.00    0.31    0.00    0.00    0.00    0.00    0.00    0.00   99.28
17:53:18     all    0.39    0.00    0.24    0.00    0.00    0.00    0.00    0.00    0.00   99.37
17:53:19     all    0.28    0.00    0.43    0.00    0.00    0.00    0.00    0.00    0.00   99.29
17:53:20     all    0.26    0.00    0.10    0.00    0.00    0.01    0.00    0.00    0.00   99.62
17:53:21     all    0.35    0.00    0.13    0.00    0.00    0.00    0.00    0.00    0.00   99.53
17:53:22     all    0.06    0.00    0.06    0.00    0.00    0.00    0.00    0.00    0.00   99.89
17:53:23     all    0.32    0.00    0.14    0.00    0.00    0.00    0.00    0.00    0.00   99.54
17:53:24     all    0.24    0.00    0.13    0.00    0.00    0.00    0.00    0.00    0.00   99.64
17:53:25     all    0.14    0.00    0.08    0.00    0.00    0.00    0.00    0.00    0.00   99.78
17:53:26     all    0.36    0.00    0.14    0.00    0.00    0.00    0.00    0.00    0.00   99.50
17:53:27     all    0.13    0.00    0.10    0.00    0.00    0.00    0.00    0.00    0.00   99.78
17:53:28     all    0.22    0.00    0.10    0.00    0.00    0.00    0.00    0.00    0.00   99.68
Average:     all   26.90    0.00    7.17    0.00    0.00    0.00    0.00    0.00    0.00   65.92
