Linux 6.8.0-136-generic (856a17914eb3) 	08/10/26 	_x86_64_	(72 CPU)

08:59:39     CPU    %usr   %nice    %sys %iowait    %irq   %soft  %steal  %guest  %gnice   %idle
08:59:40     all   11.61    0.00    0.44    0.00    0.00    0.00    0.00    0.00    0.00   87.95
08:59:41     all    1.03    0.00    0.85    0.00    0.00    0.00    0.00    0.00    0.00   98.13
08:59:42     all    1.53    0.00    0.21    0.00    0.00    0.00    0.00    0.00    0.00   98.26
08:59:43     all    1.65    0.00    0.28    0.00    0.00    0.00    0.00    0.00    0.00   98.07
08:59:44     all    1.38    0.00    0.19    0.00    0.00    0.00    0.00    0.00    0.00   98.43
08:59:45     all    1.54    0.00    0.22    0.00    0.00    0.00    0.00    0.00    0.00   98.23
08:59:46     all    1.57    0.00    0.22    0.00    0.00    0.00    0.00    0.00    0.00   98.21
08:59:47     all    1.33    0.00    0.15    0.00    0.00    0.00    0.00    0.00    0.00   98.51
08:59:48     all    1.46    0.00    0.60    0.00    0.00    0.00    0.00    0.00    0.00   97.94
08:59:49     all    1.61    0.00    0.26    0.00    0.00    0.00    0.00    0.00    0.00   98.13
08:59:50     all    1.46    0.00    0.38    0.00    0.00    0.00    0.00    0.00    0.00   98.17
08:59:51     all    2.50    0.00    1.11    0.01    0.00    0.01    0.00    0.00    0.00   96.35
08:59:52     all    1.54    0.00    0.25    0.00    0.00    0.00    0.00    0.00    0.00   98.21
08:59:53     all    1.47    0.00    0.31    0.00    0.00    0.00    0.00    0.00    0.00   98.22
08:59:54     all    1.91    0.00    1.28    0.00    0.00    0.00    0.00    0.00    0.00   96.81
08:59:55     all   17.03    0.00    3.38    0.00    0.00    0.00    0.00    0.00    0.00   79.58
08:59:56     all   31.42    0.00    1.59    0.00    0.00    0.00    0.00    0.00    0.00   66.99
08:59:57     all   31.82    0.00    1.27    0.01    0.00    0.00    0.00    0.00    0.00   66.90
08:59:58     all   40.20    0.00    2.80    0.00    0.00    0.00    0.00    0.00    0.00   57.00
08:59:59     all   33.84    0.00    1.60    0.00    0.00    0.00    0.00    0.00    0.00   64.56
09:00:00     all   34.77    0.00    1.43    0.00    0.00    0.00    0.00    0.00    0.00   63.79
09:00:01     all   29.91    0.00    1.00    0.00    0.00    0.00    0.00    0.00    0.00   69.09
09:00:02     all   33.19    0.00    1.06    0.00    0.00    0.00    0.00    0.00    0.00   65.75
09:00:03     all   30.66    0.00    1.20    0.00    0.00    0.00    0.00    0.00    0.00   68.15
09:00:04     all   27.93    0.00    1.13    0.00    0.00    0.01    0.00    0.00    0.00   70.92
09:00:05     all   29.61    0.00    0.52    0.00    0.00    0.00    0.00    0.00    0.00   69.88
09:00:06     all   37.28    0.00    0.78    0.00    0.00    0.00    0.00    0.00    0.00   61.94
09:00:07     all   40.24    0.00    0.68    0.00    0.00    0.01    0.00    0.00    0.00   59.06
09:00:08     all   31.40    0.00    0.63    0.00    0.00    0.00    0.00    0.00    0.00   67.97
09:00:09     all   29.22    0.00    0.74    0.00    0.00    0.00    0.00    0.00    0.00   70.04
09:00:10     all   41.51    0.00    0.54    0.00    0.00    0.00    0.00    0.00    0.00   57.95
09:00:11     all   39.57    0.00    1.07    0.00    0.00    0.00    0.00    0.00    0.00   59.36
09:00:12     all   34.48    0.00    1.45    0.00    0.00    0.00    0.00    0.00    0.00   64.07
09:00:13     all   26.51    0.00    1.46    0.00    0.00    0.01    0.00    0.00    0.00   72.01
09:00:14     all   25.84    0.00    1.49    0.00    0.00    0.00    0.00    0.00    0.00   72.67
09:00:15     all   23.42    0.01    0.95    0.00    0.00    0.00    0.00    0.00    0.00   75.62
09:00:16     all   27.53    0.00    1.14    0.00    0.00    0.01    0.00    0.00    0.00   71.32
09:00:17     all   29.63    0.00    1.31    0.00    0.00    0.00    0.00    0.00    0.00   69.07
09:00:18     all   32.53    0.00    1.34    0.01    0.00    0.00    0.00    0.00    0.00   66.12
09:00:19     all   46.26    0.00    2.16    0.00    0.00    0.01    0.00    0.00    0.00   51.57
09:00:20     all   41.41    0.00    2.87    0.00    0.00    0.00    0.00    0.00    0.00   55.72
09:00:21     all   41.29    0.00    1.83    0.00    0.00    0.00    0.00    0.00    0.00   56.88
09:00:22     all   33.79    0.00    2.82    0.00    0.00    0.00    0.00    0.00    0.00   63.39
09:00:23     all   41.15    0.00    3.70    0.00    0.00    0.01    0.00    0.00    0.00   55.14
09:00:24     all   41.75    0.00    3.61    0.00    0.00    0.00    0.00    0.00    0.00   54.65
09:00:25     all   37.72    0.00    2.40    0.00    0.00    0.00    0.00    0.00    0.00   59.88
09:00:26     all   35.17    0.00    2.49    0.00    0.00    0.01    0.00    0.00    0.00   62.33
09:00:27     all   33.75    0.00    2.38    0.00    0.00    0.00    0.00    0.00    0.00   63.87
09:00:28     all   30.46    0.00    2.23    0.00    0.00    0.00    0.00    0.00    0.00   67.32
09:00:29     all   28.69    0.00    1.59    0.00    0.00    0.00    0.00    0.00    0.00   69.72
09:00:30     all   27.53    0.00    2.48    0.00    0.00    0.00    0.00    0.00    0.00   70.00
09:00:31     all   28.41    0.00    1.87    0.00    0.00    0.00    0.00    0.00    0.00   69.72
09:00:32     all   22.91    0.00    1.95    0.00    0.00    0.00    0.00    0.00    0.00   75.14
09:00:33     all   25.89    0.00    1.95    0.00    0.00    0.00    0.00    0.00    0.00   72.16
09:00:34     all   31.63    0.00    1.66    0.00    0.00    0.00    0.00    0.00    0.00   66.71
09:00:35     all   21.95    0.00    1.52    0.00    0.00    0.00    0.00    0.00    0.00   76.53
09:00:36     all   24.34    0.00    1.16    0.00    0.00    0.00    0.00    0.00    0.00   74.51
09:00:37     all   23.13    0.00    1.64    0.00    0.00    0.01    0.00    0.00    0.00   75.21
09:00:38     all   24.68    0.00    1.50    0.00    0.00    0.01    0.00    0.00    0.00   73.81
09:00:39     all   30.64    0.00    1.07    0.00    0.00    0.00    0.00    0.00    0.00   68.28
09:00:40     all   28.93    0.00    1.49    0.00    0.00    0.00    0.00    0.00    0.00   69.58
09:00:41     all   37.78    0.00    1.23    0.00    0.00    0.00    0.00    0.00    0.00   60.99
09:00:42     all   40.72    0.00    1.57    0.00    0.00    0.00    0.00    0.00    0.00   57.71
09:00:43     all   38.48    0.00    1.68    0.00    0.00    0.00    0.00    0.00    0.00   59.83
09:00:44     all   44.88    0.00    1.55    0.00    0.00    0.00    0.00    0.00    0.00   53.58
09:00:45     all   44.29    0.00    1.71    0.00    0.00    0.00    0.00    0.00    0.00   54.00
09:00:46     all   42.66    0.00    1.46    0.00    0.00    0.00    0.00    0.00    0.00   55.88
09:00:47     all   41.12    0.00    2.44    0.00    0.00    0.01    0.00    0.00    0.00   56.43
09:00:48     all   35.15    0.00    2.23    0.00    0.00    0.00    0.00    0.00    0.00   62.61
09:00:49     all   41.50    0.00    1.89    0.00    0.00    0.00    0.00    0.00    0.00   56.60
09:00:50     all   32.60    0.00    1.81    0.00    0.00    0.00    0.00    0.00    0.00   65.59
09:00:51     all   27.34    0.00    0.97    0.00    0.00    0.00    0.00    0.00    0.00   71.69
09:00:52     all   26.73    0.00    1.02    0.00    0.00    0.00    0.00    0.00    0.00   72.26
09:00:53     all   31.77    0.00    1.98    0.00    0.00    0.01    0.00    0.00    0.00   66.24
09:00:54     all   30.45    0.00    2.10    0.00    0.00    0.00    0.00    0.00    0.00   67.45
09:00:55     all   26.44    0.00    1.17    0.00    0.00    0.00    0.00    0.00    0.00   72.39
09:00:56     all   29.88    0.00    1.32    0.00    0.00    0.00    0.00    0.00    0.00   68.80
09:00:57     all   23.67    0.00    1.49    0.00    0.00    0.00    0.00    0.00    0.00   74.84
09:00:58     all   37.02    0.00    1.32    0.00    0.00    0.00    0.00    0.00    0.00   61.66
09:00:59     all   31.97    0.00    2.07    0.00    0.00    0.00    0.00    0.00    0.00   65.95
09:01:00     all   35.83    0.00    1.86    0.00    0.00    0.00    0.00    0.00    0.00   62.31
09:01:01     all   32.83    0.00    2.05    0.00    0.00    0.00    0.00    0.00    0.00   65.12
09:01:02     all   35.09    0.00    1.45    0.00    0.00    0.03    0.00    0.00    0.00   63.44
09:01:03     all   49.24    0.00    2.05    0.00    0.00    0.00    0.00    0.00    0.00   48.71
09:01:04     all   46.76    0.00    2.31    0.00    0.00    0.00    0.00    0.00    0.00   50.93
09:01:05     all   44.75    0.01    2.77    0.00    0.00    0.00    0.00    0.00    0.00   52.46
09:01:06     all   41.50    0.00    2.40    0.00    0.00    0.00    0.00    0.00    0.00   56.11
09:01:07     all   31.64    0.00    2.69    0.01    0.00    0.00    0.00    0.00    0.00   65.66
09:01:08     all   25.11    0.00    1.91    0.00    0.00    0.00    0.00    0.00    0.00   72.98
09:01:09     all   32.58    0.00    1.62    0.00    0.00    0.00    0.00    0.00    0.00   65.81
09:01:10     all   36.08    0.01    2.02    0.00    0.00    0.00    0.00    0.00    0.00   61.89
09:01:11     all   37.15    0.00    1.38    0.00    0.00    0.01    0.00    0.00    0.00   61.46
09:01:12     all   36.58    0.00    1.27    0.01    0.00    0.00    0.00    0.00    0.00   62.14
09:01:13     all   39.80    0.00    1.28    0.00    0.00    0.00    0.00    0.00    0.00   58.92
09:01:14     all   41.25    0.00    1.70    0.00    0.00    0.01    0.00    0.00    0.00   57.04
09:01:15     all   32.20    0.00    1.70    0.00    0.00    0.00    0.00    0.00    0.00   66.10
09:01:16     all   37.01    0.00    2.47    0.00    0.00    0.00    0.00    0.00    0.00   60.52
09:01:17     all   42.45    0.00    1.85    0.00    0.00    0.01    0.00    0.00    0.00   55.69
09:01:18     all   41.92    0.00    2.34    0.00    0.00    0.00    0.00    0.00    0.00   55.74
09:01:19     all   33.69    0.00    2.77    0.00    0.00    0.00    0.00    0.00    0.00   63.54
09:01:20     all   41.13    0.00    1.73    0.00    0.00    0.00    0.00    0.00    0.00   57.15
09:01:21     all   39.13    0.00    2.40    0.00    0.00    0.00    0.00    0.00    0.00   58.47
09:01:22     all   43.77    0.00    2.69    0.00    0.00    0.00    0.00    0.00    0.00   53.54
09:01:23     all   46.46    0.00    2.32    0.00    0.00    0.01    0.00    0.00    0.00   51.20
09:01:24     all   42.30    0.00    2.58    0.00    0.00    0.00    0.00    0.00    0.00   55.12
09:01:25     all   40.49    0.00    2.32    0.00    0.00    0.00    0.00    0.00    0.00   57.19
09:01:26     all   33.93    0.00    2.98    0.00    0.00    0.00    0.00    0.00    0.00   63.08
09:01:27     all   27.88    0.00    2.96    0.00    0.00    0.01    0.00    0.00    0.00   69.14
09:01:28     all   30.18    0.00    3.05    0.00    0.00    0.00    0.00    0.00    0.00   66.77
09:01:29     all   44.31    0.00    2.94    0.00    0.00    0.00    0.00    0.00    0.00   52.75
09:01:30     all   33.73    0.00    3.37    0.00    0.00    0.00    0.00    0.00    0.00   62.91
09:01:31     all   27.35    0.00    3.10    0.00    0.00    0.01    0.00    0.00    0.00   69.53
09:01:32     all   29.09    0.01    3.39    0.00    0.00    0.00    0.00    0.00    0.00   67.51
09:01:33     all   29.05    0.00    3.64    0.00    0.00    0.00    0.00    0.00    0.00   67.31
09:01:34     all   44.22    0.00    3.48    0.00    0.00    0.00    0.00    0.00    0.00   52.30
09:01:35     all   29.22    0.00    2.98    0.00    0.00    0.00    0.00    0.00    0.00   67.80
09:01:36     all   44.74    0.00    2.84    0.00    0.00    0.00    0.00    0.00    0.00   52.42
09:01:37     all   42.73    0.00    3.26    0.00    0.00    0.00    0.00    0.00    0.00   54.01
09:01:38     all   41.46    0.00    2.60    0.00    0.00    0.00    0.00    0.00    0.00   55.94
09:01:39     all   36.49    0.00    3.10    0.00    0.00    0.00    0.00    0.00    0.00   60.41
09:01:40     all   43.40    0.00    2.83    0.00    0.00    0.00    0.00    0.00    0.00   53.78
09:01:41     all   40.25    0.00    2.84    0.00    0.00    0.00    0.00    0.00    0.00   56.91
09:01:42     all   45.90    0.00    2.06    0.00    0.00    0.00    0.00    0.00    0.00   52.04
09:01:43     all   39.36    0.00    3.00    0.00    0.00    0.00    0.00    0.00    0.00   57.64
09:01:44     all   35.54    0.00    2.86    0.00    0.00    0.00    0.00    0.00    0.00   61.60
09:01:45     all   45.99    0.00    2.98    0.00    0.00    0.00    0.00    0.00    0.00   51.03
09:01:46     all   47.14    0.00    3.44    0.00    0.00    0.01    0.00    0.00    0.00   49.41
09:01:47     all   48.52    0.00    3.13    0.00    0.00    0.00    0.00    0.00    0.00   48.35
09:01:48     all   38.72    0.00    3.27    0.00    0.00    0.00    0.00    0.00    0.00   58.01
09:01:49     all   42.41    0.00    3.63    0.00    0.00    0.00    0.00    0.00    0.00   53.96
09:01:50     all   37.97    0.00    3.25    0.00    0.00    0.01    0.00    0.00    0.00   58.77
09:01:51     all   37.28    0.00    2.96    0.00    0.00    0.00    0.00    0.00    0.00   59.76
09:01:52     all   35.86    0.00    2.98    0.00    0.00    0.00    0.00    0.00    0.00   61.15
09:01:53     all   44.66    0.00    2.99    0.00    0.00    0.01    0.00    0.00    0.00   52.33
09:01:54     all   40.53    0.00    2.80    0.00    0.00    0.00    0.00    0.00    0.00   56.68
09:01:55     all   41.20    0.00    2.37    0.00    0.00    0.00    0.00    0.00    0.00   56.44
09:01:56     all   45.15    0.00    2.34    0.00    0.00    0.00    0.00    0.00    0.00   52.51
09:01:57     all   42.32    0.00    2.57    0.00    0.00    0.00    0.00    0.00    0.00   55.10
09:01:58     all   34.82    0.00    2.52    0.00    0.00    0.00    0.00    0.00    0.00   62.66
09:01:59     all   40.49    0.00    2.95    0.00    0.00    0.00    0.00    0.00    0.00   56.56
09:02:00     all   40.45    0.00    1.74    0.00    0.00    0.01    0.00    0.00    0.00   57.80
09:02:01     all   37.24    0.00    1.83    0.00    0.00    0.00    0.00    0.00    0.00   60.93
09:02:02     all   28.36    0.00    2.21    0.00    0.00    0.03    0.00    0.00    0.00   69.40
09:02:03     all   25.02    0.00    2.38    0.00    0.00    0.00    0.00    0.00    0.00   72.60
09:02:04     all   36.43    0.00    1.73    0.00    0.00    0.00    0.00    0.00    0.00   61.84
09:02:05     all   46.17    0.00    1.95    0.00    0.00    0.00    0.00    0.00    0.00   51.88
09:02:06     all   38.21    0.00    1.98    0.00    0.00    0.00    0.00    0.00    0.00   59.81
09:02:07     all   30.80    0.00    1.55    0.00    0.00    0.00    0.00    0.00    0.00   67.66
09:02:08     all   38.53    0.00    2.31    0.00    0.00    0.00    0.00    0.00    0.00   59.16
09:02:09     all   40.16    0.00    2.12    0.00    0.00    0.00    0.00    0.00    0.00   57.72
09:02:10     all   40.17    0.00    1.98    0.00    0.00    0.01    0.00    0.00    0.00   57.84
09:02:11     all   40.37    0.00    2.71    0.00    0.00    0.00    0.00    0.00    0.00   56.92
09:02:12     all   41.53    0.00    3.64    0.00    0.00    0.00    0.00    0.00    0.00   54.84
09:02:13     all   37.94    0.00    3.02    0.00    0.00    0.01    0.00    0.00    0.00   59.03
09:02:14     all   40.87    0.00    3.41    0.00    0.00    0.00    0.00    0.00    0.00   55.72
09:02:15     all   42.04    0.00    2.76    0.00    0.00    0.00    0.00    0.00    0.00   55.20
09:02:16     all   44.18    0.00    3.35    0.00    0.00    0.00    0.00    0.00    0.00   52.46
09:02:17     all   45.70    0.00    3.68    0.00    0.00    0.00    0.00    0.00    0.00   50.62
09:02:18     all   46.04    0.00    3.33    0.00    0.00    0.00    0.00    0.00    0.00   50.63
09:02:19     all   47.04    0.00    3.68    0.00    0.00    0.01    0.00    0.00    0.00   49.26
09:02:20     all   50.58    0.00    3.08    0.00    0.00    0.00    0.00    0.00    0.00   46.34
09:02:21     all   48.59    0.00    3.99    0.00    0.00    0.00    0.00    0.00    0.00   47.42
09:02:22     all   43.64    0.00    4.04    0.00    0.00    0.00    0.00    0.00    0.00   52.32
09:02:23     all   47.76    0.00    3.99    0.01    0.00    0.00    0.00    0.00    0.00   48.24
09:02:24     all   48.66    0.00    3.67    0.00    0.00    0.00    0.00    0.00    0.00   47.66
09:02:25     all   50.42    0.00    3.23    0.00    0.00    0.00    0.00    0.00    0.00   46.35
09:02:26     all   47.24    0.00    3.10    0.00    0.00    0.01    0.00    0.00    0.00   49.64
09:02:27     all   48.27    0.00    3.61    0.00    0.00    0.00    0.00    0.00    0.00   48.12
09:02:28     all   42.99    0.00    3.96    0.00    0.00    0.01    0.00    0.00    0.00   53.04
09:02:29     all   46.83    0.00    3.30    0.00    0.00    0.00    0.00    0.00    0.00   49.87
09:02:30     all   39.74    0.00    4.20    0.00    0.00    0.00    0.00    0.00    0.00   56.06
09:02:31     all   37.26    0.00    3.44    0.00    0.00    0.01    0.00    0.00    0.00   59.28
09:02:32     all   48.87    0.00    3.56    0.00    0.00    0.01    0.00    0.00    0.00   47.55
09:02:33     all   49.73    0.00    3.51    0.00    0.00    0.00    0.00    0.00    0.00   46.76
09:02:34     all   51.01    0.00    4.34    0.00    0.00    0.01    0.00    0.00    0.00   44.64
09:02:35     all   49.14    0.00    3.79    0.00    0.00    0.01    0.00    0.00    0.00   47.06
09:02:36     all   45.93    0.00    4.11    0.00    0.00    0.00    0.00    0.00    0.00   49.96
09:02:37     all   47.70    0.00    3.79    0.00    0.00    0.00    0.00    0.00    0.00   48.51
09:02:38     all   51.00    0.00    3.55    0.00    0.00    0.00    0.00    0.00    0.00   45.45
09:02:39     all   44.74    0.00    3.90    0.00    0.00    0.01    0.00    0.00    0.00   51.35
09:02:40     all   44.70    0.00    3.86    0.00    0.00    0.00    0.00    0.00    0.00   51.44
09:02:41     all   45.56    0.00    3.49    0.00    0.00    0.00    0.00    0.00    0.00   50.95
09:02:42     all   34.50    0.00    3.30    0.00    0.00    0.00    0.00    0.00    0.00   62.20
09:02:43     all   39.87    0.00    4.40    0.00    0.00    0.01    0.00    0.00    0.00   55.72
09:02:44     all   39.28    0.00    4.46    0.00    0.00    0.01    0.00    0.00    0.00   56.25
09:02:45     all   46.57    0.00    4.45    0.00    0.00    0.00    0.00    0.00    0.00   48.98
09:02:46     all   46.21    0.00    4.18    0.00    0.00    0.00    0.00    0.00    0.00   49.61
09:02:47     all   43.99    0.00    4.23    0.00    0.00    0.01    0.00    0.00    0.00   51.77
09:02:48     all   37.56    0.00    3.98    0.00    0.00    0.00    0.00    0.00    0.00   58.46
09:02:49     all   44.66    0.00    4.39    0.00    0.00    0.00    0.00    0.00    0.00   50.95
09:02:50     all   48.10    0.00    3.72    0.00    0.00    0.01    0.00    0.00    0.00   48.16
09:02:51     all   45.46    0.00    3.36    0.00    0.00    0.00    0.00    0.00    0.00   51.18
09:02:52     all   38.04    0.00    3.04    0.00    0.00    0.00    0.00    0.00    0.00   58.92
09:02:53     all   40.39    0.00    3.09    0.00    0.00    0.00    0.00    0.00    0.00   56.52
09:02:54     all   47.18    0.00    2.92    0.01    0.00    0.00    0.00    0.00    0.00   49.88
09:02:55     all   46.18    0.00    3.37    0.00    0.00    0.01    0.00    0.00    0.00   50.43
09:02:56     all   29.93    0.00    3.62    0.00    0.00    0.00    0.00    0.00    0.00   66.45
09:02:57     all   20.93    0.00    3.28    0.00    0.00    0.00    0.00    0.00    0.00   75.78
09:02:58     all   15.66    0.00    3.24    0.00    0.00    0.00    0.00    0.00    0.00   81.10
09:02:59     all   14.90    0.00    2.39    0.00    0.00    0.00    0.00    0.00    0.00   82.71
09:03:00     all   13.59    0.00    2.77    0.00    0.00    0.00    0.00    0.00    0.00   83.64
09:03:01     all   13.81    0.00    2.56    0.00    0.00    0.00    0.00    0.00    0.00   83.63
09:03:02     all   14.37    0.00    1.82    0.00    0.00    0.00    0.00    0.00    0.00   83.81
09:03:03     all    9.82    0.00    1.36    0.00    0.00    0.00    0.00    0.00    0.00   88.81
09:03:04     all    9.77    0.00    1.56    0.00    0.00    0.00    0.00    0.00    0.00   88.67
09:03:05     all    8.48    0.00    1.68    0.00    0.00    0.00    0.00    0.00    0.00   89.84
09:03:06     all    8.04    0.00    1.58    0.00    0.00    0.00    0.00    0.00    0.00   90.37
09:03:07     all    8.52    0.00    1.38    0.00    0.00    0.00    0.00    0.00    0.00   90.10
09:03:08     all    7.17    0.00    1.36    0.00    0.00    0.00    0.00    0.00    0.00   91.47
09:03:09     all    7.27    0.00    1.35    0.00    0.00    0.00    0.00    0.00    0.00   91.38
09:03:10     all    7.32    0.01    1.32    0.00    0.00    0.01    0.00    0.00    0.00   91.33
09:03:11     all    7.36    0.00    1.38    0.00    0.00    0.00    0.00    0.00    0.00   91.27
09:03:12     all    7.00    0.00    1.50    0.00    0.00    0.00    0.00    0.00    0.00   91.50
09:03:13     all    7.41    0.00    1.35    0.00    0.00    0.00    0.00    0.00    0.00   91.24
09:03:14     all    7.08    0.00    1.22    0.00    0.00    0.00    0.00    0.00    0.00   91.70
09:03:15     all    5.98    0.00    1.03    0.00    0.00    0.01    0.00    0.00    0.00   92.98
09:03:16     all    6.29    0.00    1.33    0.00    0.00    0.00    0.00    0.00    0.00   92.37
09:03:17     all    6.90    0.00    0.93    0.00    0.00    0.00    0.00    0.00    0.00   92.16
09:03:18     all    5.39    0.00    1.28    0.00    0.00    0.00    0.00    0.00    0.00   93.33
09:03:19     all    5.24    0.00    0.99    0.00    0.00    0.00    0.00    0.00    0.00   93.77
Average:     all   32.50    0.00    2.26    0.00    0.00    0.00    0.00    0.00    0.00   65.23
