Linux 6.8.0-136-generic (856a17914eb3) 	08/10/26 	_x86_64_	(72 CPU)

12:27:54     CPU    %usr   %nice    %sys %iowait    %irq   %soft  %steal  %guest  %gnice   %idle
12:27:55     all   11.51    0.00    0.37    0.00    0.00    0.00    0.00    0.00    0.00   88.11
12:27:56     all    1.36    0.00    0.92    0.01    0.00    0.00    0.00    0.00    0.00   97.71
12:27:57     all    1.49    0.00    0.15    0.00    0.00    0.00    0.00    0.00    0.00   98.36
12:27:58     all    1.39    0.00    0.19    0.00    0.00    0.00    0.00    0.00    0.00   98.42
12:27:59     all    1.61    0.00    0.31    0.00    0.00    0.00    0.00    0.00    0.00   98.08
12:28:00     all    1.55    0.00    0.31    0.00    0.00    0.00    0.00    0.00    0.00   98.14
12:28:01     all    1.47    0.00    0.25    0.00    0.00    0.00    0.00    0.00    0.00   98.28
12:28:02     all    1.63    0.00    0.26    0.00    0.00    0.00    0.00    0.00    0.00   98.11
12:28:03     all    1.58    0.00    0.29    0.00    0.00    0.00    0.00    0.00    0.00   98.13
12:28:04     all    1.90    0.00    0.31    0.00    0.00    0.00    0.00    0.00    0.00   97.79
12:28:05     all    1.57    0.00    0.24    0.00    0.00    0.00    0.00    0.00    0.00   98.19
12:28:06     all    2.27    0.00    0.46    0.00    0.00    0.00    0.00    0.00    0.00   97.28
12:28:07     all    1.45    0.00    0.22    0.00    0.00    0.00    0.00    0.00    0.00   98.33
12:28:08     all    1.71    0.00    0.44    0.00    0.00    0.00    0.00    0.00    0.00   97.85
12:28:09     all    1.53    0.00    0.17    0.00    0.00    0.00    0.00    0.00    0.00   98.31
12:28:10     all    1.19    0.00    0.40    0.00    0.00    0.00    0.00    0.00    0.00   98.40
12:28:11     all    1.65    0.01    0.32    0.00    0.00    0.00    0.00    0.00    0.00   98.01
12:28:12     all    1.52    0.00    0.17    0.00    0.00    0.00    0.00    0.00    0.00   98.32
12:28:13     all    1.52    0.00    0.31    0.00    0.00    0.00    0.00    0.00    0.00   98.18
12:28:14     all    1.65    0.00    0.32    0.00    0.00    0.00    0.00    0.00    0.00   98.03
12:28:15     all    1.51    0.00    0.18    0.00    0.00    0.00    0.00    0.00    0.00   98.31
12:28:16     all    1.39    0.00    0.22    0.00    0.00    0.00    0.00    0.00    0.00   98.39
12:28:17     all    1.68    0.00    0.29    0.00    0.00    0.00    0.00    0.00    0.00   98.03
12:28:18     all    1.54    0.00    0.21    0.00    0.00    0.00    0.00    0.00    0.00   98.25
12:28:19     all    1.42    0.00    0.22    0.00    0.00    0.00    0.00    0.00    0.00   98.36
12:28:20     all    1.54    0.00    0.21    0.00    0.00    0.00    0.00    0.00    0.00   98.25
12:28:21     all    1.56    0.00    0.19    0.00    0.00    0.00    0.00    0.00    0.00   98.25
12:28:22     all    1.49    0.00    0.29    0.00    0.00    0.00    0.00    0.00    0.00   98.22
12:28:23     all   17.38    0.00    3.94    0.00    0.00    0.00    0.00    0.00    0.00   78.68
12:28:24     all   35.04    0.00    2.89    0.00    0.00    0.00    0.00    0.00    0.00   62.07
12:28:25     all   72.49    0.00    5.97    0.00    0.00    0.00    0.00    0.00    0.00   21.54
12:28:26     all   74.37    0.00   11.94    0.00    0.00    0.01    0.00    0.00    0.00   13.68
12:28:27     all   36.94    0.00    5.47    0.00    0.00    0.00    0.00    0.00    0.00   57.59
12:28:28     all   41.70    0.00    4.48    0.00    0.00    0.00    0.00    0.00    0.00   53.82
12:28:29     all   34.55    0.00    3.28    0.00    0.00    0.01    0.00    0.00    0.00   62.16
12:28:30     all   33.12    0.00    3.42    0.00    0.00    0.00    0.00    0.00    0.00   63.46
12:28:31     all   41.86    0.00    3.18    0.00    0.00    0.00    0.00    0.00    0.00   54.96
12:28:32     all   41.71    0.00    2.59    0.00    0.00    0.01    0.00    0.00    0.00   55.69
12:28:33     all   43.52    0.00    2.19    0.00    0.00    0.01    0.00    0.00    0.00   54.28
12:28:34     all   39.92    0.00    2.21    0.00    0.00    0.00    0.00    0.00    0.00   57.86
12:28:35     all   56.52    0.00    2.90    0.00    0.00    0.01    0.00    0.00    0.00   40.57
12:28:36     all   68.56    0.00    7.22    0.00    0.00    0.00    0.00    0.00    0.00   24.22
12:28:37     all   64.53    0.00    9.26    0.00    0.00    0.00    0.00    0.00    0.00   26.21
12:28:38     all   51.68    0.00   10.21    0.00    0.00    0.01    0.00    0.00    0.00   38.10
12:28:39     all   43.74    0.00    7.54    0.00    0.00    0.00    0.00    0.00    0.00   48.72
12:28:40     all   47.13    0.00   10.34    0.00    0.00    0.00    0.00    0.00    0.00   42.53
12:28:41     all   47.03    0.00    9.17    0.00    0.00    0.00    0.00    0.00    0.00   43.80
12:28:42     all   53.08    0.00   12.90    0.00    0.00    0.01    0.00    0.00    0.00   34.01
12:28:43     all   57.39    0.00   12.71    0.00    0.00    0.00    0.00    0.00    0.00   29.90
12:28:44     all   54.55    0.00   11.34    0.00    0.00    0.00    0.00    0.00    0.00   34.11
12:28:45     all   44.68    0.00   12.35    0.00    0.00    0.01    0.00    0.00    0.00   42.96
12:28:46     all   44.32    0.00   10.76    0.00    0.00    0.00    0.00    0.00    0.00   44.92
12:28:47     all   47.11    0.00   12.20    0.00    0.00    0.00    0.00    0.00    0.00   40.69
12:28:48     all   45.04    0.00   10.27    0.00    0.00    0.00    0.00    0.00    0.00   44.69
12:28:49     all   41.94    0.00   11.86    0.00    0.00    0.00    0.00    0.00    0.00   46.20
12:28:50     all   43.44    0.00   13.13    0.00    0.00    0.01    0.00    0.00    0.00   43.42
12:28:51     all   34.97    0.00   10.60    0.00    0.00    0.00    0.00    0.00    0.00   54.42
12:28:52     all   38.11    0.00    9.46    0.00    0.00    0.00    0.00    0.00    0.00   52.43
12:28:53     all   37.81    0.00   11.53    0.00    0.00    0.00    0.00    0.00    0.00   50.65
12:28:54     all   36.08    0.00    9.71    0.00    0.00    0.00    0.00    0.00    0.00   54.21
12:28:55     all   33.86    0.00    9.61    0.00    0.00    0.00    0.00    0.00    0.00   56.53
12:28:56     all   32.25    0.00    9.42    0.00    0.00    0.00    0.00    0.00    0.00   58.33
12:28:57     all   35.05    0.00    9.47    0.00    0.00    0.01    0.00    0.00    0.00   55.47
12:28:58     all   35.10    0.00    8.58    0.00    0.00    0.00    0.00    0.00    0.00   56.32
12:28:59     all   41.85    0.00    8.73    0.00    0.00    0.00    0.00    0.00    0.00   49.42
12:29:00     all   36.10    0.00   10.45    0.00    0.00    0.00    0.00    0.00    0.00   53.45
12:29:01     all   45.84    0.00   11.30    0.00    0.00    0.03    0.00    0.00    0.00   42.83
12:29:02     all   34.30    0.00    9.55    0.00    0.00    0.00    0.00    0.00    0.00   56.15
12:29:03     all   37.79    0.00   10.04    0.00    0.00    0.00    0.00    0.00    0.00   52.18
12:29:04     all   40.24    0.00    9.24    0.00    0.00    0.01    0.00    0.00    0.00   50.51
12:29:05     all   38.24    0.00    9.76    0.00    0.00    0.00    0.00    0.00    0.00   52.01
12:29:06     all   42.80    0.00    9.31    0.01    0.00    0.00    0.00    0.00    0.00   47.87
12:29:07     all   30.56    0.00    9.13    0.00    0.00    0.00    0.00    0.00    0.00   60.32
12:29:08     all   45.13    0.00   13.28    0.00    0.00    0.00    0.00    0.00    0.00   41.59
12:29:09     all   43.70    0.00   13.75    0.00    0.00    0.00    0.00    0.00    0.00   42.55
12:29:10     all   48.17    0.00   14.38    0.00    0.00    0.00    0.00    0.00    0.00   37.45
12:29:11     all   55.71    0.00   15.29    0.00    0.00    0.01    0.00    0.00    0.00   28.99
12:29:12     all   48.87    0.00   13.82    0.00    0.00    0.01    0.00    0.00    0.00   37.29
12:29:13     all   45.58    0.00   12.35    0.00    0.00    0.00    0.00    0.00    0.00   42.07
12:29:14     all   48.93    0.00   12.78    0.00    0.00    0.00    0.00    0.00    0.00   38.29
12:29:15     all   44.10    0.00   13.52    0.00    0.00    0.00    0.00    0.00    0.00   42.39
12:29:16     all   38.45    0.00   10.24    0.00    0.00    0.00    0.00    0.00    0.00   51.31
12:29:17     all   43.09    0.00   13.74    0.00    0.00    0.00    0.00    0.00    0.00   43.16
12:29:18     all   37.71    0.00   13.15    0.00    0.00    0.01    0.00    0.00    0.00   49.13
12:29:19     all   41.46    0.00   10.66    0.00    0.00    0.00    0.00    0.00    0.00   47.88
12:29:20     all   40.62    0.00   11.23    0.00    0.00    0.00    0.00    0.00    0.00   48.15
12:29:21     all   42.59    0.03   12.67    0.00    0.00    0.00    0.00    0.00    0.00   44.71
12:29:22     all   38.89    0.00   12.16    0.00    0.00    0.00    0.00    0.00    0.00   48.94
12:29:23     all   35.31    0.00    9.70    0.00    0.00    0.00    0.00    0.00    0.00   54.99
12:29:24     all   42.34    0.00   10.97    0.00    0.00    0.00    0.00    0.00    0.00   46.69
12:29:25     all   47.89    0.00   15.11    0.00    0.00    0.01    0.00    0.00    0.00   36.98
12:29:26     all   41.77    0.00   16.16    0.00    0.00    0.00    0.00    0.00    0.00   42.08
12:29:27     all   47.64    0.00   14.23    0.00    0.00    0.00    0.00    0.00    0.00   38.12
12:29:28     all   51.09    0.00   13.93    0.00    0.00    0.00    0.00    0.00    0.00   34.97
12:29:29     all   40.80    0.00   14.27    0.00    0.00    0.00    0.00    0.00    0.00   44.94
12:29:30     all   44.07    0.00   15.40    0.00    0.00    0.00    0.00    0.00    0.00   40.53
12:29:31     all   52.57    0.00   19.88    0.00    0.00    0.03    0.00    0.00    0.00   27.52
12:29:32     all   49.71    0.00   16.57    0.00    0.00    0.00    0.00    0.00    0.00   33.71
12:29:33     all   48.53    0.00   17.12    0.00    0.00    0.00    0.00    0.00    0.00   34.35
12:29:34     all   53.52    0.00   19.71    0.00    0.00    0.00    0.00    0.00    0.00   26.77
12:29:35     all   43.17    0.00   16.18    0.00    0.00    0.01    0.00    0.00    0.00   40.64
12:29:36     all   47.82    0.00   17.39    0.00    0.00    0.00    0.00    0.00    0.00   34.79
12:29:37     all   46.57    0.00   19.63    0.00    0.00    0.00    0.00    0.00    0.00   33.80
12:29:38     all   43.17    0.00   15.85    0.00    0.00    0.00    0.00    0.00    0.00   40.98
12:29:39     all   44.59    0.00   18.14    0.00    0.00    0.01    0.00    0.00    0.00   37.26
12:29:40     all   51.65    0.00   21.13    0.00    0.00    0.00    0.00    0.00    0.00   27.22
12:29:41     all   53.24    0.00   20.24    0.00    0.00    0.00    0.00    0.00    0.00   26.52
12:29:42     all   53.12    0.00   20.63    0.00    0.00    0.00    0.00    0.00    0.00   26.25
12:29:43     all   50.17    0.00   20.43    0.00    0.00    0.01    0.00    0.00    0.00   29.38
12:29:44     all   49.43    0.01   21.90    0.00    0.00    0.01    0.00    0.00    0.00   28.64
12:29:45     all   38.80    0.00   18.74    0.00    0.00    0.01    0.00    0.00    0.00   42.45
12:29:46     all   47.62    0.00   21.35    0.00    0.00    0.00    0.00    0.00    0.00   31.04
12:29:47     all   48.38    0.00   18.27    0.00    0.00    0.00    0.00    0.00    0.00   33.35
12:29:48     all   50.04    0.00   20.31    0.00    0.00    0.01    0.00    0.00    0.00   29.63
12:29:49     all   50.45    0.00   18.84    0.00    0.00    0.03    0.00    0.00    0.00   30.69
12:29:50     all   51.03    0.00   19.18    0.00    0.00    0.00    0.00    0.00    0.00   29.79
12:29:51     all   53.31    0.00   22.98    0.00    0.00    0.04    0.00    0.00    0.00   23.67
12:29:52     all   43.66    0.00   18.20    0.00    0.00    0.00    0.00    0.00    0.00   38.14
12:29:53     all   40.50    0.00   15.82    0.00    0.00    0.00    0.00    0.00    0.00   43.68
12:29:54     all   41.62    0.00   16.26    0.00    0.00    0.00    0.00    0.00    0.00   42.12
12:29:55     all   45.54    0.00   14.87    0.00    0.00    0.06    0.00    0.00    0.00   39.54
12:29:56     all   44.10    0.00   16.40    0.00    0.00    0.00    0.00    0.00    0.00   39.50
12:29:57     all   40.38    0.00   15.27    0.00    0.00    0.01    0.00    0.00    0.00   44.34
12:29:58     all   39.80    0.00   13.45    0.00    0.00    0.00    0.00    0.00    0.00   46.75
12:29:59     all   42.93    0.00   13.00    0.00    0.00    0.01    0.00    0.00    0.00   44.06
12:30:00     all   43.71    0.01   15.93    0.00    0.00    0.00    0.00    0.00    0.00   40.35
12:30:01     all   50.32    0.00   20.68    0.00    0.00    0.00    0.00    0.00    0.00   29.00
12:30:02     all   43.38    0.00   17.32    0.00    0.00    0.03    0.00    0.00    0.00   39.27
12:30:03     all   47.23    0.00   17.96    0.00    0.00    0.00    0.00    0.00    0.00   34.81
12:30:04     all   46.85    0.00   17.83    0.00    0.00    0.00    0.00    0.00    0.00   35.32
12:30:05     all   50.68    0.00   20.07    0.00    0.00    0.01    0.00    0.00    0.00   29.24
12:30:06     all   48.52    0.00   17.34    0.00    0.00    0.00    0.00    0.00    0.00   34.15
12:30:07     all   52.68    0.00   17.84    0.00    0.00    0.00    0.00    0.00    0.00   29.48
12:30:08     all   53.10    0.00   19.15    0.00    0.00    0.01    0.00    0.00    0.00   27.73
12:30:09     all   51.98    0.00   19.40    0.00    0.00    0.00    0.00    0.00    0.00   28.62
12:30:10     all   55.14    0.00   20.14    0.00    0.00    0.01    0.00    0.00    0.00   24.70
12:30:11     all   54.22    0.00   21.25    0.00    0.00    0.00    0.00    0.00    0.00   24.53
12:30:12     all   59.56    0.00   19.83    0.00    0.00    0.01    0.00    0.00    0.00   20.60
12:30:13     all   58.20    0.00   19.92    0.00    0.00    0.00    0.00    0.00    0.00   21.88
12:30:14     all   54.84    0.00   23.01    0.00    0.00    0.00    0.00    0.00    0.00   22.15
12:30:15     all   51.31    0.00   15.97    0.00    0.00    0.00    0.00    0.00    0.00   32.72
12:30:16     all   48.42    0.00   19.08    0.00    0.00    0.03    0.00    0.00    0.00   32.47
12:30:17     all   52.99    0.00   21.19    0.00    0.00    0.00    0.00    0.00    0.00   25.82
12:30:18     all   54.09    0.00   20.79    0.00    0.00    0.01    0.00    0.00    0.00   25.10
12:30:19     all   50.32    0.00   19.70    0.00    0.00    0.01    0.00    0.00    0.00   29.97
12:30:20     all   51.18    0.00   20.60    0.00    0.00    0.00    0.00    0.00    0.00   28.21
12:30:21     all   54.50    0.00   21.38    0.01    0.00    0.01    0.00    0.00    0.00   24.09
12:30:22     all   57.06    0.00   24.33    0.00    0.00    0.00    0.00    0.00    0.00   18.61
12:30:23     all   63.47    0.00   24.28    0.00    0.00    0.01    0.00    0.00    0.00   12.24
12:30:24     all   57.65    0.00   22.42    0.00    0.00    0.01    0.00    0.00    0.00   19.92
12:30:25     all   47.86    0.00   20.07    0.00    0.00    0.00    0.00    0.00    0.00   32.07
12:30:26     all   46.54    0.00   16.99    0.00    0.00    0.00    0.00    0.00    0.00   36.48
12:30:27     all   48.97    0.00   17.93    0.00    0.00    0.01    0.00    0.00    0.00   33.09
12:30:28     all   53.91    0.00   20.62    0.00    0.00    0.00    0.00    0.00    0.00   25.47
12:30:29     all   48.74    0.00   18.59    0.00    0.00    0.00    0.00    0.00    0.00   32.67
12:30:30     all   51.94    0.00   21.21    0.00    0.00    0.00    0.00    0.00    0.00   26.85
12:30:31     all   53.22    0.00   21.96    0.00    0.00    0.00    0.00    0.00    0.00   24.82
12:30:32     all   63.99    0.00   24.22    0.00    0.00    0.03    0.00    0.00    0.00   11.75
12:30:33     all   58.63    0.00   22.79    0.00    0.00    0.00    0.00    0.00    0.00   18.58
12:30:34     all   58.53    0.00   20.94    0.00    0.00    0.01    0.00    0.00    0.00   20.52
12:30:35     all   56.26    0.01   22.58    0.00    0.00    0.01    0.00    0.00    0.00   21.13
12:30:36     all   57.24    0.00   20.49    0.00    0.00    0.01    0.00    0.00    0.00   22.26
12:30:37     all   51.63    0.00   23.30    0.00    0.00    0.00    0.00    0.00    0.00   25.07
12:30:38     all   55.08    0.00   20.25    0.00    0.00    0.00    0.00    0.00    0.00   24.67
12:30:39     all   57.05    0.00   21.34    0.00    0.00    0.00    0.00    0.00    0.00   21.61
12:30:40     all   53.37    0.00   19.07    0.00    0.00    0.01    0.00    0.00    0.00   27.55
12:30:41     all   63.80    0.00   20.72    0.00    0.00    0.01    0.00    0.00    0.00   15.46
12:30:42     all   60.54    0.00   21.66    0.00    0.00    0.01    0.00    0.00    0.00   17.79
12:30:43     all   53.75    0.00   20.17    0.00    0.00    0.03    0.00    0.00    0.00   26.05
12:30:44     all   51.58    0.00   24.32    0.00    0.00    0.03    0.00    0.00    0.00   24.07
12:30:45     all   58.64    0.00   23.75    0.00    0.00    0.01    0.00    0.00    0.00   17.59
12:30:46     all   67.92    0.00   24.25    0.00    0.00    0.00    0.00    0.00    0.00    7.83
12:30:47     all   61.60    0.00   23.63    0.00    0.00    0.01    0.00    0.00    0.00   14.76
12:30:48     all   60.21    0.00   26.67    0.00    0.00    0.00    0.00    0.00    0.00   13.12
12:30:49     all   54.49    0.00   24.46    0.00    0.00    0.01    0.00    0.00    0.00   21.03
12:30:50     all   57.20    0.00   26.00    0.01    0.00    0.03    0.00    0.00    0.00   16.76
12:30:51     all   48.03    0.00   25.39    0.00    0.00    0.00    0.00    0.00    0.00   26.58
12:30:52     all   46.70    0.00   24.46    0.00    0.00    0.00    0.00    0.00    0.00   28.85
12:30:53     all   51.44    0.00   24.54    0.00    0.00    0.00    0.00    0.00    0.00   24.02
12:30:54     all   53.17    0.00   26.29    0.00    0.00    0.00    0.00    0.00    0.00   20.54
12:30:55     all   53.04    0.00   24.47    0.00    0.00    0.01    0.00    0.00    0.00   22.48
12:30:56     all   63.90    0.00   25.14    0.00    0.00    0.01    0.00    0.00    0.00   10.95
12:30:57     all   57.82    0.00   28.89    0.00    0.00    0.01    0.00    0.00    0.00   13.28
12:30:58     all   59.89    0.00   23.80    0.00    0.00    0.00    0.00    0.00    0.00   16.31
12:30:59     all   57.15    0.00   27.13    0.00    0.00    0.01    0.00    0.00    0.00   15.70
12:31:00     all   53.91    0.00   28.39    0.00    0.00    0.01    0.00    0.00    0.00   17.68
12:31:01     all   56.50    0.00   26.38    0.00    0.00    0.01    0.00    0.00    0.00   17.11
12:31:02     all   60.00    0.00   28.97    0.00    0.00    0.01    0.00    0.00    0.00   11.02
12:31:03     all   60.38    0.00   27.15    0.00    0.00    0.00    0.00    0.00    0.00   12.47
12:31:04     all   55.74    0.00   27.26    0.00    0.00    0.00    0.00    0.00    0.00   17.00
12:31:05     all   54.76    0.00   28.80    0.00    0.00    0.01    0.00    0.00    0.00   16.42
12:31:06     all   52.97    0.00   32.95    0.00    0.00    0.01    0.00    0.00    0.00   14.07
12:31:07     all   57.94    0.00   30.77    0.00    0.00    0.01    0.00    0.00    0.00   11.28
12:31:08     all   59.13    0.00   29.29    0.00    0.00    0.01    0.00    0.00    0.00   11.57
12:31:09     all   58.69    0.00   32.46    0.00    0.00    0.01    0.00    0.00    0.00    8.85
12:31:10     all   62.48    0.00   30.87    0.00    0.00    0.00    0.00    0.00    0.00    6.65
12:31:11     all   55.21    0.00   30.10    0.00    0.00    0.03    0.00    0.00    0.00   14.65
12:31:12     all   52.42    0.00   37.01    0.00    0.00    0.00    0.00    0.00    0.00   10.57
12:31:13     all   53.20    0.00   37.58    0.00    0.00    0.01    0.00    0.00    0.00    9.20
12:31:14     all   48.18    0.00   37.03    0.00    0.00    0.00    0.00    0.00    0.00   14.79
12:31:15     all   53.31    0.00   36.07    0.00    0.00    0.01    0.00    0.00    0.00   10.60
12:31:16     all   50.55    0.00   39.35    0.00    0.00    0.00    0.00    0.00    0.00   10.09
12:31:17     all   57.99    0.00   34.91    0.00    0.00    0.00    0.00    0.00    0.00    7.10
12:31:18     all   53.79    0.00   32.86    0.00    0.00    0.01    0.00    0.00    0.00   13.34
12:31:19     all   52.79    0.00   37.44    0.00    0.00    0.01    0.00    0.00    0.00    9.76
12:31:20     all   53.78    0.00   36.71    0.00    0.00    0.00    0.00    0.00    0.00    9.51
12:31:21     all   55.75    0.00   33.68    0.00    0.00    0.00    0.00    0.00    0.00   10.57
12:31:22     all   61.68    0.00   31.80    0.00    0.00    0.03    0.00    0.00    0.00    6.49
12:31:23     all   47.71    0.00   39.24    0.00    0.00    0.00    0.00    0.00    0.00   13.05
12:31:24     all   24.77    0.00   39.81    0.00    0.00    0.01    0.00    0.00    0.00   35.41
12:31:25     all   18.90    0.01   17.62    0.00    0.00    0.00    0.00    0.00    0.00   63.46
12:31:26     all   15.85    0.00   13.42    0.00    0.00    0.01    0.00    0.00    0.00   70.71
12:31:27     all   15.14    0.00   11.50    0.00    0.00    0.00    0.00    0.00    0.00   73.36
12:31:28     all   16.16    0.00   10.85    0.01    0.00    0.00    0.00    0.00    0.00   72.98
12:31:29     all   15.96    0.00    9.98    0.00    0.00    0.00    0.00    0.00    0.00   74.05
12:31:30     all   13.11    0.00    9.45    0.00    0.00    0.00    0.00    0.00    0.00   77.44
12:31:31     all   14.06    0.00    8.81    0.00    0.00    0.00    0.00    0.00    0.00   77.14
12:31:32     all   12.60    0.00    7.98    0.00    0.00    0.00    0.00    0.00    0.00   79.41
12:31:33     all   11.71    0.00    8.06    0.00    0.00    0.00    0.00    0.00    0.00   80.23
12:31:34     all   11.50    0.00    7.32    0.00    0.00    0.03    0.00    0.00    0.00   81.14
Average:     all   41.53    0.00   15.66    0.00    0.00    0.01    0.00    0.00    0.00   42.81
