Linux 6.8.0-136-generic (856a17914eb3) 	08/10/26 	_x86_64_	(72 CPU)

15:18:20     CPU    %usr   %nice    %sys %iowait    %irq   %soft  %steal  %guest  %gnice   %idle
15:18:21     all   36.59    0.00   13.81    0.00    0.00    0.00    0.00    0.00    0.00   49.60
15:18:22     all   35.68    0.00   15.67    0.00    0.00    0.01    0.00    0.00    0.00   48.63
15:18:23     all   33.05    0.00   17.20    0.00    0.00    0.00    0.00    0.00    0.00   49.74
15:18:24     all   33.27    0.00   16.88    0.00    0.00    0.00    0.00    0.00    0.00   49.85
15:18:25     all   33.28    0.00   17.05    0.00    0.00    0.00    0.00    0.00    0.00   49.67
15:18:26     all   31.71    0.00   16.43    0.00    0.00    0.00    0.00    0.00    0.00   51.86
15:18:27     all   31.33    0.00   16.71    0.00    0.00    0.01    0.00    0.00    0.00   51.95
15:18:28     all   32.29    0.00   16.74    0.00    0.00    0.01    0.00    0.00    0.00   50.95
15:18:29     all   32.46    0.00   15.31    0.00    0.00    0.00    0.00    0.00    0.00   52.23
15:18:30     all   34.54    0.00   16.70    0.01    0.00    0.00    0.00    0.00    0.00   48.75
15:18:31     all   34.00    0.00   16.80    0.00    0.00    0.01    0.00    0.00    0.00   49.19
15:18:32     all   33.10    0.01   16.85    0.00    0.00    0.00    0.00    0.00    0.00   50.03
15:18:33     all   34.19    0.00   15.73    0.00    0.00    0.01    0.00    0.00    0.00   50.06
15:18:34     all   33.50    0.00   16.82    0.00    0.00    0.00    0.00    0.00    0.00   49.69
15:18:35     all   33.07    0.00   17.62    0.00    0.00    0.01    0.00    0.00    0.00   49.29
15:18:36     all   32.37    0.00   18.36    0.00    0.00    0.00    0.00    0.00    0.00   49.26
15:18:37     all   31.95    0.00   18.23    0.00    0.00    0.00    0.00    0.00    0.00   49.81
15:18:38     all   31.62    0.00   19.03    0.00    0.00    0.00    0.00    0.00    0.00   49.35
15:18:39     all   32.40    0.00   18.17    0.00    0.00    0.00    0.00    0.00    0.00   49.43
15:18:40     all   31.80    0.00   18.44    0.00    0.00    0.00    0.00    0.00    0.00   49.76
15:18:41     all   32.05    0.00   18.86    0.00    0.00    0.01    0.00    0.00    0.00   49.07
15:18:42     all   31.31    0.00   19.35    0.00    0.00    0.00    0.00    0.00    0.00   49.34
15:18:43     all   29.96    0.00   20.33    0.00    0.00    0.00    0.00    0.00    0.00   49.72
15:18:44     all   29.54    0.00   21.42    0.00    0.00    0.00    0.00    0.00    0.00   49.04
15:18:45     all   30.68    0.00   20.85    0.00    0.00    0.00    0.00    0.00    0.00   48.47
15:18:46     all   30.80    0.00   19.69    0.00    0.00    0.03    0.00    0.00    0.00   49.48
15:18:47     all   31.07    0.00   19.36    0.00    0.00    0.00    0.00    0.00    0.00   49.57
15:18:48     all   31.80    0.00   18.17    0.00    0.00    0.00    0.00    0.00    0.00   50.02
15:18:49     all   31.50    0.00   18.50    0.00    0.00    0.00    0.00    0.00    0.00   50.00
15:18:50     all   30.91    0.00   19.71    0.00    0.00    0.01    0.00    0.00    0.00   49.36
15:18:51     all   31.78    0.00   19.94    0.00    0.00    0.00    0.00    0.00    0.00   48.28
15:18:52     all   29.65    0.00   21.33    0.00    0.00    0.00    0.00    0.00    0.00   49.02
15:18:53     all   29.16    0.00   21.91    0.00    0.00    0.01    0.00    0.00    0.00   48.91
15:18:54     all   28.78    0.00   21.35    0.00    0.00    0.00    0.00    0.00    0.00   49.87
15:18:55     all   29.87    0.00   20.24    0.00    0.00    0.00    0.00    0.00    0.00   49.89
15:18:56     all   30.87    0.00   19.63    0.00    0.00    0.01    0.00    0.00    0.00   49.48
15:18:57     all   29.94    0.00   20.26    0.00    0.00    0.00    0.00    0.00    0.00   49.79
15:18:58     all   29.28    0.00   21.31    0.00    0.00    0.01    0.00    0.00    0.00   49.40
15:18:59     all   30.25    0.00   20.19    0.00    0.00    0.00    0.00    0.00    0.00   49.55
15:19:00     all   29.81    0.00   20.40    0.00    0.00    0.01    0.00    0.00    0.00   49.78
15:19:01     all   30.32    0.00   20.26    0.01    0.00    0.00    0.00    0.00    0.00   49.41
15:19:02     all   31.31    0.00   19.28    0.00    0.00    0.00    0.00    0.00    0.00   49.42
15:19:03     all   31.44    0.00   19.06    0.00    0.00    0.00    0.00    0.00    0.00   49.50
15:19:04     all   32.15    0.00   18.20    0.00    0.00    0.01    0.00    0.00    0.00   49.64
15:19:05     all   29.88    0.00   19.89    0.00    0.00    0.00    0.00    0.00    0.00   50.23
15:19:06     all   30.25    0.01   20.15    0.00    0.00    0.01    0.00    0.00    0.00   49.57
15:19:07     all   33.19    0.00   18.40    0.00    0.00    0.01    0.00    0.00    0.00   48.39
15:19:08     all   34.66    0.00   16.56    0.00    0.00    0.00    0.00    0.00    0.00   48.79
15:19:09     all   37.99    0.00   13.53    0.00    0.00    0.00    0.00    0.00    0.00   48.48
15:19:10     all   38.25    0.00   13.39    0.00    0.00    0.03    0.00    0.00    0.00   48.34
15:19:11     all   36.76    0.00   14.21    0.00    0.00    0.00    0.00    0.00    0.00   49.03
15:19:12     all   32.26    0.00   18.03    0.00    0.00    0.00    0.00    0.00    0.00   49.71
15:19:13     all   35.80    0.00   14.71    0.00    0.00    0.00    0.00    0.00    0.00   49.49
15:19:14     all   37.68    0.00   12.81    0.00    0.00    0.01    0.00    0.00    0.00   49.50
15:19:15     all   38.54    0.00   12.07    0.00    0.00    0.00    0.00    0.00    0.00   49.38
15:19:16     all   37.15    0.00   13.14    0.00    0.00    0.00    0.00    0.00    0.00   49.71
15:19:17     all   35.89    0.00   14.83    0.00    0.00    0.00    0.00    0.00    0.00   49.28
15:19:18     all   32.25    0.00   18.38    0.00    0.00    0.00    0.00    0.00    0.00   49.37
15:19:19     all   32.29    0.00   17.86    0.00    0.00    0.00    0.00    0.00    0.00   49.85
15:19:20     all   36.59    0.00   13.60    0.00    0.00    0.00    0.00    0.00    0.00   49.81
15:19:21     all   37.80    0.00   13.17    0.00    0.00    0.01    0.00    0.00    0.00   49.01
15:19:22     all   36.79    0.00   13.71    0.00    0.00    0.00    0.00    0.00    0.00   49.50
15:19:23     all   39.38    0.00   11.76    0.00    0.00    0.01    0.00    0.00    0.00   48.84
15:19:24     all   37.57    0.00   12.88    0.00    0.00    0.00    0.00    0.00    0.00   49.55
15:19:25     all   35.97    0.00   14.85    0.00    0.00    0.00    0.00    0.00    0.00   49.17
15:19:26     all   36.44    0.00   14.06    0.00    0.00    0.03    0.00    0.00    0.00   49.46
15:19:27     all   37.61    0.00   12.79    0.00    0.00    0.00    0.00    0.00    0.00   49.60
15:19:28     all   37.85    0.00   13.15    0.00    0.00    0.00    0.00    0.00    0.00   49.00
15:19:29     all   35.78    0.00   14.92    0.00    0.00    0.03    0.00    0.00    0.00   49.28
15:19:30     all   38.08    0.00   12.74    0.00    0.00    0.01    0.00    0.00    0.00   49.17
15:19:31     all   36.60    0.00   15.22    0.00    0.00    0.00    0.00    0.00    0.00   48.18
15:19:32     all   35.88    0.01   14.77    0.00    0.00    0.03    0.00    0.00    0.00   49.30
15:19:33     all   35.17    0.00   16.63    0.00    0.00    0.00    0.00    0.00    0.00   48.19
15:19:34     all   35.08    0.00   15.40    0.00    0.00    0.00    0.00    0.00    0.00   49.52
15:19:35     all   33.50    0.00   16.59    0.00    0.00    0.01    0.00    0.00    0.00   49.90
15:19:36     all   33.51    0.00   16.57    0.00    0.00    0.00    0.00    0.00    0.00   49.92
15:19:37     all   34.55    0.00   15.67    0.00    0.00    0.00    0.00    0.00    0.00   49.78
15:19:38     all   36.78    0.00   13.94    0.00    0.00    0.00    0.00    0.00    0.00   49.28
15:19:39     all   37.24    0.00   13.04    0.00    0.00    0.01    0.00    0.00    0.00   49.71
15:19:40     all   36.77    0.00   13.89    0.00    0.00    0.00    0.00    0.00    0.00   49.34
15:19:41     all   35.94    0.00   14.51    0.00    0.00    0.00    0.00    0.00    0.00   49.55
15:19:42     all   35.38    0.00   15.26    0.00    0.00    0.01    0.00    0.00    0.00   49.35
15:19:43     all   37.81    0.00   13.54    0.00    0.00    0.01    0.00    0.00    0.00   48.64
15:19:44     all   34.50    0.00   16.02    0.00    0.00    0.01    0.00    0.00    0.00   49.47
15:19:45     all   35.46    0.00   15.13    0.00    0.00    0.00    0.00    0.00    0.00   49.41
15:19:46     all   34.78    0.00   15.88    0.00    0.00    0.00    0.00    0.00    0.00   49.34
15:19:47     all   35.18    0.00   15.15    0.00    0.00    0.00    0.00    0.00    0.00   49.67
15:19:48     all   35.97    0.00   15.45    0.00    0.00    0.01    0.00    0.00    0.00   48.57
15:19:49     all   34.64    0.00   16.11    0.00    0.00    0.00    0.00    0.00    0.00   49.25
15:19:50     all   36.23    0.00   14.20    0.00    0.00    0.01    0.00    0.00    0.00   49.55
15:19:51     all   35.43    0.00   15.29    0.00    0.00    0.00    0.00    0.00    0.00   49.28
15:19:52     all   36.37    0.00   15.81    0.00    0.00    0.00    0.00    0.00    0.00   47.82
15:19:53     all   35.87    0.01   15.62    0.00    0.00    0.04    0.00    0.00    0.00   48.45
15:19:54     all   37.39    0.00   16.18    0.00    0.00    0.00    0.00    0.00    0.00   46.43
15:19:55     all   37.38    0.00   14.31    0.00    0.00    0.00    0.00    0.00    0.00   48.31
15:19:56     all   38.30    0.00   12.60    0.00    0.00    0.01    0.00    0.00    0.00   49.08
15:19:57     all   36.76    0.00   14.66    0.00    0.00    0.00    0.00    0.00    0.00   48.58
15:19:58     all   35.80    0.00   14.64    0.00    0.00    0.00    0.00    0.00    0.00   49.56
15:19:59     all   36.25    0.00   14.64    0.00    0.00    0.00    0.00    0.00    0.00   49.11
15:20:00     all   35.06    0.01   15.67    0.00    0.00    0.00    0.00    0.00    0.00   49.26
15:20:01     all   34.52    0.00   15.84    0.00    0.00    0.00    0.00    0.00    0.00   49.64
15:20:02     all   37.48    0.00   16.83    0.00    0.00    0.01    0.00    0.00    0.00   45.68
15:20:03     all   35.64    0.00   16.33    0.00    0.00    0.00    0.00    0.00    0.00   48.03
15:20:04     all   37.30    0.00   15.61    0.00    0.00    0.00    0.00    0.00    0.00   47.10
15:20:05     all   34.97    0.00   15.74    0.00    0.00    0.00    0.00    0.00    0.00   49.28
15:20:06     all   34.35    0.00   16.37    0.00    0.00    0.00    0.00    0.00    0.00   49.28
15:20:07     all   33.42    0.00   17.02    0.00    0.00    0.00    0.00    0.00    0.00   49.56
15:20:08     all   36.43    0.00   14.36    0.00    0.00    0.01    0.00    0.00    0.00   49.20
15:20:09     all   35.08    0.00   15.68    0.00    0.00    0.00    0.00    0.00    0.00   49.24
15:20:10     all   35.43    0.00   15.22    0.00    0.00    0.00    0.00    0.00    0.00   49.35
15:20:11     all   34.45    0.01   16.31    0.01    0.00    0.00    0.00    0.00    0.00   49.21
15:20:12     all   35.29    0.00   15.11    0.00    0.00    0.00    0.00    0.00    0.00   49.60
15:20:13     all   34.28    0.00   16.51    0.01    0.00    0.01    0.00    0.00    0.00   49.19
15:20:14     all   33.44    0.01   17.33    0.00    0.00    0.00    0.00    0.00    0.00   49.21
15:20:15     all   32.48    0.00   18.23    0.00    0.00    0.01    0.00    0.00    0.00   49.28
15:20:16     all   33.97    0.00   16.83    0.00    0.00    0.00    0.00    0.00    0.00   49.19
15:20:17     all   35.19    0.00   16.97    0.00    0.00    0.01    0.00    0.00    0.00   47.82
15:20:18     all   33.70    0.00   17.67    0.00    0.00    0.00    0.00    0.00    0.00   48.62
15:20:19     all   35.06    0.00   15.60    0.00    0.00    0.00    0.00    0.00    0.00   49.35
15:20:20     all   31.63    0.00   19.16    0.00    0.00    0.00    0.00    0.00    0.00   49.21
15:20:21     all   32.39    0.00   18.10    0.00    0.00    0.00    0.00    0.00    0.00   49.51
15:20:22     all   32.31    0.00   18.44    0.00    0.00    0.03    0.00    0.00    0.00   49.22
15:20:23     all   31.17    0.00   19.26    0.00    0.00    0.00    0.00    0.00    0.00   49.57
15:20:24     all   32.92    0.00   17.65    0.00    0.00    0.00    0.00    0.00    0.00   49.44
15:20:25     all   32.31    0.00   18.55    0.00    0.00    0.03    0.00    0.00    0.00   49.10
15:20:26     all   33.37    0.00   17.09    0.00    0.00    0.00    0.00    0.00    0.00   49.54
15:20:27     all   32.05    0.00   18.76    0.00    0.00    0.00    0.00    0.00    0.00   49.19
15:20:28     all   34.73    0.00   16.42    0.00    0.00    0.01    0.00    0.00    0.00   48.84
15:20:29     all   33.94    0.00   17.01    0.00    0.00    0.00    0.00    0.00    0.00   49.06
15:20:30     all   33.76    0.00   17.22    0.00    0.00    0.00    0.00    0.00    0.00   49.03
15:20:31     all   32.73    0.00   18.04    0.00    0.00    0.00    0.00    0.00    0.00   49.23
15:20:32     all   34.81    0.00   15.52    0.00    0.00    0.00    0.00    0.00    0.00   49.67
15:20:33     all   33.69    0.00   16.90    0.00    0.00    0.01    0.00    0.00    0.00   49.40
15:20:34     all   34.38    0.00   16.35    0.00    0.00    0.00    0.00    0.00    0.00   49.27
15:20:35     all   33.93    0.00   16.73    0.00    0.00    0.00    0.00    0.00    0.00   49.34
15:20:36     all   36.07    0.00   16.20    0.00    0.00    0.01    0.00    0.00    0.00   47.71
15:20:37     all   35.22    0.00   15.66    0.00    0.00    0.00    0.00    0.00    0.00   49.12
15:20:38     all   34.99    0.00   15.64    0.00    0.00    0.03    0.00    0.00    0.00   49.35
15:20:39     all   34.70    0.00   16.08    0.00    0.00    0.01    0.00    0.00    0.00   49.21
15:20:40     all   35.30    0.00   16.30    0.00    0.00    0.00    0.00    0.00    0.00   48.40
15:20:41     all   36.07    0.00   16.02    0.00    0.00    0.00    0.00    0.00    0.00   47.91
15:20:42     all   34.23    0.00   16.52    0.00    0.00    0.00    0.00    0.00    0.00   49.25
15:20:43     all   35.95    0.00   15.75    0.00    0.00    0.01    0.00    0.00    0.00   48.29
15:20:44     all   34.87    0.00   16.79    0.00    0.00    0.00    0.00    0.00    0.00   48.34
15:20:45     all   33.30    0.00   17.27    0.00    0.00    0.01    0.00    0.00    0.00   49.42
15:20:46     all   33.99    0.00   16.89    0.00    0.00    0.00    0.00    0.00    0.00   49.12
15:20:47     all   33.53    0.00   17.27    0.00    0.00    0.00    0.00    0.00    0.00   49.20
15:20:48     all   33.77    0.00   16.88    0.00    0.00    0.00    0.00    0.00    0.00   49.35
15:20:49     all   34.40    0.00   16.16    0.00    0.00    0.01    0.00    0.00    0.00   49.43
15:20:50     all   34.79    0.00   15.96    0.00    0.00    0.00    0.00    0.00    0.00   49.24
15:20:51     all   34.65    0.00   16.03    0.00    0.00    0.00    0.00    0.00    0.00   49.33
15:20:52     all   36.14    0.00   14.84    0.00    0.00    0.01    0.00    0.00    0.00   49.00
15:20:53     all   34.96    0.00   15.82    0.00    0.00    0.00    0.00    0.00    0.00   49.21
15:20:54     all   34.77    0.00   15.74    0.00    0.00    0.00    0.00    0.00    0.00   49.49
15:20:55     all   34.41    0.00   16.42    0.00    0.00    0.00    0.00    0.00    0.00   49.17
15:20:56     all   35.43    0.00   15.73    0.00    0.00    0.00    0.00    0.00    0.00   48.84
15:20:57     all   34.95    0.00   16.36    0.00    0.00    0.01    0.00    0.00    0.00   48.68
15:20:58     all   32.45    0.00   19.07    0.00    0.00    0.01    0.00    0.00    0.00   48.46
15:20:59     all   33.98    0.00   17.00    0.00    0.00    0.00    0.00    0.00    0.00   49.01
15:21:00     all   33.03    0.00   18.02    0.00    0.00    0.00    0.00    0.00    0.00   48.95
15:21:01     all   35.01    0.00   16.87    0.00    0.00    0.00    0.00    0.00    0.00   48.12
15:21:02     all   35.67    0.00   17.92    0.00    0.00    0.01    0.00    0.00    0.00   46.40
15:21:03     all   35.81    0.00   17.88    0.00    0.00    0.01    0.00    0.00    0.00   46.29
15:21:04     all   36.17    0.00   17.99    0.00    0.00    0.00    0.00    0.00    0.00   45.85
15:21:05     all   35.09    0.00   16.84    0.00    0.00    0.01    0.00    0.00    0.00   48.06
15:21:06     all   34.97    0.00   17.04    0.00    0.00    0.03    0.00    0.00    0.00   47.96
15:21:07     all   35.32    0.01   17.11    0.00    0.00    0.01    0.00    0.00    0.00   47.53
15:21:08     all   34.60    1.20   16.27    0.00    0.00    0.00    0.00    0.00    0.00   47.93
15:21:09     all   35.36    1.27   15.50    0.00    0.00    0.01    0.00    0.00    0.00   47.86
15:21:10     all   33.89    1.28   16.83    0.00    0.00    0.00    0.00    0.00    0.00   48.00
15:21:11     all   31.73    1.24   18.80    0.00    0.00    0.00    0.00    0.00    0.00   48.23
15:21:12     all   33.46    0.77   18.20    0.00    0.00    0.01    0.00    0.00    0.00   47.56
15:21:13     all   34.66    1.31   16.08    0.03    0.00    0.00    0.00    0.00    0.00   47.92
15:21:14     all   32.96    1.39   17.72    0.00    0.00    0.01    0.00    0.00    0.00   47.92
15:21:15     all   33.64    1.39   17.30    0.00    0.00    0.00    0.00    0.00    0.00   47.67
15:21:16     all   33.52    1.28   16.98    0.00    0.00    0.00    0.00    0.00    0.00   48.22
15:21:17     all   33.30    1.21   17.98    0.01    0.00    0.01    0.00    0.00    0.00   47.48
15:21:18     all   32.20    1.33   18.66    0.00    0.00    0.00    0.00    0.00    0.00   47.81
15:21:19     all   33.43    1.13   17.23    0.00    0.00    0.00    0.00    0.00    0.00   48.21
15:21:20     all   32.25    1.19   18.62    0.00    0.00    0.00    0.00    0.00    0.00   47.94
15:21:21     all   33.62    0.25   18.16    0.00    0.00    0.01    0.00    0.00    0.00   47.96
15:21:22     all   36.44    0.00   15.58    0.00    0.00    0.00    0.00    0.00    0.00   47.98
15:21:23     all   34.09    0.00   18.19    0.00    0.00    0.00    0.00    0.00    0.00   47.72
15:21:24     all   34.07    0.00   17.88    0.00    0.00    0.00    0.00    0.00    0.00   48.05
15:21:25     all   35.87    0.00   17.41    0.00    0.00    0.01    0.00    0.00    0.00   46.71
15:21:26     all   36.71    0.00   16.69    0.00    0.00    0.01    0.00    0.00    0.00   46.59
15:21:27     all   36.69    0.00   16.54    0.00    0.00    0.00    0.00    0.00    0.00   46.77
15:21:28     all   34.77    0.00   18.19    0.00    0.00    0.00    0.00    0.00    0.00   47.04
15:21:29     all   35.22    0.00   16.97    0.00    0.00    0.00    0.00    0.00    0.00   47.81
15:21:30     all   34.31    0.00   20.59    0.07    0.00    0.03    0.00    0.00    0.00   45.00
15:21:31     all   35.73    0.00   18.73    0.00    0.00    0.01    0.00    0.00    0.00   45.53
15:21:32     all   34.79    0.00   19.86    0.00    0.00    0.01    0.00    0.00    0.00   45.34
15:21:33     all   34.04    0.03   18.25    0.00    0.00    0.00    0.00    0.00    0.00   47.68
15:21:34     all   32.20    0.00   18.50    0.00    0.00    0.01    0.00    0.00    0.00   49.28
15:21:35     all   31.67    0.00   18.88    0.01    0.00    0.00    0.00    0.00    0.00   49.44
15:21:36     all   33.54    0.00   16.90    0.00    0.00    0.01    0.00    0.00    0.00   49.55
15:21:37     all   32.80    0.00   18.04    0.01    0.00    0.03    0.00    0.00    0.00   49.12
15:21:38     all   31.53    0.00   19.52    0.00    0.00    0.00    0.00    0.00    0.00   48.96
15:21:39     all   31.91    0.00   20.06    0.00    0.00    0.00    0.00    0.00    0.00   48.03
15:21:40     all   32.58    0.00   18.58    0.00    0.00    0.00    0.00    0.00    0.00   48.84
15:21:41     all   32.83    0.00   17.56    0.01    0.00    0.00    0.00    0.00    0.00   49.60
15:21:42     all   33.47    0.00   17.42    0.00    0.00    0.00    0.00    0.00    0.00   49.11
15:21:43     all   33.64    0.00   17.29    0.00    0.00    0.01    0.00    0.00    0.00   49.05
15:21:44     all   32.44    0.00   17.92    0.00    0.00    0.00    0.00    0.00    0.00   49.64
15:21:45     all   32.98    0.00   17.72    0.00    0.00    0.00    0.00    0.00    0.00   49.30
15:21:46     all   32.00    0.00   18.73    0.00    0.00    0.00    0.00    0.00    0.00   49.27
15:21:47     all   32.13    0.00   18.50    0.00    0.00    0.00    0.00    0.00    0.00   49.37
15:21:48     all   32.24    0.00   19.08    0.00    0.00    0.00    0.00    0.00    0.00   48.69
15:21:49     all   32.74    0.00   18.79    0.00    0.00    0.01    0.00    0.00    0.00   48.45
15:21:50     all   32.77    0.00   19.11    0.00    0.00    0.01    0.00    0.00    0.00   48.11
15:21:51     all   34.43    0.00   16.89    0.00    0.00    0.00    0.00    0.00    0.00   48.68
15:21:52     all   29.73    0.00   20.70    0.00    0.00    0.00    0.00    0.00    0.00   49.57
15:21:53     all   31.98    0.00   18.77    0.00    0.00    0.00    0.00    0.00    0.00   49.25
15:21:54     all   31.34    0.00   19.50    0.00    0.00    0.00    0.00    0.00    0.00   49.15
15:21:55     all   31.60    0.00   18.75    0.00    0.00    0.00    0.00    0.00    0.00   49.65
15:21:56     all   32.31    0.00   18.45    0.00    0.00    0.01    0.00    0.00    0.00   49.22
15:21:57     all   31.16    0.00   19.50    0.00    0.00    0.00    0.00    0.00    0.00   49.34
15:21:58     all   31.53    0.00   19.22    0.00    0.00    0.00    0.00    0.00    0.00   49.25
15:21:59     all   29.55    0.00   21.42    0.00    0.00    0.01    0.00    0.00    0.00   49.01
15:22:00     all   32.89    0.00   18.81    0.00    0.00    0.00    0.00    0.00    0.00   48.30
15:22:01     all   32.93    0.00   18.43    0.00    0.00    0.00    0.00    0.00    0.00   48.64
15:22:02     all   32.47    0.00   18.17    0.00    0.00    0.03    0.00    0.00    0.00   49.34
15:22:03     all   33.72    0.00   16.93    0.00    0.00    0.00    0.00    0.00    0.00   49.35
15:22:04     all   34.19    0.00   17.17    0.00    0.00    0.00    0.00    0.00    0.00   48.64
15:22:05     all   31.81    0.00   19.19    0.00    0.00    0.00    0.00    0.00    0.00   49.00
15:22:06     all   31.17    0.00   19.26    0.00    0.00    0.00    0.00    0.00    0.00   49.57
15:22:07     all   34.03    0.00   16.70    0.00    0.00    0.01    0.00    0.00    0.00   49.26
15:22:08     all   32.44    0.00   18.17    0.00    0.00    0.01    0.00    0.00    0.00   49.37
15:22:09     all   32.51    0.00   18.16    0.00    0.00    0.00    0.00    0.00    0.00   49.33
15:22:10     all   32.47    0.00   18.32    0.00    0.00    0.00    0.00    0.00    0.00   49.22
15:22:11     all   32.24    0.00   18.61    0.00    0.00    0.00    0.00    0.00    0.00   49.15
15:22:12     all   32.30    0.00   18.41    0.00    0.00    0.01    0.00    0.00    0.00   49.28
15:22:13     all   32.92    0.00   19.36    0.00    0.00    0.01    0.00    0.00    0.00   47.70
15:22:14     all   32.94    0.01   18.10    0.00    0.00    0.01    0.00    0.00    0.00   48.92
15:22:15     all   34.43    0.00   16.41    0.00    0.00    0.03    0.00    0.00    0.00   49.14
15:22:16     all   33.80    0.00   17.50    0.00    0.00    0.00    0.00    0.00    0.00   48.71
15:22:17     all   32.74    0.00   18.83    0.00    0.00    0.00    0.00    0.00    0.00   48.43
15:22:18     all   30.41    0.00   20.32    0.00    0.00    0.00    0.00    0.00    0.00   49.28
15:22:19     all   33.52    0.00   17.44    0.00    0.00    0.01    0.00    0.00    0.00   49.02
15:22:20     all   34.30    0.00   16.84    0.00    0.00    0.00    0.00    0.00    0.00   48.87
15:22:21     all   34.99    0.00   16.00    0.00    0.00    0.00    0.00    0.00    0.00   49.02
15:22:22     all   32.39    0.00   18.07    0.00    0.00    0.00    0.00    0.00    0.00   49.54
15:22:23     all   33.27    0.00   18.40    0.00    0.00    0.01    0.00    0.00    0.00   48.31
15:22:24     all   34.01    0.00   16.70    0.00    0.00    0.00    0.00    0.00    0.00   49.30
15:22:25     all   34.38    0.01   16.35    0.00    0.00    0.00    0.00    0.00    0.00   49.26
15:22:26     all   31.76    0.00   18.93    0.00    0.00    0.00    0.00    0.00    0.00   49.30
15:22:27     all   32.11    0.00   18.55    0.00    0.00    0.01    0.00    0.00    0.00   49.33
15:22:28     all   33.31    0.00   17.07    0.00    0.00    0.00    0.00    0.00    0.00   49.61
15:22:29     all   31.47    0.00   19.07    0.00    0.00    0.00    0.00    0.00    0.00   49.46
15:22:30     all   34.63    0.00   16.27    0.00    0.00    0.00    0.00    0.00    0.00   49.10
15:22:31     all   33.15    0.00   17.22    0.00    0.00    0.00    0.00    0.00    0.00   49.63
15:22:32     all   33.64    0.00   17.20    0.00    0.00    0.01    0.00    0.00    0.00   49.15
15:22:33     all   31.42    0.00   19.13    0.00    0.00    0.00    0.00    0.00    0.00   49.45
15:22:34     all   32.12    0.00   18.40    0.00    0.00    0.00    0.00    0.00    0.00   49.48
15:22:35     all   32.59    0.00   18.66    0.00    0.00    0.01    0.00    0.00    0.00   48.74
15:22:36     all   35.06    0.00   16.99    0.00    0.00    0.00    0.00    0.00    0.00   47.95
15:22:37     all   33.29    0.00   18.14    0.00    0.00    0.00    0.00    0.00    0.00   48.57
15:22:38     all   33.24    0.00   17.48    0.00    0.00    0.00    0.00    0.00    0.00   49.28
15:22:39     all   31.50    0.00   18.99    0.00    0.00    0.01    0.00    0.00    0.00   49.49
15:22:40     all   33.96    0.00   16.81    0.00    0.00    0.01    0.00    0.00    0.00   49.22
15:22:41     all   32.62    0.00   18.52    0.00    0.00    0.00    0.00    0.00    0.00   48.86
15:22:42     all   32.10    0.00   19.56    0.00    0.00    0.00    0.00    0.00    0.00   48.35
15:22:43     all   33.44    0.00   17.77    0.00    0.00    0.01    0.00    0.00    0.00   48.78
15:22:44     all   32.91    0.00   17.67    0.00    0.00    0.00    0.00    0.00    0.00   49.42
15:22:45     all   31.65    0.00   18.90    0.00    0.00    0.00    0.00    0.00    0.00   49.45
15:22:46     all   32.50    0.00   18.68    0.00    0.00    0.00    0.00    0.00    0.00   48.82
15:22:47     all   32.99    0.00   17.51    0.03    0.00    0.00    0.00    0.00    0.00   49.47
15:22:48     all   31.54    0.00   19.26    0.00    0.00    0.01    0.00    0.00    0.00   49.19
15:22:49     all   33.41    0.00   17.43    0.00    0.00    0.00    0.00    0.00    0.00   49.16
15:22:50     all   32.24    0.00   18.15    0.00    0.00    0.00    0.00    0.00    0.00   49.61
15:22:51     all   34.19    0.00   17.04    0.00    0.00    0.00    0.00    0.00    0.00   48.78
15:22:52     all   34.22    0.00   16.83    0.00    0.00    0.01    0.00    0.00    0.00   48.93
15:22:53     all   33.76    0.00   17.07    0.00    0.00    0.00    0.00    0.00    0.00   49.17
15:22:54     all   35.00    0.00   15.80    0.00    0.00    0.00    0.00    0.00    0.00   49.20
15:22:55     all   34.28    0.00   16.31    0.00    0.00    0.00    0.00    0.00    0.00   49.41
15:22:56     all   30.93    0.00   19.66    0.00    0.00    0.01    0.00    0.00    0.00   49.40
15:22:57     all   32.98    0.00   18.20    0.00    0.00    0.00    0.00    0.00    0.00   48.82
15:22:58     all   34.03    0.00   17.93    0.00    0.00    0.00    0.00    0.00    0.00   48.03
15:22:59     all   32.43    0.00   19.68    0.00    0.00    0.00    0.00    0.00    0.00   47.89
15:23:00     all   31.44    0.00   19.59    0.00    0.00    0.01    0.00    0.00    0.00   48.96
15:23:01     all   31.99    0.00   18.80    0.00    0.00    0.00    0.00    0.00    0.00   49.21
15:23:02     all   33.64    0.00   17.08    0.00    0.00    0.03    0.00    0.00    0.00   49.25
15:23:03     all   31.39    0.00   20.04    0.00    0.00    0.01    0.00    0.00    0.00   48.56
15:23:04     all   31.59    0.00   19.54    0.00    0.00    0.00    0.00    0.00    0.00   48.87
15:23:05     all   32.80    0.00   17.82    0.00    0.00    0.00    0.00    0.00    0.00   49.38
15:23:06     all   34.98    0.00   15.71    0.00    0.00    0.00    0.00    0.00    0.00   49.31
15:23:07     all   33.75    0.00   17.35    0.00    0.00    0.00    0.00    0.00    0.00   48.91
15:23:08     all   32.97    0.00   18.10    0.00    0.00    0.00    0.00    0.00    0.00   48.92
15:23:09     all   32.41    0.00   18.84    0.00    0.00    0.01    0.00    0.00    0.00   48.74
15:23:10     all   32.88    0.00   17.34    0.00    0.00    0.00    0.00    0.00    0.00   49.78
15:23:11     all   32.93    0.00   17.87    0.00    0.00    0.00    0.00    0.00    0.00   49.20
15:23:12     all   31.63    0.00   19.28    0.00    0.00    0.00    0.00    0.00    0.00   49.09
15:23:13     all   31.13    0.00   19.44    0.00    0.00    0.00    0.00    0.00    0.00   49.42
15:23:14     all   35.08    0.00   15.62    0.00    0.00    0.01    0.00    0.00    0.00   49.28
15:23:15     all   33.18    0.00   17.30    0.00    0.00    0.00    0.00    0.00    0.00   49.51
15:23:16     all   33.23    0.00   17.27    0.00    0.00    0.00    0.00    0.00    0.00   49.51
15:23:17     all   32.51    0.00   18.48    0.00    0.00    0.01    0.00    0.00    0.00   49.00
15:23:18     all   31.52    0.00   18.90    0.00    0.00    0.01    0.00    0.00    0.00   49.57
15:23:19     all   32.44    0.00   18.23    0.00    0.00    0.00    0.00    0.00    0.00   49.33
15:23:20     all   32.81    0.00   18.15    0.00    0.00    0.00    0.00    0.00    0.00   49.03
15:23:21     all   33.25    0.00   17.24    0.00    0.00    0.00    0.00    0.00    0.00   49.51
15:23:22     all   34.35    0.00   17.58    0.00    0.00    0.00    0.00    0.00    0.00   48.07
15:23:23     all   31.19    0.00   20.59    0.00    0.00    0.01    0.00    0.00    0.00   48.21
15:23:24     all   30.94    0.00   19.49    0.00    0.00    0.00    0.00    0.00    0.00   49.57
15:23:25     all   30.17    0.00   21.00    0.00    0.00    0.00    0.00    0.00    0.00   48.83
15:23:26     all   33.47    0.00   17.21    0.00    0.00    0.00    0.00    0.00    0.00   49.32
15:23:27     all   33.19    0.00   17.27    0.00    0.00    0.00    0.00    0.00    0.00   49.55
15:23:28     all   30.43    0.00   20.53    0.00    0.00    0.01    0.00    0.00    0.00   49.03
15:23:29     all   30.86    0.00   19.58    0.00    0.00    0.00    0.00    0.00    0.00   49.56
15:23:30     all   34.11    0.00   16.36    0.00    0.00    0.00    0.00    0.00    0.00   49.53
15:23:31     all   34.28    0.00   16.54    0.00    0.00    0.01    0.00    0.00    0.00   49.17
15:23:32     all   33.27    0.00   17.35    0.00    0.00    0.00    0.00    0.00    0.00   49.38
15:23:33     all   32.95    0.03   18.08    0.00    0.00    0.00    0.00    0.00    0.00   48.94
15:23:34     all   29.65    0.00   21.07    0.00    0.00    0.00    0.00    0.00    0.00   49.28
15:23:35     all   33.76    0.00   16.54    0.00    0.00    0.00    0.00    0.00    0.00   49.71
15:23:36     all   33.15    0.00   17.58    0.00    0.00    0.01    0.00    0.00    0.00   49.26
15:23:37     all   33.08    0.00   17.57    0.00    0.00    0.01    0.00    0.00    0.00   49.34
15:23:38     all   34.35    0.00   16.55    0.00    0.00    0.00    0.00    0.00    0.00   49.10
15:23:39     all   33.36    0.00   17.67    0.00    0.00    0.01    0.00    0.00    0.00   48.96
15:23:40     all   34.64    0.00   16.89    0.00    0.00    0.00    0.00    0.00    0.00   48.47
15:23:41     all   33.75    0.00   17.36    0.00    0.00    0.01    0.00    0.00    0.00   48.88
15:23:42     all   31.58    0.00   19.10    0.00    0.00    0.00    0.00    0.00    0.00   49.32
15:23:43     all   31.79    0.00   19.27    0.00    0.00    0.01    0.00    0.00    0.00   48.92
15:23:44     all   34.39    0.00   16.33    0.00    0.00    0.00    0.00    0.00    0.00   49.28
15:23:45     all   35.54    0.00   17.14    0.00    0.00    0.01    0.00    0.00    0.00   47.30
15:23:46     all   34.93    0.00   17.30    0.00    0.00    0.00    0.00    0.00    0.00   47.77
15:23:47     all   33.32    0.00   17.42    0.00    0.00    0.01    0.00    0.00    0.00   49.24
15:23:48     all   32.76    0.01   17.96    0.00    0.00    0.00    0.00    0.00    0.00   49.26
15:23:49     all   34.10    0.00   17.19    0.00    0.00    0.01    0.00    0.00    0.00   48.69
15:23:50     all   33.51    0.00   18.27    0.00    0.00    0.00    0.00    0.00    0.00   48.21
15:23:51     all   31.56    0.00   19.01    0.00    0.00    0.00    0.00    0.00    0.00   49.43
15:23:52     all   32.51    0.00   17.91    0.00    0.00    0.01    0.00    0.00    0.00   49.56
15:23:53     all   34.95    0.00   15.82    0.00    0.00    0.01    0.00    0.00    0.00   49.21
15:23:54     all   33.24    0.00   17.88    0.00    0.00    0.01    0.00    0.00    0.00   48.87
15:23:55     all   31.05    0.00   19.47    0.00    0.00    0.00    0.00    0.00    0.00   49.49
15:23:56     all   33.81    0.00   16.85    0.00    0.00    0.01    0.00    0.00    0.00   49.33
15:23:57     all   34.32    0.00   16.44    0.00    0.00    0.00    0.00    0.00    0.00   49.24
15:23:58     all   31.29    0.00   19.77    0.00    0.00    0.00    0.00    0.00    0.00   48.94
15:23:59     all   35.12    0.00   15.94    0.00    0.00    0.00    0.00    0.00    0.00   48.93
15:24:00     all   33.96    0.00   16.40    0.00    0.00    0.00    0.00    0.00    0.00   49.64
15:24:01     all   32.94    0.00   17.90    0.00    0.00    0.00    0.00    0.00    0.00   49.15
15:24:02     all   34.45    0.00   16.58    0.00    0.00    0.00    0.00    0.00    0.00   48.98
15:24:03     all   30.16    0.00   20.07    0.00    0.00    0.01    0.00    0.00    0.00   49.75
15:24:04     all   35.39    0.00   15.92    0.00    0.00    0.01    0.00    0.00    0.00   48.68
15:24:05     all   31.59    0.00   19.05    0.00    0.00    0.01    0.00    0.00    0.00   49.35
15:24:06     all   34.76    0.00   16.92    0.00    0.00    0.00    0.00    0.00    0.00   48.32
15:24:07     all   35.26    0.00   16.36    0.00    0.00    0.01    0.00    0.00    0.00   48.36
15:24:08     all   29.10    0.00   22.25    0.00    0.00    0.01    0.00    0.00    0.00   48.64
15:24:09     all   29.13    0.00   21.91    0.00    0.00    0.00    0.00    0.00    0.00   48.96
15:24:10     all   29.45    0.00   21.29    0.00    0.00    0.00    0.00    0.00    0.00   49.26
15:24:11     all   30.14    0.00   20.68    0.00    0.00    0.00    0.00    0.00    0.00   49.18
15:24:12     all   30.49    0.00   20.21    0.00    0.00    0.01    0.00    0.00    0.00   49.28
15:24:13     all   29.77    0.00   21.38    0.01    0.00    0.00    0.00    0.00    0.00   48.83
15:24:14     all   31.81    0.00   18.58    0.00    0.00    0.00    0.00    0.00    0.00   49.61
15:24:15     all   31.35    0.00   19.43    0.00    0.00    0.00    0.00    0.00    0.00   49.22
15:24:16     all   31.57    0.00   19.02    0.00    0.00    0.01    0.00    0.00    0.00   49.39
15:24:17     all   31.11    0.00   18.97    0.00    0.00    0.00    0.00    0.00    0.00   49.92
15:24:18     all   32.44    0.00   18.17    0.00    0.00    0.00    0.00    0.00    0.00   49.39
15:24:19     all   32.46    0.00   18.14    0.00    0.00    0.00    0.00    0.00    0.00   49.40
15:24:20     all   29.54    0.00   21.07    0.00    0.00    0.01    0.00    0.00    0.00   49.37
15:24:21     all   31.88    0.00   18.78    0.00    0.00    0.00    0.00    0.00    0.00   49.33
15:24:22     all   31.55    0.00   18.83    0.00    0.00    0.00    0.00    0.00    0.00   49.62
15:24:23     all   31.43    0.00   19.27    0.00    0.00    0.00    0.00    0.00    0.00   49.30
15:24:24     all   30.93    0.00   19.79    0.00    0.00    0.01    0.00    0.00    0.00   49.27
15:24:25     all   30.41    0.00   20.33    0.00    0.00    0.00    0.00    0.00    0.00   49.26
15:24:26     all   31.68    0.00   18.95    0.00    0.00    0.00    0.00    0.00    0.00   49.37
15:24:27     all   30.65    0.00   19.96    0.00    0.00    0.00    0.00    0.00    0.00   49.39
15:24:28     all   31.28    0.00   19.52    0.00    0.00    0.00    0.00    0.00    0.00   49.20
15:24:29     all   31.04    0.00   20.27    0.00    0.00    0.01    0.00    0.00    0.00   48.68
15:24:30     all   30.55    0.00   20.46    0.00    0.00    0.00    0.00    0.00    0.00   48.99
15:24:31     all   32.30    0.00   19.58    0.00    0.00    0.00    0.00    0.00    0.00   48.12
15:24:32     all   30.44    0.00   20.82    0.00    0.00    0.01    0.00    0.00    0.00   48.72
15:24:33     all   30.64    0.00   19.64    0.00    0.00    0.00    0.00    0.00    0.00   49.71
15:24:34     all   30.10    0.01   20.27    0.00    0.00    0.01    0.00    0.00    0.00   49.60
15:24:35     all   28.66    0.00   22.01    0.00    0.00    0.00    0.00    0.00    0.00   49.33
15:24:36     all   29.49    0.00   21.01    0.00    0.00    0.00    0.00    0.00    0.00   49.50
15:24:37     all   30.48    0.00   19.96    0.00    0.00    0.00    0.00    0.00    0.00   49.55
15:24:38     all   29.04    0.00   21.46    0.00    0.00    0.00    0.00    0.00    0.00   49.49
15:24:39     all   29.32    0.00   20.88    0.00    0.00    0.00    0.00    0.00    0.00   49.81
15:24:40     all   29.48    0.00   21.18    0.00    0.00    0.01    0.00    0.00    0.00   49.32
15:24:41     all   29.68    0.00   20.90    0.00    0.00    0.00    0.00    0.00    0.00   49.42
15:24:42     all   27.95    0.00   22.03    0.00    0.00    0.00    0.00    0.00    0.00   50.02
15:24:43     all   29.53    0.00   21.05    0.00    0.00    0.00    0.00    0.00    0.00   49.42
15:24:44     all   31.06    0.00   19.76    0.00    0.00    0.00    0.00    0.00    0.00   49.19
15:24:45     all   30.27    0.00   20.16    0.00    0.00    0.00    0.00    0.00    0.00   49.56
15:24:46     all   31.62    0.00   18.89    0.00    0.00    0.01    0.00    0.00    0.00   49.47
15:24:47     all   32.45    0.00   17.91    0.00    0.00    0.00    0.00    0.00    0.00   49.64
15:24:48     all   34.00    0.00   16.73    0.00    0.00    0.01    0.00    0.00    0.00   49.26
15:24:49     all   33.02    0.00   18.60    0.00    0.00    0.00    0.00    0.00    0.00   48.38
15:24:50     all   31.85    0.00   18.59    0.00    0.00    0.00    0.00    0.00    0.00   49.56
15:24:51     all   33.84    0.00   16.81    0.00    0.00    0.00    0.00    0.00    0.00   49.35
15:24:52     all   31.05    0.00   19.52    0.00    0.00    0.01    0.00    0.00    0.00   49.42
15:24:53     all   31.01    0.00   19.51    0.00    0.00    0.00    0.00    0.00    0.00   49.48
15:24:54     all   31.03    0.00   20.63    0.00    0.00    0.00    0.00    0.00    0.00   48.34
15:24:55     all   31.50    0.00   19.40    0.00    0.00    0.01    0.00    0.00    0.00   49.09
15:24:56     all   30.57    0.00   20.00    0.00    0.00    0.00    0.00    0.00    0.00   49.43
15:24:57     all   28.85    0.00   22.22    0.00    0.00    0.00    0.00    0.00    0.00   48.93
15:24:58     all   31.37    0.00   19.34    0.00    0.00    0.00    0.00    0.00    0.00   49.29
15:24:59     all   29.97    0.00   20.45    0.00    0.00    0.00    0.00    0.00    0.00   49.58
15:25:00     all   30.01    0.00   20.15    0.00    0.00    0.01    0.00    0.00    0.00   49.83
15:25:01     all   31.55    0.00   18.77    0.00    0.00    0.01    0.00    0.00    0.00   49.67
15:25:02     all   34.38    0.00   18.74    0.00    0.00    0.00    0.00    0.00    0.00   46.87
15:25:03     all   33.42    0.00   18.45    0.00    0.00    0.01    0.00    0.00    0.00   48.12
15:25:04     all   33.88    0.00   18.83    0.01    0.00    0.03    0.00    0.00    0.00   47.25
15:25:05     all   32.30    0.00   18.02    0.00    0.00    0.00    0.00    0.00    0.00   49.68
15:25:06     all   32.55    0.00   18.01    0.00    0.00    0.03    0.00    0.00    0.00   49.42
15:25:07     all   32.79    0.00   17.95    0.00    0.00    0.00    0.00    0.00    0.00   49.26
15:25:08     all   32.93    0.00   17.84    0.00    0.00    0.00    0.00    0.00    0.00   49.23
15:25:09     all   33.38    0.00   18.12    0.00    0.00    0.01    0.00    0.00    0.00   48.48
15:25:10     all   34.35    0.00   16.69    0.00    0.00    0.01    0.00    0.00    0.00   48.95
15:25:11     all   33.55    0.00   17.02    0.00    0.00    0.00    0.00    0.00    0.00   49.43
15:25:12     all   32.86    0.00   17.86    0.00    0.00    0.00    0.00    0.00    0.00   49.28
15:25:13     all   32.38    0.00   17.93    0.00    0.00    0.01    0.00    0.00    0.00   49.67
15:25:14     all   32.84    0.00   17.84    0.00    0.00    0.01    0.00    0.00    0.00   49.30
15:25:15     all   32.84    0.00   17.67    0.00    0.00    0.01    0.00    0.00    0.00   49.47
15:25:16     all   30.05    0.01   19.83    0.00    0.00    0.01    0.00    0.00    0.00   50.09
15:25:17     all   34.89    0.00   16.79    0.00    0.00    0.00    0.00    0.00    0.00   48.32
15:25:18     all   33.22    0.00   18.45    0.00    0.00    0.00    0.00    0.00    0.00   48.33
15:25:19     all   31.64    0.00   18.76    0.00    0.00    0.01    0.00    0.00    0.00   49.59
15:25:20     all   30.94    0.00   19.59    0.00    0.00    0.00    0.00    0.00    0.00   49.47
15:25:21     all   32.74    0.00   17.64    0.00    0.00    0.00    0.00    0.00    0.00   49.62
15:25:22     all   33.62    0.00   16.81    0.00    0.00    0.00    0.00    0.00    0.00   49.57
15:25:23     all   33.73    0.00   17.17    0.00    0.00    0.01    0.00    0.00    0.00   49.09
15:25:24     all   32.45    0.00   17.76    0.00    0.00    0.01    0.00    0.00    0.00   49.77
15:25:25     all   32.18    0.00   18.27    0.00    0.00    0.00    0.00    0.00    0.00   49.55
15:25:26     all   31.71    0.01   18.82    0.00    0.00    0.00    0.00    0.00    0.00   49.46
15:25:27     all   30.57    0.00   19.71    0.00    0.00    0.00    0.00    0.00    0.00   49.72
15:25:28     all   33.63    0.00   16.96    0.00    0.00    0.00    0.00    0.00    0.00   49.41
15:25:29     all   32.11    0.00   18.21    0.00    0.00    0.00    0.00    0.00    0.00   49.69
15:25:30     all   31.52    0.00   18.59    0.00    0.00    0.01    0.00    0.00    0.00   49.87
15:25:31     all   32.82    0.00   17.42    0.00    0.00    0.00    0.00    0.00    0.00   49.76
15:25:32     all   32.66    0.00   17.77    0.00    0.00    0.00    0.00    0.00    0.00   49.58
15:25:33     all   33.17    0.01   17.51    0.00    0.00    0.00    0.00    0.00    0.00   49.31
15:25:34     all   32.22    0.00   18.15    0.00    0.00    0.00    0.00    0.00    0.00   49.63
15:25:35     all   31.46    0.00   18.68    0.00    0.00    0.01    0.00    0.00    0.00   49.85
15:25:36     all   32.24    0.00   18.23    0.01    0.00    0.00    0.00    0.00    0.00   49.52
15:25:37     all   31.95    0.00   18.55    0.00    0.00    0.01    0.00    0.00    0.00   49.49
15:25:38     all   30.79    0.00   19.58    0.00    0.00    0.00    0.00    0.00    0.00   49.62
15:25:39     all   31.98    0.00   18.62    0.00    0.00    0.01    0.00    0.00    0.00   49.39
15:25:40     all   34.58    0.00   16.47    0.00    0.00    0.00    0.00    0.00    0.00   48.95
15:25:41     all   34.07    0.00   17.04    0.00    0.00    0.00    0.00    0.00    0.00   48.89
15:25:42     all   32.34    0.00   18.17    0.00    0.00    0.00    0.00    0.00    0.00   49.49
15:25:43     all   32.10    0.00   18.77    0.00    0.00    0.00    0.00    0.00    0.00   49.14
15:25:44     all   32.45    0.00   17.77    0.00    0.00    0.00    0.00    0.00    0.00   49.78
15:25:45     all   32.27    0.00   18.14    0.00    0.00    0.01    0.00    0.00    0.00   49.58
15:25:46     all   32.29    0.00   18.18    0.00    0.00    0.00    0.00    0.00    0.00   49.53
15:25:47     all   31.34    0.00   19.22    0.00    0.00    0.00    0.00    0.00    0.00   49.44
15:25:48     all   32.42    0.00   18.39    0.00    0.00    0.00    0.00    0.00    0.00   49.19
15:25:49     all   30.93    0.00   19.69    0.00    0.00    0.01    0.00    0.00    0.00   49.37
15:25:50     all   32.80    0.00   17.67    0.00    0.00    0.01    0.00    0.00    0.00   49.51
15:25:51     all   33.04    0.00   17.93    0.00    0.00    0.00    0.00    0.00    0.00   49.03
15:25:52     all   34.40    0.00   17.09    0.00    0.00    0.00    0.00    0.00    0.00   48.51
15:25:53     all   33.08    0.00   17.45    0.00    0.00    0.01    0.00    0.00    0.00   49.45
15:25:54     all   32.13    0.00   18.58    0.00    0.00    0.01    0.00    0.00    0.00   49.28
15:25:55     all   31.93    0.00   18.13    0.00    0.00    0.00    0.00    0.00    0.00   49.94
15:25:56     all   33.05    0.00   17.10    0.00    0.00    0.00    0.00    0.00    0.00   49.85
15:25:57     all   32.62    0.00   17.94    0.00    0.00    0.00    0.00    0.00    0.00   49.44
15:25:58     all   31.12    0.00   19.05    0.00    0.00    0.00    0.00    0.00    0.00   49.83
15:25:59     all   31.83    0.00   19.03    0.00    0.00    0.01    0.00    0.00    0.00   49.12
15:26:00     all   31.11    0.00   19.24    0.00    0.00    0.00    0.00    0.00    0.00   49.65
15:26:01     all   30.18    0.00   20.04    0.00    0.00    0.00    0.00    0.00    0.00   49.78
15:26:02     all   29.78    0.00   20.49    0.00    0.00    0.01    0.00    0.00    0.00   49.72
15:26:03     all   30.00    0.00   19.83    0.00    0.00    0.00    0.00    0.00    0.00   50.17
15:26:04     all   32.59    0.00   18.87    0.00    0.00    0.00    0.00    0.00    0.00   48.55
15:26:05     all   30.97    0.00   19.29    0.00    0.00    0.00    0.00    0.00    0.00   49.74
15:26:06     all   27.97    0.00   20.49    0.00    0.00    0.00    0.00    0.00    0.00   51.54
15:26:07     all   32.97    0.00   17.40    0.00    0.00    0.01    0.00    0.00    0.00   49.61
15:26:08     all   33.79    0.00   16.98    0.00    0.00    0.00    0.00    0.00    0.00   49.23
15:26:09     all   33.26    0.00   17.05    0.00    0.00    0.00    0.00    0.00    0.00   49.69
15:26:10     all   35.63    0.00   14.86    0.00    0.00    0.00    0.00    0.00    0.00   49.51
15:26:11     all   34.42    0.00   15.83    0.00    0.00    0.01    0.00    0.00    0.00   49.74
15:26:12     all   33.19    0.00   18.04    0.00    0.00    0.00    0.00    0.00    0.00   48.78
15:26:13     all   33.31    0.00   17.99    0.01    0.00    0.01    0.00    0.00    0.00   48.68
15:26:14     all   33.25    0.01   17.44    0.00    0.00    0.01    0.00    0.00    0.00   49.28
15:26:15     all   31.38    0.00   19.45    0.00    0.00    0.00    0.00    0.00    0.00   49.17
15:26:16     all   31.36    0.00   19.10    0.00    0.00    0.00    0.00    0.00    0.00   49.54
15:26:17     all   32.03    0.00   18.16    0.00    0.00    0.00    0.00    0.00    0.00   49.81
15:26:18     all   29.89    0.00   20.49    0.00    0.00    0.00    0.00    0.00    0.00   49.62
15:26:19     all   31.07    0.00   19.61    0.00    0.00    0.01    0.00    0.00    0.00   49.30
15:26:20     all   31.36    0.00   18.91    0.00    0.00    0.00    0.00    0.00    0.00   49.73
15:26:21     all   31.39    0.00   19.77    0.00    0.00    0.00    0.00    0.00    0.00   48.85
15:26:22     all   29.71    0.00   20.70    0.00    0.00    0.00    0.00    0.00    0.00   49.59
15:26:23     all   33.17    0.00   17.18    0.00    0.00    0.00    0.00    0.00    0.00   49.65
15:26:24     all   33.63    0.00   16.84    0.00    0.00    0.01    0.00    0.00    0.00   49.51
15:26:25     all   32.73    0.00   18.04    0.00    0.00    0.00    0.00    0.00    0.00   49.23
15:26:26     all   33.35    0.00   17.03    0.00    0.00    0.01    0.00    0.00    0.00   49.60
15:26:27     all   33.44    0.00   17.07    0.00    0.00    0.00    0.00    0.00    0.00   49.49
15:26:28     all   32.68    0.00   17.62    0.00    0.00    0.01    0.00    0.00    0.00   49.68
15:26:29     all   33.34    0.00   16.86    0.00    0.00    0.01    0.00    0.00    0.00   49.79
15:26:30     all   32.90    0.00   17.88    0.00    0.00    0.00    0.00    0.00    0.00   49.22
15:26:31     all   31.67    0.00   18.60    0.00    0.00    0.00    0.00    0.00    0.00   49.72
15:26:32     all   32.69    0.00   17.75    0.00    0.00    0.00    0.00    0.00    0.00   49.56
15:26:33     all   32.89    0.00   17.70    0.00    0.00    0.03    0.00    0.00    0.00   49.38
15:26:34     all   33.23    0.00   17.29    0.00    0.00    0.01    0.00    0.00    0.00   49.47
15:26:35     all   33.61    0.01   17.08    0.00    0.00    0.00    0.00    0.00    0.00   49.30
15:26:36     all   35.91    0.00   15.34    0.00    0.00    0.01    0.00    0.00    0.00   48.74
15:26:37     all   34.26    0.00   16.18    0.00    0.00    0.00    0.00    0.00    0.00   49.56
15:26:38     all   33.15    0.00   17.33    0.00    0.00    0.01    0.00    0.00    0.00   49.51
15:26:39     all   32.20    0.00   18.23    0.00    0.00    0.00    0.00    0.00    0.00   49.56
15:26:40     all   33.65    0.00   16.87    0.00    0.00    0.00    0.00    0.00    0.00   49.48
15:26:41     all   33.69    0.00   16.74    0.00    0.00    0.01    0.00    0.00    0.00   49.56
15:26:42     all   32.32    0.00   18.02    0.00    0.00    0.00    0.00    0.00    0.00   49.66
15:26:43     all   32.75    0.00   17.56    0.01    0.00    0.01    0.00    0.00    0.00   49.66
15:26:44     all   33.66    0.00   17.55    0.00    0.00    0.00    0.00    0.00    0.00   48.79
15:26:45     all   33.78    0.01   17.34    0.00    0.00    0.00    0.00    0.00    0.00   48.86
15:26:46     all   34.13    0.00   16.69    0.00    0.00    0.00    0.00    0.00    0.00   49.18
15:26:47     all   31.17    0.00   19.32    0.00    0.00    0.01    0.00    0.00    0.00   49.49
15:26:48     all   30.87    0.00   19.12    0.00    0.00    0.00    0.00    0.00    0.00   50.01
15:26:49     all   32.47    0.00   18.28    0.00    0.00    0.01    0.00    0.00    0.00   49.24
15:26:50     all   31.18    0.00   19.67    0.00    0.00    0.00    0.00    0.00    0.00   49.15
15:26:51     all   32.11    0.00   19.35    0.00    0.00    0.00    0.00    0.00    0.00   48.54
15:26:52     all   32.31    0.00   17.98    0.00    0.00    0.00    0.00    0.00    0.00   49.71
15:26:53     all   27.01    0.00   18.36    0.00    0.00    0.03    0.00    0.00    0.00   54.60
15:26:54     all   17.54    0.00   10.27    0.00    0.00    0.00    0.00    0.00    0.00   72.19
15:26:55     all   12.35    0.00    6.99    0.00    0.00    0.01    0.00    0.00    0.00   80.65
15:26:56     all    9.19    0.00    5.16    0.00    0.00    0.00    0.00    0.00    0.00   85.65
15:26:57     all    7.94    0.00    4.91    0.00    0.00    0.00    0.00    0.00    0.00   87.15
15:26:58     all    8.41    0.00    4.72    0.00    0.00    0.00    0.00    0.00    0.00   86.87
15:26:59     all    8.50    0.00    4.26    0.00    0.00    0.01    0.00    0.00    0.00   87.22
15:27:00     all    7.14    0.00    4.09    0.00    0.00    0.01    0.00    0.00    0.00   88.76
15:27:01     all    7.28    0.00    4.38    0.00    0.00    0.00    0.00    0.00    0.00   88.34
15:27:02     all    7.21    0.00    4.33    0.00    0.00    0.00    0.00    0.00    0.00   88.46
15:27:03     all    7.38    0.00    3.95    0.00    0.00    0.01    0.00    0.00    0.00   88.66
15:27:04     all    7.60    0.00    3.92    0.00    0.00    0.00    0.00    0.00    0.00   88.48
15:27:05     all    6.07    0.00    3.21    0.00    0.00    0.00    0.00    0.00    0.00   90.72
15:27:06     all    5.53    0.00    3.00    0.00    0.00    0.00    0.00    0.00    0.00   91.47
15:27:07     all    5.06    0.00    2.35    0.00    0.00    0.00    0.00    0.00    0.00   92.59
15:27:08     all    4.97    0.00    2.30    0.00    0.00    0.00    0.00    0.00    0.00   92.74
15:27:09     all    4.90    0.00    2.70    0.00    0.00    0.00    0.00    0.00    0.00   92.40
15:27:10     all    4.14    0.00    2.18    0.00    0.00    0.00    0.00    0.00    0.00   93.68
15:27:11     all    4.07    0.00    2.17    0.00    0.00    0.00    0.00    0.00    0.00   93.76
15:27:12     all    4.27    0.00    2.11    0.00    0.00    0.00    0.00    0.00    0.00   93.62
15:27:13     all    3.81    0.00    2.25    0.00    0.00    0.00    0.00    0.00    0.00   93.94
15:27:14     all    4.01    0.00    2.07    0.00    0.00    0.00    0.00    0.00    0.00   93.92
15:27:15     all    4.13    0.00    2.14    0.00    0.00    0.00    0.00    0.00    0.00   93.73
15:27:16     all    4.08    0.00    2.07    0.00    0.00    0.00    0.00    0.00    0.00   93.85
15:27:17     all    3.87    0.00    2.13    0.00    0.00    0.00    0.00    0.00    0.00   94.00
15:27:18     all    3.68    0.00    1.99    0.00    0.00    0.00    0.00    0.00    0.00   94.33
15:27:19     all    3.18    0.00    1.93    0.00    0.00    0.00    0.00    0.00    0.00   94.89
15:27:20     all    3.30    0.00    1.49    0.00    0.00    0.00    0.00    0.00    0.00   95.21
Average:     all   31.72    0.03   17.07    0.00    0.00    0.01    0.00    0.00    0.00   51.18
