Linux 6.8.0-136-generic (856a17914eb3) 	08/10/26 	_x86_64_	(72 CPU)

12:05:44     CPU    %usr   %nice    %sys %iowait    %irq   %soft  %steal  %guest  %gnice   %idle
12:05:45     all   11.41    0.00    0.58    0.00    0.00    0.00    0.00    0.00    0.00   88.00
12:05:46     all    1.14    0.00    0.79    0.00    0.00    0.00    0.00    0.00    0.00   98.07
12:05:47     all    1.50    0.00    0.19    0.00    0.00    0.00    0.00    0.00    0.00   98.30
12:05:48     all    1.43    0.00    0.26    0.00    0.00    0.00    0.00    0.00    0.00   98.31
12:05:49     all    1.56    0.00    0.22    0.00    0.00    0.00    0.00    0.00    0.00   98.22
12:05:50     all    1.58    0.00    0.24    0.00    0.00    0.00    0.00    0.00    0.00   98.18
12:05:51     all    1.36    0.00    0.31    0.00    0.00    0.00    0.00    0.00    0.00   98.33
12:05:52     all    1.64    0.00    0.17    0.00    0.00    0.00    0.00    0.00    0.00   98.19
12:05:53     all    1.71    0.00    0.25    0.00    0.00    0.00    0.00    0.00    0.00   98.04
12:05:54     all    1.40    0.00    0.28    0.00    0.00    0.00    0.00    0.00    0.00   98.32
12:05:55     all    1.79    0.00    0.33    0.00    0.00    0.00    0.00    0.00    0.00   97.88
12:05:56     all    1.81    0.00    0.21    0.00    0.00    0.00    0.00    0.00    0.00   97.98
12:05:57     all    1.32    0.00    0.19    0.00    0.00    0.00    0.00    0.00    0.00   98.48
12:05:58     all    1.63    0.01    0.26    0.00    0.00    0.00    0.00    0.00    0.00   98.10
12:05:59     all    1.64    0.00    0.29    0.00    0.00    0.00    0.00    0.00    0.00   98.07
12:06:00     all    1.28    0.00    0.63    0.00    0.00    0.00    0.00    0.00    0.00   98.10
12:06:01     all    1.60    0.00    0.25    0.00    0.00    0.00    0.00    0.00    0.00   98.15
12:06:02     all    1.54    0.00    0.25    0.00    0.00    0.00    0.00    0.00    0.00   98.21
12:06:03     all    1.44    0.00    0.22    0.00    0.00    0.00    0.00    0.00    0.00   98.33
12:06:04     all    1.60    0.00    0.19    0.00    0.00    0.00    0.00    0.00    0.00   98.21
12:06:05     all    2.10    0.00    0.40    0.00    0.00    0.00    0.00    0.00    0.00   97.50
12:06:06     all    1.35    0.00    0.19    0.00    0.00    0.00    0.00    0.00    0.00   98.46
12:06:07     all    1.61    0.00    0.15    0.00    0.00    0.00    0.00    0.00    0.00   98.24
12:06:08     all    1.74    0.00    0.31    0.00    0.00    0.00    0.00    0.00    0.00   97.96
12:06:09     all    1.32    0.00    0.21    0.00    0.00    0.00    0.00    0.00    0.00   98.47
12:06:10     all    1.58    0.00    0.22    0.00    0.00    0.00    0.00    0.00    0.00   98.19
12:06:11     all    1.64    0.00    0.19    0.00    0.00    0.00    0.00    0.00    0.00   98.17
12:06:12     all    1.38    0.00    0.17    0.00    0.00    0.00    0.00    0.00    0.00   98.46
12:06:13     all   13.27    0.00    3.13    0.00    0.00    0.00    0.00    0.00    0.00   83.60
12:06:14     all   36.73    0.00    3.39    0.00    0.00    0.00    0.00    0.00    0.00   59.89
12:06:15     all   60.38    0.00    4.62    0.00    0.00    0.00    0.00    0.00    0.00   35.00
12:06:16     all   62.28    0.01    9.57    0.00    0.00    0.01    0.00    0.00    0.00   28.12
12:06:17     all   38.39    0.00    6.03    0.00    0.00    0.01    0.00    0.00    0.00   55.56
12:06:18     all   37.16    0.00    4.50    0.00    0.00    0.00    0.00    0.00    0.00   58.34
12:06:19     all   37.59    0.00    4.10    0.00    0.00    0.00    0.00    0.00    0.00   58.31
12:06:20     all   30.14    0.00    2.94    0.00    0.00    0.00    0.00    0.00    0.00   66.92
12:06:21     all   35.41    0.00    3.17    0.00    0.00    0.00    0.00    0.00    0.00   61.42
12:06:22     all   44.30    0.00    2.41    0.00    0.00    0.00    0.00    0.00    0.00   53.29
12:06:23     all   46.18    0.00    1.88    0.00    0.00    0.00    0.00    0.00    0.00   51.94
12:06:24     all   31.98    0.00    1.78    0.00    0.00    0.00    0.00    0.00    0.00   66.24
12:06:25     all   48.20    0.00    2.41    0.00    0.00    0.00    0.00    0.00    0.00   49.39
12:06:26     all   71.17    0.00    6.39    0.01    0.00    0.00    0.00    0.00    0.00   22.42
12:06:27     all   59.48    0.00   12.61    0.00    0.00    0.01    0.00    0.00    0.00   27.90
12:06:28     all   45.50    0.00    8.63    0.01    0.00    0.00    0.00    0.00    0.00   45.85
12:06:29     all   30.39    0.00    6.07    0.00    0.00    0.00    0.00    0.00    0.00   63.54
12:06:30     all   34.94    0.00    7.50    0.00    0.00    0.00    0.00    0.00    0.00   57.56
12:06:31     all   38.15    0.00    7.82    0.00    0.00    0.00    0.00    0.00    0.00   54.03
12:06:32     all   55.33    0.00   10.73    0.00    0.00    0.00    0.00    0.00    0.00   33.94
12:06:33     all   59.87    0.00   12.01    0.00    0.00    0.00    0.00    0.00    0.00   28.12
12:06:34     all   59.58    0.00   14.55    0.00    0.00    0.01    0.00    0.00    0.00   25.86
12:06:35     all   55.14    0.00   15.05    0.00    0.00    0.00    0.00    0.00    0.00   29.80
12:06:36     all   51.22    0.00   16.77    0.00    0.00    0.00    0.00    0.00    0.00   32.00
12:06:37     all   50.29    0.00   13.48    0.00    0.00    0.00    0.00    0.00    0.00   36.23
12:06:38     all   46.48    0.00   15.23    0.00    0.00    0.00    0.00    0.00    0.00   38.29
12:06:39     all   42.58    0.00   13.26    0.00    0.00    0.00    0.00    0.00    0.00   44.15
12:06:40     all   37.42    0.00   10.94    0.00    0.00    0.00    0.00    0.00    0.00   51.64
12:06:41     all   34.01    0.00    8.57    0.00    0.00    0.01    0.00    0.00    0.00   57.41
12:06:42     all   30.85    0.00    8.12    0.00    0.00    0.00    0.00    0.00    0.00   61.03
12:06:43     all   33.87    0.00    9.25    0.00    0.00    0.00    0.00    0.00    0.00   56.88
12:06:44     all   30.05    0.00   10.02    0.00    0.00    0.00    0.00    0.00    0.00   59.93
12:06:45     all   34.48    0.00   10.33    0.00    0.00    0.00    0.00    0.00    0.00   55.19
12:06:46     all   39.29    0.00   12.87    0.00    0.00    0.03    0.00    0.00    0.00   47.81
12:06:47     all   39.32    0.00   10.77    0.00    0.00    0.00    0.00    0.00    0.00   49.91
12:06:48     all   36.50    0.00    8.75    0.00    0.00    0.00    0.00    0.00    0.00   54.75
12:06:49     all   38.99    0.00   10.51    0.00    0.00    0.00    0.00    0.00    0.00   50.51
12:06:50     all   44.28    0.00   12.45    0.00    0.00    0.00    0.00    0.00    0.00   43.27
12:06:51     all   38.05    0.00   10.95    0.00    0.00    0.00    0.00    0.00    0.00   51.00
12:06:52     all   48.94    0.00   11.39    0.00    0.00    0.01    0.00    0.00    0.00   39.65
12:06:53     all   37.25    0.00   10.75    0.00    0.00    0.00    0.00    0.00    0.00   52.00
12:06:54     all   40.76    0.00   11.49    0.00    0.00    0.01    0.00    0.00    0.00   47.73
12:06:55     all   42.10    0.00    9.97    0.00    0.00    0.01    0.00    0.00    0.00   47.92
12:06:56     all   40.15    0.00   10.74    0.00    0.00    0.00    0.00    0.00    0.00   49.11
12:06:57     all   26.85    0.00    7.01    0.00    0.00    0.00    0.00    0.00    0.00   66.14
12:06:58     all   34.00    0.00   10.69    0.00    0.00    0.00    0.00    0.00    0.00   55.31
12:06:59     all   37.70    0.01    9.81    0.00    0.00    0.01    0.00    0.00    0.00   52.46
12:07:00     all   37.40    0.00   11.00    0.00    0.00    0.00    0.00    0.00    0.00   51.61
12:07:01     all   40.29    0.00   12.06    0.00    0.00    0.00    0.00    0.00    0.00   47.65
12:07:02     all   32.82    0.01    9.13    0.00    0.00    0.00    0.00    0.00    0.00   58.03
12:07:03     all   44.82    0.00   12.51    0.00    0.00    0.00    0.00    0.00    0.00   42.67
12:07:04     all   44.88    0.00   13.24    0.00    0.00    0.01    0.00    0.00    0.00   41.87
12:07:05     all   46.43    0.00   14.03    0.00    0.00    0.00    0.00    0.00    0.00   39.53
12:07:06     all   46.88    0.00   11.47    0.00    0.00    0.01    0.00    0.00    0.00   41.63
12:07:07     all   42.19    0.00   13.20    0.00    0.00    0.00    0.00    0.00    0.00   44.61
12:07:08     all   44.89    0.00   15.76    0.00    0.00    0.00    0.00    0.00    0.00   39.35
12:07:09     all   38.43    0.00   11.74    0.00    0.00    0.01    0.00    0.00    0.00   49.81
12:07:10     all   45.05    0.00   14.25    0.00    0.00    0.00    0.00    0.00    0.00   40.70
12:07:11     all   42.90    0.00   14.34    0.00    0.00    0.00    0.00    0.00    0.00   42.75
12:07:12     all   42.37    0.00   15.23    0.01    0.00    0.01    0.00    0.00    0.00   42.37
12:07:13     all   38.27    0.00   12.71    0.00    0.00    0.00    0.00    0.00    0.00   49.02
12:07:14     all   46.21    0.00   13.01    0.00    0.00    0.01    0.00    0.00    0.00   40.76
12:07:15     all   48.66    0.00   17.01    0.00    0.00    0.00    0.00    0.00    0.00   34.33
12:07:16     all   45.40    0.00   17.75    0.00    0.00    0.00    0.00    0.00    0.00   36.84
12:07:17     all   50.63    0.00   15.73    0.00    0.00    0.00    0.00    0.00    0.00   33.64
12:07:18     all   55.76    0.00   15.61    0.00    0.00    0.00    0.00    0.00    0.00   28.63
12:07:19     all   47.49    0.00   15.46    0.00    0.00    0.00    0.00    0.00    0.00   37.05
12:07:20     all   41.89    0.00   14.18    0.00    0.00    0.01    0.00    0.00    0.00   43.92
12:07:21     all   38.47    0.00   13.00    0.00    0.00    0.00    0.00    0.00    0.00   48.53
12:07:22     all   41.76    0.01   15.15    0.00    0.00    0.00    0.00    0.00    0.00   43.08
12:07:23     all   43.07    0.00   13.53    0.00    0.00    0.01    0.00    0.00    0.00   43.39
12:07:24     all   40.89    0.00   12.17    0.00    0.00    0.01    0.00    0.00    0.00   46.92
12:07:25     all   44.32    0.00   15.76    0.00    0.00    0.00    0.00    0.00    0.00   39.92
12:07:26     all   40.71    0.00   15.17    0.00    0.00    0.00    0.00    0.00    0.00   44.11
12:07:27     all   42.58    0.01   14.11    0.00    0.00    0.00    0.00    0.00    0.00   43.29
12:07:28     all   38.80    0.00   16.10    0.00    0.00    0.00    0.00    0.00    0.00   45.10
12:07:29     all   45.62    0.00   19.34    0.00    0.00    0.01    0.00    0.00    0.00   35.03
12:07:30     all   48.94    0.00   20.20    0.00    0.00    0.01    0.00    0.00    0.00   30.85
12:07:31     all   51.92    0.01   20.93    0.00    0.00    0.00    0.00    0.00    0.00   27.13
12:07:32     all   47.66    0.00   21.69    0.00    0.00    0.00    0.00    0.00    0.00   30.65
12:07:33     all   47.15    0.00   22.05    0.00    0.00    0.01    0.00    0.00    0.00   30.78
12:07:34     all   46.55    0.00   23.19    0.00    0.00    0.01    0.00    0.00    0.00   30.24
12:07:35     all   40.45    0.00   21.04    0.00    0.00    0.01    0.00    0.00    0.00   38.50
12:07:36     all   45.10    0.00   24.92    0.00    0.00    0.00    0.00    0.00    0.00   29.97
12:07:37     all   41.70    0.00   18.71    0.00    0.00    0.01    0.00    0.00    0.00   39.57
12:07:38     all   41.11    0.00   18.10    0.00    0.00    0.01    0.00    0.00    0.00   40.78
12:07:39     all   39.84    0.00   16.75    0.00    0.00    0.00    0.00    0.00    0.00   43.41
12:07:40     all   41.59    0.00   18.60    0.00    0.00    0.00    0.00    0.00    0.00   39.81
12:07:41     all   37.71    0.00   17.59    0.00    0.00    0.00    0.00    0.00    0.00   44.70
12:07:42     all   49.02    0.00   17.89    0.00    0.00    0.01    0.00    0.00    0.00   33.08
12:07:43     all   41.47    0.00   15.02    0.00    0.00    0.00    0.00    0.00    0.00   43.52
12:07:44     all   37.76    0.00   14.70    0.00    0.00    0.01    0.00    0.00    0.00   47.53
12:07:45     all   49.21    0.00   17.98    0.00    0.00    0.00    0.00    0.00    0.00   32.81
12:07:46     all   48.06    0.00   16.57    0.00    0.00    0.00    0.00    0.00    0.00   35.37
12:07:47     all   51.91    0.00   18.31    0.00    0.00    0.00    0.00    0.00    0.00   29.79
12:07:48     all   51.24    0.00   17.88    0.00    0.00    0.00    0.00    0.00    0.00   30.88
12:07:49     all   52.90    0.00   16.79    0.00    0.00    0.00    0.00    0.00    0.00   30.31
12:07:50     all   46.34    0.00   17.67    0.00    0.00    0.00    0.00    0.00    0.00   35.98
12:07:51     all   48.30    0.00   18.39    0.00    0.00    0.01    0.00    0.00    0.00   33.30
12:07:52     all   48.91    0.00   17.77    0.00    0.00    0.00    0.00    0.00    0.00   33.32
12:07:53     all   52.06    0.00   19.15    0.00    0.00    0.00    0.00    0.00    0.00   28.79
12:07:54     all   55.71    0.00   17.78    0.00    0.00    0.03    0.00    0.00    0.00   26.48
12:07:55     all   49.39    0.00   21.57    0.00    0.00    0.01    0.00    0.00    0.00   29.02
12:07:56     all   50.77    0.00   19.95    0.00    0.00    0.00    0.00    0.00    0.00   29.28
12:07:57     all   52.67    0.00   19.52    0.00    0.00    0.00    0.00    0.00    0.00   27.81
12:07:58     all   53.64    0.00   20.23    0.00    0.00    0.01    0.00    0.00    0.00   26.12
12:07:59     all   54.41    0.00   19.97    0.00    0.00    0.00    0.00    0.00    0.00   25.61
12:08:00     all   55.91    0.00   20.09    0.00    0.00    0.01    0.00    0.00    0.00   23.98
12:08:01     all   51.04    0.00   22.69    0.00    0.00    0.01    0.00    0.00    0.00   26.25
12:08:02     all   53.20    0.00   22.17    0.00    0.00    0.00    0.00    0.00    0.00   24.63
12:08:03     all   53.16    0.00   22.81    0.00    0.00    0.04    0.00    0.00    0.00   23.98
12:08:04     all   51.60    0.00   23.07    0.00    0.00    0.00    0.00    0.00    0.00   25.33
12:08:05     all   46.96    0.00   21.57    0.00    0.00    0.01    0.00    0.00    0.00   31.46
12:08:06     all   49.97    0.00   24.02    0.00    0.00    0.00    0.00    0.00    0.00   26.01
12:08:07     all   52.54    0.00   21.62    0.01    0.00    0.00    0.00    0.00    0.00   25.83
12:08:08     all   46.53    0.00   21.00    0.00    0.00    0.01    0.00    0.00    0.00   32.45
12:08:09     all   53.20    0.00   24.06    0.00    0.00    0.01    0.00    0.00    0.00   22.72
12:08:10     all   48.98    0.00   22.20    0.00    0.00    0.00    0.00    0.00    0.00   28.82
12:08:11     all   51.61    0.00   23.49    0.00    0.00    0.01    0.00    0.00    0.00   24.89
12:08:12     all   51.06    0.00   23.34    0.00    0.00    0.01    0.00    0.00    0.00   25.59
12:08:13     all   53.43    0.00   22.76    0.00    0.00    0.00    0.00    0.00    0.00   23.81
12:08:14     all   49.30    0.00   21.87    0.00    0.00    0.01    0.00    0.00    0.00   28.82
12:08:15     all   48.58    0.00   19.97    0.00    0.00    0.01    0.00    0.00    0.00   31.43
12:08:16     all   53.16    0.00   19.46    0.00    0.00    0.00    0.00    0.00    0.00   27.38
12:08:17     all   51.28    0.00   21.74    0.00    0.00    0.01    0.00    0.00    0.00   26.97
12:08:18     all   52.73    0.00   21.62    0.00    0.00    0.01    0.00    0.00    0.00   25.63
12:08:19     all   55.27    0.00   20.85    0.00    0.00    0.00    0.00    0.00    0.00   23.89
12:08:20     all   53.35    0.01   21.36    0.00    0.00    0.00    0.00    0.00    0.00   25.27
12:08:21     all   54.53    0.00   19.14    0.00    0.00    0.01    0.00    0.00    0.00   26.31
12:08:22     all   46.74    0.00   19.05    0.00    0.00    0.00    0.00    0.00    0.00   34.21
12:08:23     all   51.72    0.00   21.22    0.00    0.00    0.01    0.00    0.00    0.00   27.04
12:08:24     all   54.46    0.00   21.71    0.00    0.00    0.00    0.00    0.00    0.00   23.83
12:08:25     all   49.55    0.00   23.59    0.00    0.00    0.00    0.00    0.00    0.00   26.85
12:08:26     all   52.64    0.00   25.23    0.00    0.00    0.01    0.00    0.00    0.00   22.13
12:08:27     all   55.05    0.00   21.00    0.00    0.00    0.00    0.00    0.00    0.00   23.95
12:08:28     all   52.45    0.00   22.29    0.01    0.00    0.00    0.00    0.00    0.00   25.25
12:08:29     all   49.67    0.00   22.50    0.00    0.00    0.01    0.00    0.00    0.00   27.81
12:08:30     all   49.95    0.00   23.60    0.00    0.00    0.00    0.00    0.00    0.00   26.45
12:08:31     all   48.31    0.00   23.96    0.00    0.00    0.00    0.00    0.00    0.00   27.73
12:08:32     all   48.64    0.00   24.68    0.00    0.00    0.01    0.00    0.00    0.00   26.66
12:08:33     all   51.64    0.00   21.91    0.00    0.00    0.00    0.00    0.00    0.00   26.44
12:08:34     all   50.27    0.00   22.30    0.00    0.00    0.00    0.00    0.00    0.00   27.43
12:08:35     all   51.23    0.00   23.15    0.00    0.00    0.01    0.00    0.00    0.00   25.61
12:08:36     all   48.97    0.00   23.98    0.00    0.00    0.00    0.00    0.00    0.00   27.05
12:08:37     all   53.54    0.00   22.32    0.00    0.00    0.00    0.00    0.00    0.00   24.15
12:08:38     all   52.48    0.00   22.92    0.00    0.00    0.03    0.00    0.00    0.00   24.57
12:08:39     all   48.45    0.00   24.64    0.00    0.00    0.00    0.00    0.00    0.00   26.91
12:08:40     all   45.40    0.00   25.61    0.00    0.00    0.01    0.00    0.00    0.00   28.97
12:08:41     all   50.24    0.00   25.93    0.00    0.00    0.01    0.00    0.00    0.00   23.81
12:08:42     all   49.20    0.00   19.89    0.00    0.00    0.00    0.00    0.00    0.00   30.91
12:08:43     all   43.39    0.00   19.65    0.00    0.00    0.01    0.00    0.00    0.00   36.95
12:08:44     all   48.86    0.00   22.54    0.00    0.00    0.03    0.00    0.00    0.00   28.58
12:08:45     all   49.96    0.00   20.72    0.00    0.00    0.00    0.00    0.00    0.00   29.33
12:08:46     all   51.56    0.00   22.90    0.00    0.00    0.00    0.00    0.00    0.00   25.54
12:08:47     all   53.18    0.00   21.32    0.00    0.00    0.00    0.00    0.00    0.00   25.50
12:08:48     all   56.37    0.00   19.47    0.00    0.00    0.01    0.00    0.00    0.00   24.15
12:08:49     all   54.60    0.00   21.14    0.00    0.00    0.01    0.00    0.00    0.00   24.25
12:08:50     all   54.17    0.00   20.17    0.00    0.00    0.00    0.00    0.00    0.00   25.66
12:08:51     all   52.08    0.00   19.62    0.00    0.00    0.01    0.00    0.00    0.00   28.29
12:08:52     all   53.67    0.00   19.60    0.00    0.00    0.00    0.00    0.00    0.00   26.72
12:08:53     all   48.91    0.00   19.54    0.00    0.00    0.00    0.00    0.00    0.00   31.55
12:08:54     all   55.94    0.00   19.35    0.00    0.00    0.01    0.00    0.00    0.00   24.70
12:08:55     all   52.40    0.00   20.66    0.00    0.00    0.00    0.00    0.00    0.00   26.94
12:08:56     all   50.86    0.00   20.80    0.00    0.00    0.00    0.00    0.00    0.00   28.34
12:08:57     all   50.03    0.00   21.07    0.00    0.00    0.01    0.00    0.00    0.00   28.89
12:08:58     all   49.42    0.00   18.21    0.00    0.00    0.01    0.00    0.00    0.00   32.36
12:08:59     all   47.54    0.00   19.38    0.00    0.00    0.00    0.00    0.00    0.00   33.08
12:09:00     all   52.75    0.00   19.69    0.00    0.00    0.01    0.00    0.00    0.00   27.54
12:09:01     all   41.24    0.00   18.48    0.00    0.00    0.00    0.00    0.00    0.00   40.28
12:09:02     all   47.00    0.01   18.90    0.00    0.00    0.00    0.00    0.00    0.00   34.08
12:09:03     all   48.68    0.00   19.07    0.00    0.00    0.00    0.00    0.00    0.00   32.25
12:09:04     all   52.16    0.00   18.12    0.00    0.00    0.00    0.00    0.00    0.00   29.72
12:09:05     all   56.27    0.00   19.56    0.00    0.00    0.01    0.00    0.00    0.00   24.15
12:09:06     all   55.84    0.00   19.85    0.00    0.00    0.00    0.00    0.00    0.00   24.31
12:09:07     all   60.08    0.01   17.26    0.00    0.00    0.01    0.00    0.00    0.00   22.64
12:09:08     all   51.79    0.00   16.66    0.00    0.00    0.00    0.00    0.00    0.00   31.54
12:09:09     all   52.17    0.00   17.58    0.00    0.00    0.00    0.00    0.00    0.00   30.25
12:09:10     all   52.81    0.00   20.76    0.00    0.00    0.00    0.00    0.00    0.00   26.43
12:09:11     all   55.23    0.00   19.20    0.00    0.00    0.01    0.00    0.00    0.00   25.56
12:09:12     all   53.68    0.00   19.66    0.00    0.00    0.01    0.00    0.00    0.00   26.65
12:09:13     all   48.70    0.00   19.14    0.00    0.00    0.00    0.00    0.00    0.00   32.17
12:09:14     all   28.00    0.00   22.44    0.00    0.00    0.00    0.00    0.00    0.00   49.56
12:09:15     all   14.34    0.00   10.08    0.00    0.00    0.00    0.00    0.00    0.00   75.58
12:09:16     all   12.77    0.00    8.22    0.00    0.00    0.01    0.00    0.00    0.00   78.99
12:09:17     all   10.54    0.00    7.21    0.01    0.00    0.00    0.00    0.00    0.00   82.24
12:09:18     all   10.33    0.00    6.85    0.00    0.00    0.00    0.00    0.00    0.00   82.82
12:09:19     all    9.74    0.00    6.17    0.00    0.00    0.00    0.00    0.00    0.00   84.10
12:09:20     all   10.43    0.00    5.37    0.01    0.00    0.00    0.00    0.00    0.00   84.18
12:09:21     all    8.23    0.00    4.95    0.00    0.00    0.00    0.00    0.00    0.00   86.81
12:09:22     all    6.99    0.01    4.42    0.00    0.00    0.01    0.00    0.00    0.00   88.57
12:09:23     all    6.83    0.00    3.74    0.00    0.00    0.00    0.00    0.00    0.00   89.44
12:09:24     all    6.52    0.00    3.39    0.00    0.00    0.00    0.00    0.00    0.00   90.09
Average:     all   39.38    0.00   13.96    0.00    0.00    0.00    0.00    0.00    0.00   46.66
