Linux 6.8.0-136-generic (856a17914eb3) 	08/10/26 	_x86_64_	(72 CPU)

12:00:37     CPU    %usr   %nice    %sys %iowait    %irq   %soft  %steal  %guest  %gnice   %idle
12:00:38     all   11.63    0.00    0.51    0.00    0.00    0.00    0.00    0.00    0.00   87.86
12:00:39     all    1.18    0.00    0.82    0.00    0.00    0.00    0.00    0.00    0.00   98.00
12:00:40     all    2.00    0.00    0.56    0.00    0.00    0.00    0.00    0.00    0.00   97.44
12:00:41     all    1.58    0.00    0.22    0.00    0.00    0.00    0.00    0.00    0.00   98.20
12:00:42     all    1.43    0.00    0.21    0.00    0.00    0.00    0.00    0.00    0.00   98.36
12:00:43     all    1.61    0.00    0.32    0.01    0.00    0.00    0.00    0.00    0.00   98.06
12:00:44     all    1.61    0.00    0.29    0.00    0.00    0.00    0.00    0.00    0.00   98.10
12:00:45     all    1.53    0.00    0.25    0.00    0.00    0.00    0.00    0.00    0.00   98.22
12:00:46     all    1.54    0.00    0.21    0.00    0.00    0.00    0.00    0.00    0.00   98.25
12:00:47     all    1.63    0.00    0.29    0.00    0.00    0.00    0.00    0.00    0.00   98.08
12:00:48     all    1.93    0.00    0.31    0.00    0.00    0.00    0.00    0.00    0.00   97.76
12:00:49     all    1.46    0.00    0.22    0.00    0.00    0.00    0.00    0.00    0.00   98.32
12:00:50     all    1.57    0.00    0.18    0.00    0.00    0.00    0.00    0.00    0.00   98.25
12:00:51     all    1.50    0.00    0.22    0.00    0.00    0.00    0.00    0.00    0.00   98.28
12:00:52     all    1.35    0.00    0.22    0.00    0.00    0.00    0.00    0.00    0.00   98.43
12:00:53     all    1.38    0.00    0.49    0.00    0.00    0.00    0.00    0.00    0.00   98.14
12:00:54     all    1.68    0.00    0.32    0.00    0.00    0.00    0.00    0.00    0.00   98.00
12:00:55     all    1.39    0.00    0.24    0.00    0.00    0.00    0.00    0.00    0.00   98.37
12:00:56     all    1.83    0.00    0.40    0.00    0.00    0.00    0.00    0.00    0.00   97.76
12:00:57     all    1.58    0.00    0.21    0.00    0.00    0.00    0.00    0.00    0.00   98.21
12:00:58     all    1.40    0.00    0.21    0.00    0.00    0.00    0.00    0.00    0.00   98.39
12:00:59     all    1.59    0.00    0.28    0.00    0.00    0.00    0.00    0.00    0.00   98.14
12:01:00     all    1.53    0.00    0.17    0.00    0.00    0.00    0.00    0.00    0.00   98.30
12:01:01     all    1.39    0.00    0.18    0.00    0.00    0.00    0.00    0.00    0.00   98.43
12:01:02     all    1.57    0.00    0.21    0.00    0.00    0.00    0.00    0.00    0.00   98.22
12:01:03     all    1.53    0.00    0.17    0.00    0.00    0.00    0.00    0.00    0.00   98.31
12:01:04     all    1.42    0.00    0.25    0.00    0.00    0.00    0.00    0.00    0.00   98.33
12:01:05     all    1.64    0.00    0.18    0.00    0.00    0.00    0.00    0.00    0.00   98.18
12:01:06     all   12.30    0.00    2.06    0.00    0.00    0.00    0.00    0.00    0.00   85.64
12:01:07     all   31.08    0.00    3.00    0.00    0.00    0.00    0.00    0.00    0.00   65.92
12:01:08     all   38.51    0.00    3.24    0.00    0.00    0.00    0.00    0.00    0.00   58.24
12:01:09     all   56.22    0.00    8.94    0.00    0.00    0.00    0.00    0.00    0.00   34.84
12:01:10     all   46.41    0.00    6.46    0.00    0.00    0.00    0.00    0.00    0.00   47.13
12:01:11     all   41.90    0.00    5.33    0.00    0.00    0.00    0.00    0.00    0.00   52.76
12:01:12     all   43.15    0.00    4.78    0.00    0.00    0.01    0.00    0.00    0.00   52.05
12:01:13     all   39.15    0.00    3.44    0.00    0.00    0.00    0.00    0.00    0.00   57.41
12:01:14     all   37.90    0.00    3.28    0.00    0.00    0.00    0.00    0.00    0.00   58.82
12:01:15     all   39.55    0.00    3.00    0.00    0.00    0.00    0.00    0.00    0.00   57.45
12:01:16     all   47.74    0.00    2.82    0.00    0.00    0.00    0.00    0.00    0.00   49.44
12:01:17     all   45.89    0.00    1.71    0.00    0.00    0.00    0.00    0.00    0.00   52.39
12:01:18     all   28.14    0.00    1.39    0.00    0.00    0.00    0.00    0.00    0.00   70.47
12:01:19     all   22.82    0.00    2.16    0.00    0.00    0.01    0.00    0.00    0.00   75.01
12:01:20     all   28.58    0.00    1.35    0.00    0.00    0.03    0.00    0.00    0.00   70.04
12:01:21     all   45.75    0.01    2.80    0.01    0.00    0.00    0.00    0.00    0.00   51.42
12:01:22     all   47.29    0.00    9.43    0.00    0.00    0.01    0.00    0.00    0.00   43.27
12:01:23     all   33.23    0.00    7.95    0.00    0.00    0.00    0.00    0.00    0.00   58.83
12:01:24     all   26.90    0.00    5.44    0.00    0.00    0.00    0.00    0.00    0.00   67.66
12:01:25     all   24.78    0.00    4.82    0.00    0.00    0.00    0.00    0.00    0.00   70.40
12:01:26     all   32.07    0.00    5.83    0.00    0.00    0.00    0.00    0.00    0.00   62.10
12:01:27     all   35.36    0.00    7.53    0.00    0.00    0.01    0.00    0.00    0.00   57.10
12:01:28     all   44.80    0.00    9.01    0.00    0.00    0.00    0.00    0.00    0.00   46.19
12:01:29     all   46.03    0.00    8.68    0.00    0.00    0.00    0.00    0.00    0.00   45.28
12:01:30     all   47.92    0.00   10.92    0.00    0.00    0.03    0.00    0.00    0.00   41.13
12:01:31     all   51.77    0.00   15.44    0.00    0.00    0.00    0.00    0.00    0.00   32.79
12:01:32     all   54.72    0.00   15.01    0.00    0.00    0.00    0.00    0.00    0.00   30.27
12:01:33     all   53.66    0.00   17.95    0.00    0.00    0.01    0.00    0.00    0.00   28.37
12:01:34     all   51.53    0.00   17.35    0.00    0.00    0.00    0.00    0.00    0.00   31.12
12:01:35     all   50.45    0.00   15.04    0.00    0.00    0.00    0.00    0.00    0.00   34.51
12:01:36     all   42.02    0.00   12.01    0.00    0.00    0.00    0.00    0.00    0.00   45.97
12:01:37     all   37.67    0.00   12.12    0.00    0.00    0.00    0.00    0.00    0.00   50.21
12:01:38     all   39.53    0.00   11.26    0.00    0.00    0.01    0.00    0.00    0.00   49.19
12:01:39     all   33.49    0.00    9.49    0.00    0.00    0.00    0.00    0.00    0.00   57.02
12:01:40     all   28.86    0.00    7.35    0.00    0.00    0.00    0.00    0.00    0.00   63.78
12:01:41     all   29.10    0.00    7.82    0.00    0.00    0.00    0.00    0.00    0.00   63.08
12:01:42     all   28.29    0.00    7.95    0.00    0.00    0.00    0.00    0.00    0.00   63.77
12:01:43     all   34.56    0.00    8.41    0.00    0.00    0.03    0.00    0.00    0.00   57.01
12:01:44     all   30.86    0.00    9.40    0.01    0.00    0.00    0.00    0.00    0.00   59.73
12:01:45     all   32.33    0.00   10.21    0.00    0.00    0.00    0.00    0.00    0.00   57.46
12:01:46     all   36.93    0.00    8.68    0.00    0.00    0.00    0.00    0.00    0.00   54.39
12:01:47     all   32.99    0.00    8.21    0.00    0.00    0.01    0.00    0.00    0.00   58.79
12:01:48     all   33.70    0.00    6.89    0.00    0.00    0.00    0.00    0.00    0.00   59.41
12:01:49     all   39.02    0.00    9.12    0.00    0.00    0.01    0.00    0.00    0.00   51.85
12:01:50     all   53.02    0.00   12.50    0.00    0.00    0.00    0.00    0.00    0.00   34.48
12:01:51     all   45.57    0.00   10.30    0.00    0.00    0.00    0.00    0.00    0.00   44.13
12:01:52     all   41.11    0.00   11.90    0.00    0.00    0.00    0.00    0.00    0.00   46.99
12:01:53     all   40.99    0.00    9.72    0.00    0.00    0.00    0.00    0.00    0.00   49.30
12:01:54     all   37.93    0.00    8.80    0.00    0.00    0.01    0.00    0.00    0.00   53.25
12:01:55     all   40.16    0.00   12.57    0.00    0.00    0.00    0.00    0.00    0.00   47.27
12:01:56     all   44.58    0.00   13.42    0.00    0.00    0.00    0.00    0.00    0.00   42.00
12:01:57     all   41.74    0.00   12.66    0.00    0.00    0.01    0.00    0.00    0.00   45.58
12:01:58     all   34.42    0.00    9.65    0.00    0.00    0.00    0.00    0.00    0.00   55.93
12:01:59     all   31.67    0.00    9.59    0.00    0.00    0.00    0.00    0.00    0.00   58.74
12:02:00     all   35.68    0.00    9.81    0.00    0.00    0.00    0.00    0.00    0.00   54.51
12:02:01     all   41.10    0.00   11.30    0.00    0.00    0.00    0.00    0.00    0.00   47.61
12:02:02     all   39.83    0.00   10.27    0.00    0.00    0.00    0.00    0.00    0.00   49.90
12:02:03     all   43.62    0.00   13.09    0.00    0.00    0.00    0.00    0.00    0.00   43.29
12:02:04     all   53.71    0.00   14.83    0.00    0.00    0.00    0.00    0.00    0.00   31.46
12:02:05     all   46.38    0.00   13.61    0.00    0.00    0.00    0.00    0.00    0.00   40.01
12:02:06     all   49.87    0.00   11.81    0.00    0.00    0.01    0.00    0.00    0.00   38.30
12:02:07     all   45.27    0.00   11.59    0.00    0.00    0.00    0.00    0.00    0.00   43.14
12:02:08     all   38.30    0.00   10.47    0.00    0.00    0.00    0.00    0.00    0.00   51.23
12:02:09     all   44.80    0.00   12.86    0.00    0.00    0.01    0.00    0.00    0.00   42.32
12:02:10     all   39.93    0.00   12.59    0.00    0.00    0.00    0.00    0.00    0.00   47.48
12:02:11     all   43.78    0.00   12.68    0.01    0.00    0.00    0.00    0.00    0.00   43.53
12:02:12     all   45.16    0.00   14.74    0.00    0.00    0.01    0.00    0.00    0.00   40.08
12:02:13     all   41.81    0.00   13.02    0.00    0.00    0.00    0.00    0.00    0.00   45.17
12:02:14     all   34.28    0.00   12.55    0.00    0.00    0.00    0.00    0.00    0.00   53.18
12:02:15     all   40.91    0.00   13.78    0.00    0.00    0.01    0.00    0.00    0.00   45.29
12:02:16     all   51.32    0.00   16.31    0.01    0.00    0.01    0.00    0.00    0.00   32.35
12:02:17     all   52.14    0.00   17.17    0.00    0.00    0.00    0.00    0.00    0.00   30.70
12:02:18     all   44.97    0.00   14.73    0.00    0.00    0.00    0.00    0.00    0.00   40.31
12:02:19     all   48.86    0.00   15.23    0.00    0.00    0.04    0.00    0.00    0.00   35.86
12:02:20     all   52.20    0.00   16.39    0.00    0.00    0.00    0.00    0.00    0.00   31.41
12:02:21     all   51.97    0.00   16.30    0.00    0.00    0.00    0.00    0.00    0.00   31.73
12:02:22     all   49.00    0.00   18.54    0.00    0.00    0.00    0.00    0.00    0.00   32.46
12:02:23     all   43.22    0.00   15.73    0.00    0.00    0.00    0.00    0.00    0.00   41.05
12:02:24     all   34.86    0.00   13.73    0.00    0.00    0.01    0.00    0.00    0.00   51.40
12:02:25     all   41.04    0.00   16.54    0.00    0.00    0.01    0.00    0.00    0.00   42.41
12:02:26     all   35.53    0.00   12.69    0.00    0.00    0.00    0.00    0.00    0.00   51.78
12:02:27     all   38.86    0.01   12.87    0.00    0.00    0.03    0.00    0.00    0.00   48.23
12:02:28     all   41.83    0.00   15.36    0.00    0.00    0.00    0.00    0.00    0.00   42.82
12:02:29     all   51.57    0.00   17.32    0.00    0.00    0.00    0.00    0.00    0.00   31.11
12:02:30     all   52.75    0.00   18.45    0.00    0.00    0.00    0.00    0.00    0.00   28.80
12:02:31     all   52.21    0.01   18.86    0.00    0.00    0.01    0.00    0.00    0.00   28.91
12:02:32     all   50.44    0.00   17.00    0.00    0.00    0.00    0.00    0.00    0.00   32.56
12:02:33     all   51.59    0.00   17.11    0.00    0.00    0.00    0.00    0.00    0.00   31.30
12:02:34     all   55.91    0.00   17.37    0.00    0.00    0.00    0.00    0.00    0.00   26.72
12:02:35     all   51.21    0.00   17.92    0.00    0.00    0.00    0.00    0.00    0.00   30.87
12:02:36     all   41.78    0.00   16.66    0.00    0.00    0.01    0.00    0.00    0.00   41.55
12:02:37     all   37.25    0.00   14.27    0.00    0.00    0.00    0.00    0.00    0.00   48.48
12:02:38     all   42.76    0.00   16.45    0.00    0.00    0.01    0.00    0.00    0.00   40.78
12:02:39     all   45.13    0.00   16.28    0.00    0.00    0.00    0.00    0.00    0.00   38.59
12:02:40     all   49.81    0.00   16.53    0.00    0.00    0.01    0.00    0.00    0.00   33.64
12:02:41     all   45.44    0.00   15.64    0.00    0.00    0.01    0.00    0.00    0.00   38.91
12:02:42     all   50.48    0.00   16.66    0.00    0.00    0.01    0.00    0.00    0.00   32.85
12:02:43     all   48.32    0.00   14.96    0.00    0.00    0.01    0.00    0.00    0.00   36.71
12:02:44     all   46.99    0.00   16.72    0.00    0.00    0.00    0.00    0.00    0.00   36.29
12:02:45     all   36.34    0.00   13.91    0.00    0.00    0.00    0.00    0.00    0.00   49.75
12:02:46     all   50.49    0.00   17.77    0.00    0.00    0.00    0.00    0.00    0.00   31.73
12:02:47     all   53.84    0.00   16.30    0.00    0.00    0.00    0.00    0.00    0.00   29.86
12:02:48     all   30.65    0.00   13.23    0.00    0.00    0.01    0.00    0.00    0.00   56.10
12:02:49     all   42.60    0.00   16.56    0.00    0.00    0.00    0.00    0.00    0.00   40.84
12:02:50     all   41.93    0.00   14.85    0.00    0.00    0.00    0.00    0.00    0.00   43.22
12:02:51     all   35.28    0.00   11.55    0.00    0.00    0.01    0.00    0.00    0.00   53.16
12:02:52     all   45.21    0.00   15.38    0.00    0.00    0.01    0.00    0.00    0.00   39.40
12:02:53     all   47.41    0.00   17.37    0.00    0.00    0.00    0.00    0.00    0.00   35.22
12:02:54     all   49.89    0.00   19.51    0.00    0.00    0.00    0.00    0.00    0.00   30.61
12:02:55     all   38.75    0.00   15.55    0.00    0.00    0.00    0.00    0.00    0.00   45.70
12:02:56     all   46.63    0.00   19.88    0.00    0.00    0.01    0.00    0.00    0.00   33.48
12:02:57     all   48.79    0.00   19.81    0.00    0.00    0.00    0.00    0.00    0.00   31.40
12:02:58     all   44.35    0.00   19.02    0.00    0.00    0.00    0.00    0.00    0.00   36.63
12:02:59     all   49.23    0.00   20.64    0.00    0.00    0.03    0.00    0.00    0.00   30.10
12:03:00     all   51.54    0.00   19.31    0.00    0.00    0.01    0.00    0.00    0.00   29.14
12:03:01     all   50.49    0.00   21.91    0.00    0.00    0.01    0.00    0.00    0.00   27.58
12:03:02     all   47.66    0.00   23.04    0.00    0.00    0.01    0.00    0.00    0.00   29.29
12:03:03     all   47.46    0.00   18.60    0.00    0.00    0.00    0.00    0.00    0.00   33.94
12:03:04     all   47.58    0.00   18.83    0.00    0.00    0.01    0.00    0.00    0.00   33.57
12:03:05     all   46.42    0.00   17.59    0.00    0.00    0.01    0.00    0.00    0.00   35.98
12:03:06     all   43.53    0.00   15.17    0.00    0.00    0.01    0.00    0.00    0.00   41.29
12:03:07     all   45.10    0.00   16.98    0.00    0.00    0.00    0.00    0.00    0.00   37.91
12:03:08     all   49.21    0.00   19.90    0.00    0.00    0.00    0.00    0.00    0.00   30.89
12:03:09     all   50.48    0.00   20.74    0.00    0.00    0.00    0.00    0.00    0.00   28.78
12:03:10     all   49.87    0.00   17.66    0.00    0.00    0.00    0.00    0.00    0.00   32.47
12:03:11     all   49.17    0.00   19.86    0.00    0.00    0.00    0.00    0.00    0.00   30.97
12:03:12     all   46.09    0.00   19.41    0.00    0.00    0.03    0.00    0.00    0.00   34.48
12:03:13     all   47.90    0.00   20.78    0.00    0.00    0.01    0.00    0.00    0.00   31.30
12:03:14     all   41.96    0.00   20.51    0.00    0.00    0.00    0.00    0.00    0.00   37.53
12:03:15     all   44.92    0.00   20.44    0.00    0.00    0.00    0.00    0.00    0.00   34.63
12:03:16     all   40.36    0.00   18.00    0.00    0.00    0.00    0.00    0.00    0.00   41.64
12:03:17     all   38.83    0.00   19.66    0.00    0.00    0.00    0.00    0.00    0.00   41.52
12:03:18     all   53.34    0.00   18.08    0.00    0.00    0.01    0.00    0.00    0.00   28.57
12:03:19     all   48.34    0.00   19.35    0.00    0.00    0.01    0.00    0.00    0.00   32.30
12:03:20     all   46.12    0.00   20.52    0.00    0.00    0.00    0.00    0.00    0.00   33.36
12:03:21     all   49.55    0.03   20.58    0.00    0.00    0.00    0.00    0.00    0.00   29.84
12:03:22     all   49.95    0.00   19.63    0.00    0.00    0.03    0.00    0.00    0.00   30.39
12:03:23     all   43.29    0.00   20.42    0.00    0.00    0.00    0.00    0.00    0.00   36.30
12:03:24     all   48.36    0.00   18.89    0.00    0.00    0.00    0.00    0.00    0.00   32.75
12:03:25     all   52.31    0.00   19.56    0.00    0.00    0.01    0.00    0.00    0.00   28.11
12:03:26     all   49.58    0.00   17.36    0.00    0.00    0.00    0.00    0.00    0.00   33.06
12:03:27     all   46.85    0.00   17.28    0.00    0.00    0.00    0.00    0.00    0.00   35.88
12:03:28     all   42.77    0.00   16.56    0.00    0.00    0.01    0.00    0.00    0.00   40.66
12:03:29     all   44.81    0.00   20.83    0.00    0.00    0.01    0.00    0.00    0.00   34.34
12:03:30     all   42.35    0.00   17.70    0.00    0.00    0.01    0.00    0.00    0.00   39.94
12:03:31     all   40.42    0.01   17.73    0.00    0.00    0.00    0.00    0.00    0.00   41.83
12:03:32     all   39.72    0.00   18.60    0.00    0.00    0.01    0.00    0.00    0.00   41.67
12:03:33     all   47.13    0.01   20.72    0.00    0.00    0.00    0.00    0.00    0.00   32.13
12:03:34     all   52.38    0.00   19.33    0.00    0.00    0.00    0.00    0.00    0.00   28.29
12:03:35     all   43.88    0.00   18.16    0.00    0.00    0.00    0.00    0.00    0.00   37.97
12:03:36     all   38.89    0.00   17.59    0.00    0.00    0.00    0.00    0.00    0.00   43.53
12:03:37     all   35.99    0.00   16.10    0.00    0.00    0.01    0.00    0.00    0.00   47.90
12:03:38     all   37.64    0.00   16.88    0.00    0.00    0.00    0.00    0.00    0.00   45.48
12:03:39     all   39.55    0.00   15.96    0.00    0.00    0.00    0.00    0.00    0.00   44.49
12:03:40     all   44.74    0.00   17.46    0.00    0.00    0.01    0.00    0.00    0.00   37.79
12:03:41     all   46.54    0.00   19.45    0.00    0.00    0.00    0.00    0.00    0.00   34.01
12:03:42     all   48.59    0.00   18.69    0.00    0.00    0.00    0.00    0.00    0.00   32.72
12:03:43     all   42.60    0.00   19.16    0.00    0.00    0.00    0.00    0.00    0.00   38.24
12:03:44     all   46.21    0.00   21.24    0.00    0.00    0.01    0.00    0.00    0.00   32.54
12:03:45     all   50.33    0.00   21.39    0.00    0.00    0.00    0.00    0.00    0.00   28.28
12:03:46     all   43.30    0.00   18.20    0.00    0.00    0.00    0.00    0.00    0.00   38.50
12:03:47     all   47.37    0.00   17.83    0.00    0.00    0.01    0.00    0.00    0.00   34.78
12:03:48     all   44.25    0.00   20.43    0.00    0.00    0.00    0.00    0.00    0.00   35.32
12:03:49     all   48.83    0.00   19.56    0.00    0.00    0.01    0.00    0.00    0.00   31.59
12:03:50     all   46.21    0.00   20.51    0.00    0.00    0.01    0.00    0.00    0.00   33.26
12:03:51     all   46.27    0.00   21.35    0.00    0.00    0.00    0.00    0.00    0.00   32.37
12:03:52     all   46.27    0.00   21.41    0.00    0.00    0.00    0.00    0.00    0.00   32.32
12:03:53     all   42.41    0.00   21.51    0.00    0.00    0.00    0.00    0.00    0.00   36.09
12:03:54     all   45.72    0.00   22.32    0.00    0.00    0.01    0.00    0.00    0.00   31.94
12:03:55     all   36.78    0.00   20.06    0.00    0.00    0.01    0.00    0.00    0.00   43.14
12:03:56     all   41.43    0.00   21.73    0.00    0.00    0.00    0.00    0.00    0.00   36.84
12:03:57     all   45.52    0.00   21.99    0.00    0.00    0.00    0.00    0.00    0.00   32.49
12:03:58     all   46.32    0.00   20.95    0.00    0.00    0.00    0.00    0.00    0.00   32.73
12:03:59     all   46.54    0.00   22.16    0.00    0.00    0.01    0.00    0.00    0.00   31.29
12:04:00     all   42.30    0.00   18.43    0.00    0.00    0.00    0.00    0.00    0.00   39.27
12:04:01     all   45.82    0.00   18.02    0.00    0.00    0.01    0.00    0.00    0.00   36.14
12:04:02     all   45.95    0.00   20.03    0.01    0.00    0.00    0.00    0.00    0.00   34.01
12:04:03     all   41.02    0.00   23.22    0.00    0.00    0.00    0.00    0.00    0.00   35.76
12:04:04     all   46.49    0.00   20.78    0.00    0.00    0.01    0.00    0.00    0.00   32.71
12:04:05     all   41.20    0.00   22.82    0.00    0.00    0.00    0.00    0.00    0.00   35.98
12:04:06     all   40.89    0.00   23.57    0.00    0.00    0.01    0.00    0.00    0.00   35.53
12:04:07     all   24.77    0.00   18.90    0.00    0.00    0.00    0.00    0.00    0.00   56.32
12:04:08     all   15.33    0.00   11.70    0.00    0.00    0.00    0.00    0.00    0.00   72.97
12:04:09     all   14.41    0.00    9.68    0.00    0.00    0.00    0.00    0.00    0.00   75.91
12:04:10     all   13.26    0.00    8.52    0.00    0.00    0.00    0.00    0.00    0.00   78.22
12:04:11     all   10.69    0.00    7.31    0.00    0.00    0.00    0.00    0.00    0.00   81.99
12:04:12     all   10.23    0.00    5.93    0.00    0.00    0.00    0.00    0.00    0.00   83.84
12:04:13     all    9.77    0.00    5.78    0.00    0.00    0.00    0.00    0.00    0.00   84.44
12:04:14     all    8.77    0.00    5.42    0.00    0.00    0.00    0.00    0.00    0.00   85.81
12:04:15     all    8.24    0.00    5.03    0.00    0.00    0.00    0.00    0.00    0.00   86.73
12:04:16     all    7.97    0.00    3.80    0.00    0.00    0.00    0.00    0.00    0.00   88.24
12:04:17     all    7.39    0.00    4.28    0.00    0.00    0.00    0.00    0.00    0.00   88.33
Average:     all   36.48    0.00   12.59    0.00    0.00    0.00    0.00    0.00    0.00   50.93
