Linux 6.8.0-136-generic (856a17914eb3) 	08/10/26 	_x86_64_	(72 CPU)

10:16:31     CPU    %usr   %nice    %sys %iowait    %irq   %soft  %steal  %guest  %gnice   %idle
10:16:32     all   11.51    0.00    0.47    0.00    0.00    0.00    0.00    0.00    0.00   88.01
10:16:33     all    1.10    0.00    0.96    0.00    0.00    0.00    0.00    0.00    0.00   97.94
10:16:34     all    1.51    0.00    0.29    0.00    0.00    0.00    0.00    0.00    0.00   98.20
10:16:35     all    1.67    0.00    0.21    0.00    0.00    0.00    0.00    0.00    0.00   98.12
10:16:36     all    1.89    0.00    0.40    0.00    0.00    0.00    0.00    0.00    0.00   97.71
10:16:37     all    1.68    0.00    0.36    0.00    0.00    0.00    0.00    0.00    0.00   97.96
10:16:38     all    1.75    0.00    0.50    0.00    0.00    0.00    0.00    0.00    0.00   97.75
10:16:39     all    1.39    0.00    0.18    0.00    0.00    0.00    0.00    0.00    0.00   98.43
10:16:40     all    1.53    0.00    0.24    0.00    0.00    0.00    0.00    0.00    0.00   98.24
10:16:41     all    1.64    0.00    0.24    0.00    0.00    0.00    0.00    0.00    0.00   98.13
10:16:42     all    1.36    0.00    0.15    0.00    0.00    0.00    0.00    0.00    0.00   98.49
10:16:43     all    1.63    0.00    0.22    0.00    0.00    0.00    0.00    0.00    0.00   98.15
10:16:44     all    1.35    0.01    0.46    0.00    0.00    0.00    0.00    0.00    0.00   98.18
10:16:45     all    1.47    0.00    0.22    0.00    0.00    0.00    0.00    0.00    0.00   98.31
10:16:46     all    2.00    0.00    0.35    0.00    0.00    0.00    0.00    0.00    0.00   97.65
10:16:47     all    1.57    0.00    0.24    0.00    0.00    0.00    0.00    0.00    0.00   98.19
10:16:48     all    1.53    0.00    0.24    0.00    0.00    0.00    0.00    0.00    0.00   98.23
10:16:49     all    1.43    0.00    0.22    0.00    0.00    0.00    0.00    0.00    0.00   98.35
10:16:50     all    1.65    0.00    0.18    0.00    0.00    0.00    0.00    0.00    0.00   98.17
10:16:51     all    1.47    0.00    0.18    0.00    0.00    0.00    0.00    0.00    0.00   98.35
10:16:52     all    1.42    0.01    0.24    0.00    0.00    0.00    0.00    0.00    0.00   98.33
10:16:53     all    1.67    0.00    0.32    0.00    0.00    0.00    0.00    0.00    0.00   98.01
10:16:54     all    4.66    0.00    1.50    0.00    0.00    0.01    0.00    0.00    0.00   93.82
10:16:55     all   26.91    0.00    2.23    0.00    0.00    0.00    0.00    0.00    0.00   70.86
10:16:56     all   40.68    0.00    1.45    0.01    0.00    0.00    0.00    0.00    0.00   57.86
10:16:57     all   51.50    0.00    3.37    0.00    0.00    0.00    0.00    0.00    0.00   45.13
10:16:58     all   47.26    0.00    2.31    0.00    0.00    0.00    0.00    0.00    0.00   50.43
10:16:59     all   41.78    0.00    1.88    0.00    0.00    0.00    0.00    0.00    0.00   56.34
10:17:00     all   38.17    0.00    1.52    0.00    0.00    0.01    0.00    0.00    0.00   60.30
10:17:01     all   40.59    0.01    1.09    0.00    0.00    0.00    0.00    0.00    0.00   58.31
10:17:02     all   38.85    0.00    0.81    0.00    0.00    0.00    0.00    0.00    0.00   60.34
10:17:03     all   32.33    0.00    0.74    0.00    0.00    0.00    0.00    0.00    0.00   66.93
10:17:04     all   43.11    0.00    0.59    0.00    0.00    0.01    0.00    0.00    0.00   56.29
10:17:05     all   44.86    0.00    0.53    0.00    0.00    0.00    0.00    0.00    0.00   54.61
10:17:06     all   45.66    0.00    0.66    0.00    0.00    0.01    0.00    0.00    0.00   53.67
10:17:07     all   36.85    0.00    0.70    0.00    0.00    0.00    0.00    0.00    0.00   62.45
10:17:08     all   33.48    0.00    1.13    0.00    0.00    0.00    0.00    0.00    0.00   65.39
10:17:09     all   47.54    0.00    0.78    0.00    0.00    0.01    0.00    0.00    0.00   51.67
10:17:10     all   54.66    0.00    1.65    0.00    0.00    0.00    0.00    0.00    0.00   43.69
10:17:11     all   43.72    0.00    2.36    0.00    0.00    0.01    0.00    0.00    0.00   53.90
10:17:12     all   38.17    0.00    1.78    0.00    0.00    0.00    0.00    0.00    0.00   60.05
10:17:13     all   29.77    0.00    1.81    0.00    0.00    0.00    0.00    0.00    0.00   68.42
10:17:14     all   31.65    0.00    1.05    0.00    0.00    0.00    0.00    0.00    0.00   67.30
10:17:15     all   39.96    0.00    1.64    0.00    0.00    0.00    0.00    0.00    0.00   58.40
10:17:16     all   44.55    0.00    2.12    0.00    0.00    0.00    0.00    0.00    0.00   53.33
10:17:17     all   48.10    0.00    1.92    0.00    0.00    0.01    0.00    0.00    0.00   49.97
10:17:18     all   52.03    0.00    2.66    0.00    0.00    0.01    0.00    0.00    0.00   45.30
10:17:19     all   57.87    0.00    2.85    0.00    0.00    0.00    0.00    0.00    0.00   39.28
10:17:20     all   55.37    0.00    3.80    0.00    0.00    0.00    0.00    0.00    0.00   40.83
10:17:21     all   56.31    0.00    3.70    0.00    0.00    0.00    0.00    0.00    0.00   39.99
10:17:22     all   59.14    0.00    4.20    0.00    0.00    0.00    0.00    0.00    0.00   36.66
10:17:23     all   56.44    0.00    4.46    0.00    0.00    0.00    0.00    0.00    0.00   39.10
10:17:24     all   55.21    0.00    4.69    0.00    0.00    0.00    0.00    0.00    0.00   40.11
10:17:25     all   54.04    0.00    3.88    0.00    0.00    0.00    0.00    0.00    0.00   42.07
10:17:26     all   51.31    0.00    3.70    0.00    0.00    0.01    0.00    0.00    0.00   44.97
10:17:27     all   40.33    0.00    3.09    0.00    0.00    0.01    0.00    0.00    0.00   56.57
10:17:28     all   40.92    0.00    1.89    0.00    0.00    0.01    0.00    0.00    0.00   57.18
10:17:29     all   36.27    0.00    1.96    0.00    0.00    0.00    0.00    0.00    0.00   61.77
10:17:30     all   36.70    0.00    1.78    0.00    0.00    0.00    0.00    0.00    0.00   61.52
10:17:31     all   46.15    0.00    2.58    0.00    0.00    0.01    0.00    0.00    0.00   51.25
10:17:32     all   43.77    0.00    2.31    0.00    0.00    0.00    0.00    0.00    0.00   53.92
10:17:33     all   35.89    0.00    1.94    0.00    0.00    0.00    0.00    0.00    0.00   62.18
10:17:34     all   35.94    0.00    1.46    0.00    0.00    0.00    0.00    0.00    0.00   62.59
10:17:35     all   42.43    0.00    1.32    0.00    0.00    0.00    0.00    0.00    0.00   56.24
10:17:36     all   45.38    0.00    1.42    0.00    0.00    0.00    0.00    0.00    0.00   53.20
10:17:37     all   45.75    0.00    2.08    0.00    0.00    0.00    0.00    0.00    0.00   52.17
10:17:38     all   44.99    0.00    1.78    0.00    0.00    0.00    0.00    0.00    0.00   53.23
10:17:39     all   48.14    0.00    1.95    0.00    0.00    0.00    0.00    0.00    0.00   49.91
10:17:40     all   52.12    0.00    1.87    0.00    0.00    0.00    0.00    0.00    0.00   46.01
10:17:41     all   51.89    0.00    1.86    0.00    0.00    0.01    0.00    0.00    0.00   46.24
10:17:42     all   47.48    0.00    2.08    0.00    0.00    0.00    0.00    0.00    0.00   50.45
10:17:43     all   47.87    0.00    1.77    0.00    0.00    0.00    0.00    0.00    0.00   50.36
10:17:44     all   48.29    0.00    2.21    0.00    0.00    0.00    0.00    0.00    0.00   49.49
10:17:45     all   43.73    0.00    1.53    0.00    0.00    0.00    0.00    0.00    0.00   54.74
10:17:46     all   41.46    0.00    1.52    0.00    0.00    0.00    0.00    0.00    0.00   57.03
10:17:47     all   46.19    0.00    1.59    0.00    0.00    0.00    0.00    0.00    0.00   52.22
10:17:48     all   44.57    0.00    1.74    0.01    0.00    0.00    0.00    0.00    0.00   53.68
10:17:49     all   51.20    0.00    1.96    0.00    0.00    0.00    0.00    0.00    0.00   46.83
10:17:50     all   48.75    0.00    1.99    0.00    0.00    0.00    0.00    0.00    0.00   49.26
10:17:51     all   47.96    0.00    1.94    0.00    0.00    0.00    0.00    0.00    0.00   50.10
10:17:52     all   41.37    0.00    2.00    0.00    0.00    0.00    0.00    0.00    0.00   56.63
10:17:53     all   50.42    0.00    1.77    0.00    0.00    0.01    0.00    0.00    0.00   47.80
10:17:54     all   55.50    0.00    2.70    0.00    0.00    0.01    0.00    0.00    0.00   41.78
10:17:55     all   57.70    0.00    2.27    0.00    0.00    0.00    0.00    0.00    0.00   40.02
10:17:56     all   54.59    0.00    2.45    0.00    0.00    0.00    0.00    0.00    0.00   42.96
10:17:57     all   51.92    0.00    2.40    0.00    0.00    0.00    0.00    0.00    0.00   45.69
10:17:58     all   54.08    0.00    3.31    0.00    0.00    0.00    0.00    0.00    0.00   42.61
10:17:59     all   50.66    0.00    3.07    0.00    0.00    0.00    0.00    0.00    0.00   46.27
10:18:00     all   53.12    0.00    3.09    0.00    0.00    0.00    0.00    0.00    0.00   43.80
10:18:01     all   51.53    0.00    3.18    0.00    0.00    0.00    0.00    0.00    0.00   45.29
10:18:02     all   48.05    0.00    3.85    0.00    0.00    0.00    0.00    0.00    0.00   48.09
10:18:03     all   50.56    0.00    2.47    0.00    0.00    0.00    0.00    0.00    0.00   46.97
10:18:04     all   50.01    0.00    3.06    0.00    0.00    0.00    0.00    0.00    0.00   46.93
10:18:05     all   50.34    0.00    4.60    0.00    0.00    0.00    0.00    0.00    0.00   45.06
10:18:06     all   50.40    0.00    2.53    0.00    0.00    0.00    0.00    0.00    0.00   47.07
10:18:07     all   52.77    0.00    2.68    0.00    0.00    0.00    0.00    0.00    0.00   44.55
10:18:08     all   55.56    0.00    2.57    0.00    0.00    0.00    0.00    0.00    0.00   41.87
10:18:09     all   57.78    0.00    1.85    0.00    0.00    0.00    0.00    0.00    0.00   40.36
10:18:10     all   56.26    0.00    2.82    0.00    0.00    0.00    0.00    0.00    0.00   40.92
10:18:11     all   55.14    0.00    2.62    0.00    0.00    0.00    0.00    0.00    0.00   42.25
10:18:12     all   54.83    0.00    2.95    0.00    0.00    0.00    0.00    0.00    0.00   42.22
10:18:13     all   56.95    0.00    3.33    0.00    0.00    0.03    0.00    0.00    0.00   39.69
10:18:14     all   57.98    0.00    3.79    0.00    0.00    0.00    0.00    0.00    0.00   38.23
10:18:15     all   55.61    0.00    3.75    0.00    0.00    0.01    0.00    0.00    0.00   40.63
10:18:16     all   56.24    0.00    4.09    0.00    0.00    0.00    0.00    0.00    0.00   39.67
10:18:17     all   55.95    0.00    3.66    0.00    0.00    0.00    0.00    0.00    0.00   40.39
10:18:18     all   56.79    0.00    3.67    0.00    0.00    0.03    0.00    0.00    0.00   39.51
10:18:19     all   55.05    0.00    4.00    0.00    0.00    0.00    0.00    0.00    0.00   40.96
10:18:20     all   52.55    0.00    3.54    0.00    0.00    0.01    0.00    0.00    0.00   43.90
10:18:21     all   57.07    0.00    4.11    0.00    0.00    0.00    0.00    0.00    0.00   38.82
10:18:22     all   55.06    0.00    3.85    0.00    0.00    0.00    0.00    0.00    0.00   41.08
10:18:23     all   54.07    0.00    3.61    0.00    0.00    0.01    0.00    0.00    0.00   42.30
10:18:24     all   55.70    0.00    3.73    0.00    0.00    0.01    0.00    0.00    0.00   40.56
10:18:25     all   54.82    0.00    4.07    0.00    0.00    0.00    0.00    0.00    0.00   41.11
10:18:26     all   42.42    0.00    3.53    0.00    0.00    0.00    0.00    0.00    0.00   54.05
10:18:27     all   50.17    0.00    2.96    0.00    0.00    0.00    0.00    0.00    0.00   46.87
10:18:28     all   51.74    0.00    2.68    0.00    0.00    0.00    0.00    0.00    0.00   45.59
10:18:29     all   49.69    0.00    3.01    0.00    0.00    0.00    0.00    0.00    0.00   47.30
10:18:30     all   56.95    0.00    3.56    0.00    0.00    0.00    0.00    0.00    0.00   39.49
10:18:31     all   57.45    0.00    3.43    0.00    0.00    0.00    0.00    0.00    0.00   39.12
10:18:32     all   53.74    0.00    3.42    0.00    0.00    0.00    0.00    0.00    0.00   42.84
10:18:33     all   55.14    0.00    3.48    0.00    0.00    0.00    0.00    0.00    0.00   41.38
10:18:34     all   54.91    0.00    2.95    0.00    0.00    0.00    0.00    0.00    0.00   42.14
10:18:35     all   53.23    0.00    3.92    0.00    0.00    0.00    0.00    0.00    0.00   42.85
10:18:36     all   53.97    0.00    3.35    0.00    0.00    0.01    0.00    0.00    0.00   42.66
10:18:37     all   54.53    0.00    3.24    0.01    0.00    0.00    0.00    0.00    0.00   42.22
10:18:38     all   54.65    0.00    3.21    0.00    0.00    0.00    0.00    0.00    0.00   42.14
10:18:39     all   54.93    0.01    3.75    0.00    0.00    0.00    0.00    0.00    0.00   41.30
10:18:40     all   57.70    0.00    3.49    0.00    0.00    0.01    0.00    0.00    0.00   38.80
10:18:41     all   57.20    0.00    3.12    0.00    0.00    0.00    0.00    0.00    0.00   39.68
10:18:42     all   56.76    0.00    3.93    0.00    0.00    0.00    0.00    0.00    0.00   39.31
10:18:43     all   53.77    0.00    4.05    0.00    0.00    0.01    0.00    0.00    0.00   42.16
10:18:44     all   55.52    0.00    4.00    0.00    0.00    0.00    0.00    0.00    0.00   40.48
10:18:45     all   54.72    0.00    4.09    0.00    0.00    0.00    0.00    0.00    0.00   41.19
10:18:46     all   54.87    0.00    4.87    0.00    0.00    0.01    0.00    0.00    0.00   40.24
10:18:47     all   52.58    0.00    3.39    0.00    0.00    0.00    0.00    0.00    0.00   44.04
10:18:48     all   55.74    0.00    3.66    0.00    0.00    0.00    0.00    0.00    0.00   40.60
10:18:49     all   53.25    0.00    3.44    0.00    0.00    0.00    0.00    0.00    0.00   43.31
10:18:50     all   55.71    0.00    3.62    0.00    0.00    0.00    0.00    0.00    0.00   40.67
10:18:51     all   53.67    0.00    3.52    0.00    0.00    0.00    0.00    0.00    0.00   42.81
10:18:52     all   53.81    0.00    3.88    0.00    0.00    0.00    0.00    0.00    0.00   42.31
10:18:53     all   54.46    0.00    2.61    0.00    0.00    0.00    0.00    0.00    0.00   42.93
10:18:54     all   54.33    0.00    3.89    0.00    0.00    0.01    0.00    0.00    0.00   41.77
10:18:55     all   49.86    0.00    2.98    0.00    0.00    0.00    0.00    0.00    0.00   47.16
10:18:56     all   43.96    0.00    2.93    0.00    0.00    0.00    0.00    0.00    0.00   53.11
10:18:57     all   29.64    0.00    2.63    0.00    0.00    0.00    0.00    0.00    0.00   67.73
10:18:58     all   17.02    0.00    1.89    0.00    0.00    0.00    0.00    0.00    0.00   81.09
10:18:59     all   11.93    0.00    1.68    0.00    0.00    0.00    0.00    0.00    0.00   86.39
10:19:00     all    9.87    0.00    1.56    0.00    0.00    0.00    0.00    0.00    0.00   88.58
10:19:01     all   10.06    0.00    1.47    0.00    0.00    0.00    0.00    0.00    0.00   88.46
10:19:02     all    9.71    0.00    2.22    0.00    0.00    0.00    0.00    0.00    0.00   88.07
10:19:03     all    8.53    0.00    1.47    0.00    0.00    0.00    0.00    0.00    0.00   90.00
10:19:04     all    8.13    0.00    1.53    0.00    0.00    0.00    0.00    0.00    0.00   90.34
10:19:05     all    7.05    0.00    1.49    0.00    0.00    0.00    0.00    0.00    0.00   91.47
10:19:06     all    7.34    0.00    1.25    0.00    0.00    0.01    0.00    0.00    0.00   91.40
10:19:07     all    7.29    0.00    1.11    0.00    0.00    0.00    0.00    0.00    0.00   91.59
10:19:08     all    6.09    0.00    1.15    0.00    0.00    0.00    0.00    0.00    0.00   92.76
10:19:09     all    5.91    0.00    1.17    0.00    0.00    0.00    0.00    0.00    0.00   92.93
10:19:10     all    6.10    0.00    1.36    0.00    0.00    0.01    0.00    0.00    0.00   92.52
10:19:11     all    5.97    0.00    0.99    0.00    0.00    0.00    0.00    0.00    0.00   93.04
Average:     all   38.98    0.00    2.26    0.00    0.00    0.00    0.00    0.00    0.00   58.75
