Linux 6.8.0-136-generic (856a17914eb3) 	08/10/26 	_x86_64_	(72 CPU)

06:52:03     CPU    %usr   %nice    %sys %iowait    %irq   %soft  %steal  %guest  %gnice   %idle
06:52:04     all   11.58    0.00    0.37    0.00    0.00    0.00    0.00    0.00    0.00   88.04
06:52:05     all    1.11    0.00    0.76    0.00    0.00    0.00    0.00    0.00    0.00   98.12
06:52:06     all    1.64    0.00    0.21    0.00    0.00    0.00    0.00    0.00    0.00   98.15
06:52:07     all    1.61    0.00    0.18    0.00    0.00    0.00    0.00    0.00    0.00   98.21
06:52:08     all    1.32    0.00    0.18    0.00    0.00    0.00    0.00    0.00    0.00   98.50
06:52:09     all    1.57    0.00    0.17    0.00    0.00    0.00    0.00    0.00    0.00   98.26
06:52:10     all    1.58    0.00    0.21    0.01    0.00    0.01    0.00    0.00    0.00   98.18
06:52:11     all    1.54    0.00    0.28    0.00    0.00    0.00    0.00    0.00    0.00   98.18
06:52:12     all    1.26    0.00    0.50    0.00    0.00    0.00    0.00    0.00    0.00   98.24
06:52:13     all    1.53    0.00    0.18    0.00    0.00    0.00    0.00    0.00    0.00   98.29
06:52:14     all    1.35    0.00    0.19    0.00    0.00    0.00    0.00    0.00    0.00   98.46
06:52:15     all    1.63    0.00    0.19    0.00    0.00    0.00    0.00    0.00    0.00   98.18
06:52:16     all    2.15    0.00    0.32    0.00    0.00    0.00    0.00    0.00    0.00   97.53
06:52:17     all    1.38    0.00    0.21    0.00    0.00    0.00    0.00    0.00    0.00   98.42
06:52:18     all    6.54    0.00    8.45    0.00    0.00    0.00    0.00    0.00    0.00   85.02
06:52:19     all   25.69    0.00    8.92    0.00    0.00    0.00    0.00    0.00    0.00   65.39
06:52:20     all   34.36    0.00    1.96    0.00    0.00    0.00    0.00    0.00    0.00   63.68
06:52:21     all   34.68    0.00    1.37    0.00    0.00    0.00    0.00    0.00    0.00   63.95
06:52:22     all   35.31    0.00    0.82    0.00    0.00    0.00    0.00    0.00    0.00   63.86
06:52:23     all   39.36    0.00    0.95    0.00    0.00    0.01    0.00    0.00    0.00   59.68
06:52:24     all   64.58    0.01    4.58    0.00    0.00    0.00    0.00    0.00    0.00   30.82
06:52:25     all   33.43    0.00    3.14    0.00    0.00    0.00    0.00    0.00    0.00   63.43
06:52:26     all   38.48    0.00    2.80    0.00    0.00    0.00    0.00    0.00    0.00   58.72
06:52:27     all   32.31    0.00    2.70    0.00    0.00    0.00    0.00    0.00    0.00   64.99
06:52:28     all   36.98    0.00    2.45    0.00    0.00    0.00    0.00    0.00    0.00   60.57
06:52:29     all   35.67    0.00    2.66    0.00    0.00    0.00    0.00    0.00    0.00   61.67
06:52:30     all   33.58    0.00    2.56    0.00    0.00    0.00    0.00    0.00    0.00   63.86
06:52:31     all   30.26    0.00    2.34    0.00    0.00    0.00    0.00    0.00    0.00   67.39
06:52:32     all   33.55    0.00    2.02    0.00    0.00    0.00    0.00    0.00    0.00   64.44
06:52:33     all   33.05    0.00    0.86    0.00    0.00    0.00    0.00    0.00    0.00   66.09
06:52:34     all   32.68    0.00    0.95    0.00    0.00    0.00    0.00    0.00    0.00   66.37
06:52:35     all   33.58    0.00    1.11    0.00    0.00    0.01    0.00    0.00    0.00   65.29
06:52:36     all   34.62    0.00    1.09    0.00    0.00    0.00    0.00    0.00    0.00   64.29
06:52:37     all   34.22    0.00    1.06    0.00    0.00    0.00    0.00    0.00    0.00   64.72
06:52:38     all   26.93    0.00    0.91    0.00    0.00    0.01    0.00    0.00    0.00   72.15
06:52:39     all   26.90    0.00    1.14    0.00    0.00    0.00    0.00    0.00    0.00   71.96
06:52:40     all   34.17    0.00    0.80    0.00    0.00    0.00    0.00    0.00    0.00   65.03
06:52:41     all   35.03    0.00    0.67    0.00    0.00    0.00    0.00    0.00    0.00   64.30
06:52:42     all   32.41    0.00    0.85    0.00    0.00    0.00    0.00    0.00    0.00   66.74
06:52:43     all   40.19    0.00    0.87    0.00    0.00    0.00    0.00    0.00    0.00   58.94
06:52:44     all   47.76    0.00    1.32    0.00    0.00    0.01    0.00    0.00    0.00   50.91
06:52:45     all   47.59    0.00    1.27    0.00    0.00    0.00    0.00    0.00    0.00   51.14
06:52:46     all   47.65    0.00    0.94    0.00    0.00    0.00    0.00    0.00    0.00   51.41
06:52:47     all   29.79    0.00    1.36    0.00    0.00    0.00    0.00    0.00    0.00   68.84
06:52:48     all   30.53    0.00    0.64    0.00    0.00    0.01    0.00    0.00    0.00   68.81
06:52:49     all   34.58    0.00    0.59    0.00    0.00    0.00    0.00    0.00    0.00   64.84
06:52:50     all   28.08    0.00    0.46    0.00    0.00    0.00    0.00    0.00    0.00   71.45
06:52:51     all   36.49    0.00    0.52    0.00    0.00    0.01    0.00    0.00    0.00   62.98
06:52:52     all   48.41    0.00    0.93    0.00    0.00    0.00    0.00    0.00    0.00   50.65
06:52:53     all   52.76    0.00    1.05    0.00    0.00    0.00    0.00    0.00    0.00   46.20
06:52:54     all   67.62    0.00    2.13    0.00    0.00    0.00    0.00    0.00    0.00   30.25
06:52:55     all   41.66    0.00    1.88    0.00    0.00    0.00    0.00    0.00    0.00   56.46
06:52:56     all   31.15    0.00    1.03    0.01    0.00    0.00    0.00    0.00    0.00   67.81
06:52:57     all   23.82    0.00    1.84    0.01    0.00    0.00    0.00    0.00    0.00   74.33
06:52:58     all   28.49    0.00    1.34    0.00    0.00    0.01    0.00    0.00    0.00   70.16
06:52:59     all   30.18    0.00    1.46    0.00    0.00    0.01    0.00    0.00    0.00   68.34
06:53:00     all   32.51    0.00    1.24    0.00    0.00    0.00    0.00    0.00    0.00   66.25
06:53:01     all   28.18    0.00    1.36    0.00    0.00    0.00    0.00    0.00    0.00   70.46
06:53:02     all   26.44    0.00    2.13    0.00    0.00    0.01    0.00    0.00    0.00   71.42
06:53:03     all   25.94    0.00    1.10    0.00    0.00    0.00    0.00    0.00    0.00   72.96
06:53:04     all   30.42    0.00    1.74    0.00    0.00    0.01    0.00    0.00    0.00   67.82
06:53:05     all   34.44    0.00    1.59    0.00    0.00    0.00    0.00    0.00    0.00   63.97
06:53:06     all   32.62    0.00    2.06    0.00    0.00    0.00    0.00    0.00    0.00   65.32
06:53:07     all   33.02    0.03    2.23    0.00    0.00    0.00    0.00    0.00    0.00   64.72
06:53:08     all   31.95    0.00    1.91    0.00    0.00    0.01    0.00    0.00    0.00   66.13
06:53:09     all   22.41    0.00    1.63    0.00    0.00    0.00    0.00    0.00    0.00   75.97
06:53:10     all   30.46    0.00    1.38    0.00    0.00    0.00    0.00    0.00    0.00   68.16
06:53:11     all   42.75    0.00    1.38    0.00    0.00    0.00    0.00    0.00    0.00   55.88
06:53:12     all   65.85    0.00    2.70    0.00    0.00    0.00    0.00    0.00    0.00   31.45
06:53:13     all   54.64    0.00    2.48    0.00    0.00    0.00    0.00    0.00    0.00   42.88
06:53:14     all   68.34    0.00    4.65    0.00    0.00    0.00    0.00    0.00    0.00   27.01
06:53:15     all   58.17    0.00    4.20    0.00    0.00    0.01    0.00    0.00    0.00   37.62
06:53:16     all   52.56    0.00    4.79    0.00    0.00    0.00    0.00    0.00    0.00   42.64
06:53:17     all   57.56    0.00    5.20    0.00    0.00    0.00    0.00    0.00    0.00   37.24
06:53:18     all   55.82    0.00    5.22    0.00    0.00    0.00    0.00    0.00    0.00   38.96
06:53:19     all   74.81    0.00    5.61    0.00    0.00    0.01    0.00    0.00    0.00   19.56
06:53:20     all   66.90    0.00    4.40    0.00    0.00    0.00    0.00    0.00    0.00   28.70
06:53:21     all   68.86    0.00    3.45    0.00    0.00    0.00    0.00    0.00    0.00   27.69
06:53:22     all   64.57    0.00    3.84    0.00    0.00    0.03    0.00    0.00    0.00   31.56
06:53:23     all   48.68    0.00    4.25    0.00    0.00    0.00    0.00    0.00    0.00   47.08
06:53:24     all   26.18    0.00    2.31    0.00    0.00    0.00    0.00    0.00    0.00   71.50
06:53:25     all    4.83    0.00    0.50    0.00    0.00    0.00    0.00    0.00    0.00   94.67
06:53:26     all    1.71    0.00    0.21    0.00    0.00    0.00    0.00    0.00    0.00   98.08
06:53:27     all    1.32    0.00    0.33    0.00    0.00    0.00    0.00    0.00    0.00   98.35
06:53:28     all    1.21    0.00    0.58    0.00    0.00    0.00    0.00    0.00    0.00   98.21
06:53:29     all    0.88    0.00    0.69    0.00    0.00    0.00    0.00    0.00    0.00   98.43
06:53:30     all    0.36    0.00    1.50    0.00    0.00    0.00    0.00    0.00    0.00   98.14
06:53:31     all    0.67    0.00    1.38    0.00    0.00    0.00    0.00    0.00    0.00   97.96
06:53:32     all    0.24    0.00    1.10    0.00    0.00    0.00    0.00    0.00    0.00   98.67
06:53:33     all    0.12    0.00    0.12    0.00    0.00    0.00    0.00    0.00    0.00   99.75
06:53:34     all    0.24    0.00    0.04    0.00    0.00    0.00    0.00    0.00    0.00   99.72
06:53:35     all    0.21    0.00    0.03    0.00    0.00    0.00    0.00    0.00    0.00   99.76
06:53:36     all    0.06    0.00    0.03    0.01    0.00    0.00    0.00    0.00    0.00   99.90
06:53:37     all    0.36    0.00    0.14    0.00    0.00    0.00    0.00    0.00    0.00   99.50
06:53:38     all    0.39    0.00    0.13    0.00    0.00    0.00    0.00    0.00    0.00   99.49
06:53:39     all    0.19    0.00    0.28    0.00    0.00    0.00    0.00    0.00    0.00   99.53
06:53:40     all    0.26    0.00    0.04    0.00    0.00    0.00    0.00    0.00    0.00   99.69
06:53:41     all    0.22    0.00    0.01    0.00    0.00    0.00    0.00    0.00    0.00   99.76
06:53:42     all    0.25    0.00    0.13    0.00    0.00    0.00    0.00    0.00    0.00   99.62
06:53:43     all    0.32    0.00    0.13    0.00    0.00    0.01    0.00    0.00    0.00   99.54
Average:     all   26.82    0.00    1.61    0.00    0.00    0.00    0.00    0.00    0.00   71.57
