Linux 6.8.0-136-generic (856a17914eb3) 	08/10/26 	_x86_64_	(72 CPU)

12:32:43     CPU    %usr   %nice    %sys %iowait    %irq   %soft  %steal  %guest  %gnice   %idle
12:32:44     all   11.42    0.00    0.64    0.00    0.00    0.00    0.00    0.00    0.00   87.94
12:32:45     all    1.11    0.00    0.93    0.00    0.00    0.00    0.00    0.00    0.00   97.96
12:32:46     all    1.47    0.00    0.22    0.00    0.00    0.00    0.00    0.00    0.00   98.30
12:32:47     all    1.61    0.00    0.29    0.00    0.00    0.00    0.00    0.00    0.00   98.10
12:32:48     all    1.39    0.00    0.18    0.00    0.00    0.00    0.00    0.00    0.00   98.43
12:32:49     all    1.58    0.00    0.22    0.00    0.00    0.00    0.00    0.00    0.00   98.19
12:32:50     all    1.61    0.00    0.31    0.00    0.00    0.00    0.00    0.00    0.00   98.08
12:32:51     all    1.53    0.00    0.22    0.00    0.00    0.00    0.00    0.00    0.00   98.25
12:32:52     all    1.57    0.00    0.18    0.00    0.00    0.00    0.00    0.00    0.00   98.25
12:32:53     all    1.57    0.00    0.24    0.00    0.00    0.00    0.00    0.00    0.00   98.19
12:32:54     all    1.93    0.00    0.40    0.00    0.00    0.00    0.00    0.00    0.00   97.67
12:32:55     all    1.65    0.00    0.24    0.00    0.00    0.00    0.00    0.00    0.00   98.11
12:32:56     all    1.64    0.00    0.40    0.00    0.00    0.00    0.00    0.00    0.00   97.96
12:32:57     all    1.47    0.00    0.19    0.00    0.00    0.00    0.00    0.00    0.00   98.33
12:32:58     all    1.51    0.00    0.22    0.00    0.00    0.00    0.00    0.00    0.00   98.26
12:32:59     all    1.58    0.00    0.21    0.00    0.00    0.00    0.00    0.00    0.00   98.21
12:33:00     all    1.76    0.00    0.31    0.00    0.00    0.00    0.00    0.00    0.00   97.93
12:33:01     all    1.46    0.00    0.54    0.00    0.00    0.00    0.00    0.00    0.00   98.00
12:33:02     all    1.57    0.00    0.38    0.00    0.00    0.00    0.00    0.00    0.00   98.05
12:33:03     all    1.42    0.00    0.15    0.00    0.00    0.00    0.00    0.00    0.00   98.43
12:33:04     all    1.58    0.00    0.14    0.00    0.00    0.00    0.00    0.00    0.00   98.28
12:33:05     all    1.61    0.01    0.26    0.00    0.00    0.00    0.00    0.00    0.00   98.11
12:33:06     all    1.69    0.00    0.29    0.00    0.00    0.00    0.00    0.00    0.00   98.01
12:33:07     all    1.89    0.00    0.31    0.00    0.00    0.00    0.00    0.00    0.00   97.81
12:33:08     all    1.51    0.00    0.18    0.00    0.00    0.00    0.00    0.00    0.00   98.30
12:33:09     all    1.82    0.00    0.35    0.00    0.00    0.00    0.00    0.00    0.00   97.83
12:33:10     all    1.76    0.00    0.31    0.00    0.00    0.00    0.00    0.00    0.00   97.93
12:33:11     all    1.46    0.00    0.18    0.00    0.00    0.00    0.00    0.00    0.00   98.36
12:33:12     all    1.68    0.00    0.43    0.00    0.00    0.00    0.00    0.00    0.00   97.89
12:33:13     all    1.67    0.00    0.26    0.00    0.00    0.00    0.00    0.00    0.00   98.07
12:33:14     all    1.40    0.00    0.28    0.00    0.00    0.00    0.00    0.00    0.00   98.32
12:33:15     all    1.51    0.00    0.19    0.00    0.00    0.00    0.00    0.00    0.00   98.29
12:33:16     all    1.58    0.00    0.18    0.01    0.00    0.00    0.00    0.00    0.00   98.22
12:33:17     all   16.12    0.00    3.93    0.00    0.00    0.00    0.00    0.00    0.00   79.95
12:33:18     all   41.10    0.00    2.94    0.00    0.00    0.00    0.00    0.00    0.00   55.96
12:33:19     all   69.32    0.00    6.43    0.00    0.00    0.01    0.00    0.00    0.00   24.23
12:33:20     all   66.65    0.00   10.84    0.00    0.00    0.00    0.00    0.00    0.00   22.51
12:33:21     all   39.33    0.00    5.51    0.00    0.00    0.00    0.00    0.00    0.00   55.16
12:33:22     all   37.62    0.00    3.63    0.00    0.00    0.01    0.00    0.00    0.00   58.73
12:33:23     all   35.52    0.00    3.55    0.00    0.00    0.00    0.00    0.00    0.00   60.93
12:33:24     all   36.15    0.00    3.25    0.00    0.00    0.00    0.00    0.00    0.00   60.61
12:33:25     all   40.35    0.00    3.43    0.00    0.00    0.00    0.00    0.00    0.00   56.23
12:33:26     all   49.23    0.00    2.59    0.00    0.00    0.00    0.00    0.00    0.00   48.18
12:33:27     all   39.66    0.00    1.91    0.00    0.00    0.01    0.00    0.00    0.00   58.42
12:33:28     all   41.10    0.00    2.34    0.00    0.00    0.00    0.00    0.00    0.00   56.56
12:33:29     all   58.01    0.00    2.84    0.00    0.00    0.00    0.00    0.00    0.00   39.15
12:33:30     all   62.50    0.00    5.50    0.00    0.00    0.00    0.00    0.00    0.00   32.01
12:33:32     all   45.53    0.00    6.47    0.00    0.00    0.00    0.00    0.00    0.00   48.00
12:33:33     all   50.19    0.00    9.27    0.00    0.00    0.00    0.00    0.00    0.00   40.54
12:33:34     all   57.11    0.00    9.60    0.00    0.00    0.01    0.00    0.00    0.00   33.27
12:33:35     all   54.96    0.00   10.13    0.00    0.00    0.00    0.00    0.00    0.00   34.91
12:33:36     all   51.30    0.00    9.53    0.00    0.00    0.00    0.00    0.00    0.00   39.17
12:33:37     all   60.62    0.00   13.75    0.00    0.00    0.00    0.00    0.00    0.00   25.63
12:33:38     all   52.12    0.00   12.66    0.00    0.00    0.00    0.00    0.00    0.00   35.22
12:33:39     all   56.01    0.00   12.47    0.00    0.00    0.03    0.00    0.00    0.00   31.49
12:33:40     all   56.24    0.00   12.95    0.00    0.00    0.00    0.00    0.00    0.00   30.81
12:33:41     all   51.43    0.00   13.43    0.00    0.00    0.00    0.00    0.00    0.00   35.14
12:33:42     all   49.09    0.00   12.16    0.00    0.00    0.01    0.00    0.00    0.00   38.74
12:33:43     all   47.49    0.00   12.16    0.00    0.00    0.00    0.00    0.00    0.00   40.35
12:33:44     all   44.49    0.00   10.93    0.00    0.00    0.00    0.00    0.00    0.00   44.58
12:33:45     all   47.68    0.00   12.35    0.00    0.00    0.01    0.00    0.00    0.00   39.95
12:33:46     all   44.66    0.00   11.43    0.00    0.00    0.00    0.00    0.00    0.00   43.91
12:33:47     all   38.80    0.00   11.12    0.00    0.00    0.00    0.00    0.00    0.00   50.08
12:33:48     all   45.48    0.00   11.47    0.00    0.00    0.01    0.00    0.00    0.00   43.03
12:33:49     all   37.65    0.00   10.85    0.00    0.00    0.00    0.00    0.00    0.00   51.50
12:33:50     all   36.16    0.00   12.48    0.00    0.00    0.00    0.00    0.00    0.00   51.36
12:33:51     all   48.24    0.00   12.00    0.00    0.00    0.00    0.00    0.00    0.00   39.76
12:33:52     all   37.00    0.00   11.09    0.00    0.00    0.01    0.00    0.00    0.00   51.89
12:33:53     all   41.95    0.00   10.43    0.00    0.00    0.00    0.00    0.00    0.00   47.62
12:33:54     all   47.52    0.00   12.12    0.00    0.00    0.01    0.00    0.00    0.00   40.34
12:33:55     all   46.72    0.00   12.85    0.00    0.00    0.00    0.00    0.00    0.00   40.43
12:33:56     all   40.76    0.00   12.25    0.00    0.00    0.01    0.00    0.00    0.00   46.98
12:33:57     all   52.73    0.00   12.05    0.00    0.00    0.01    0.00    0.00    0.00   35.20
12:33:58     all   44.07    0.00   13.19    0.00    0.00    0.00    0.00    0.00    0.00   42.73
12:33:59     all   33.16    0.00   10.47    0.00    0.00    0.00    0.00    0.00    0.00   56.37
12:34:00     all   35.09    0.00    8.46    0.00    0.00    0.03    0.00    0.00    0.00   56.42
12:34:01     all   40.58    0.00   10.93    0.00    0.00    0.00    0.00    0.00    0.00   48.49
12:34:02     all   44.46    0.01   10.29    0.00    0.00    0.00    0.00    0.00    0.00   45.23
12:34:03     all   39.55    0.00   12.74    0.00    0.00    0.01    0.00    0.00    0.00   47.69
12:34:04     all   45.93    0.00   12.31    0.03    0.00    0.00    0.00    0.00    0.00   41.74
12:34:05     all   40.90    0.00   12.76    0.00    0.00    0.01    0.00    0.00    0.00   46.33
12:34:06     all   44.29    0.00   15.98    0.00    0.00    0.00    0.00    0.00    0.00   39.73
12:34:07     all   45.42    0.00   13.07    0.00    0.00    0.01    0.00    0.00    0.00   41.50
12:34:08     all   46.21    0.00   14.57    0.01    0.00    0.00    0.00    0.00    0.00   39.20
12:34:09     all   46.63    0.00   15.37    0.00    0.00    0.01    0.00    0.00    0.00   37.99
12:34:10     all   51.28    0.00   12.66    0.00    0.00    0.00    0.00    0.00    0.00   36.06
12:34:11     all   47.85    0.00   16.78    0.00    0.00    0.00    0.00    0.00    0.00   35.37
12:34:12     all   43.74    0.00   12.05    0.03    0.00    0.00    0.00    0.00    0.00   44.18
12:34:13     all   47.73    0.00   13.80    0.00    0.00    0.00    0.00    0.00    0.00   38.46
12:34:14     all   46.24    0.00   14.38    0.00    0.00    0.01    0.00    0.00    0.00   39.36
12:34:15     all   44.82    0.00   12.48    0.00    0.00    0.00    0.00    0.00    0.00   42.70
12:34:16     all   43.09    0.00   12.87    0.00    0.00    0.00    0.00    0.00    0.00   44.05
12:34:17     all   39.17    0.00   11.28    0.00    0.00    0.00    0.00    0.00    0.00   49.55
12:34:18     all   45.93    0.00   12.49    0.00    0.00    0.00    0.00    0.00    0.00   41.58
12:34:19     all   50.29    0.00   15.24    0.00    0.00    0.01    0.00    0.00    0.00   34.45
12:34:20     all   40.83    0.00   12.79    0.00    0.00    0.00    0.00    0.00    0.00   46.38
12:34:21     all   42.89    0.00   13.50    0.00    0.00    0.00    0.00    0.00    0.00   43.61
12:34:22     all   48.43    0.00   14.97    0.00    0.00    0.01    0.00    0.00    0.00   36.58
12:34:23     all   42.30    0.00   13.97    0.00    0.00    0.00    0.00    0.00    0.00   43.73
12:34:24     all   49.64    0.00   14.67    0.00    0.00    0.00    0.00    0.00    0.00   35.69
12:34:25     all   49.51    0.00   14.89    0.00    0.00    0.01    0.00    0.00    0.00   35.58
12:34:26     all   44.21    0.00   12.54    0.00    0.00    0.01    0.00    0.00    0.00   43.24
12:34:27     all   39.71    0.00   13.04    0.00    0.00    0.00    0.00    0.00    0.00   47.25
12:34:28     all   41.57    0.00   16.50    0.00    0.00    0.00    0.00    0.00    0.00   41.93
12:34:29     all   50.52    0.00   16.00    0.00    0.00    0.00    0.00    0.00    0.00   33.48
12:34:30     all   43.75    0.00   15.68    0.00    0.00    0.00    0.00    0.00    0.00   40.57
12:34:31     all   51.79    0.00   16.21    0.00    0.00    0.01    0.00    0.00    0.00   31.98
12:34:32     all   56.64    0.00   17.44    0.00    0.00    0.00    0.00    0.00    0.00   25.92
12:34:33     all   46.89    0.00   16.77    0.00    0.00    0.01    0.00    0.00    0.00   36.33
12:34:34     all   47.74    0.00   17.94    0.00    0.00    0.00    0.00    0.00    0.00   34.31
12:34:35     all   46.28    0.01   15.67    0.00    0.00    0.00    0.00    0.00    0.00   38.04
12:34:36     all   50.36    0.00   18.35    0.00    0.00    0.00    0.00    0.00    0.00   31.29
12:34:37     all   49.33    0.00   18.95    0.00    0.00    0.01    0.00    0.00    0.00   31.70
12:34:38     all   49.91    0.00   17.99    0.00    0.00    0.00    0.00    0.00    0.00   32.10
12:34:39     all   47.57    0.00   17.61    0.00    0.00    0.00    0.00    0.00    0.00   34.82
12:34:40     all   46.52    0.00   17.47    0.00    0.00    0.00    0.00    0.00    0.00   36.01
12:34:41     all   45.49    0.00   15.99    0.00    0.00    0.01    0.00    0.00    0.00   38.51
12:34:42     all   41.77    0.00   14.04    0.00    0.00    0.00    0.00    0.00    0.00   44.18
12:34:43     all   49.55    0.00   15.04    0.00    0.00    0.00    0.00    0.00    0.00   35.41
12:34:44     all   43.24    0.00   16.37    0.00    0.00    0.00    0.00    0.00    0.00   40.40
12:34:45     all   44.41    0.00   16.46    0.00    0.00    0.00    0.00    0.00    0.00   39.12
12:34:46     all   49.05    0.00   16.82    0.00    0.00    0.00    0.00    0.00    0.00   34.12
12:34:47     all   46.12    0.00   13.33    0.00    0.00    0.00    0.00    0.00    0.00   40.55
12:34:48     all   41.48    0.00   14.08    0.00    0.00    0.00    0.00    0.00    0.00   44.44
12:34:49     all   49.91    0.00   14.97    0.00    0.00    0.01    0.00    0.00    0.00   35.11
12:34:50     all   46.43    0.00   14.94    0.00    0.00    0.01    0.00    0.00    0.00   38.61
12:34:51     all   48.27    0.00   17.37    0.00    0.00    0.00    0.00    0.00    0.00   34.35
12:34:52     all   46.15    0.00   14.46    0.00    0.00    0.00    0.00    0.00    0.00   39.38
12:34:53     all   49.48    0.00   15.26    0.00    0.00    0.00    0.00    0.00    0.00   35.26
12:34:54     all   41.33    0.00   15.48    0.00    0.00    0.00    0.00    0.00    0.00   43.19
12:34:55     all   42.65    0.00   15.10    0.00    0.00    0.03    0.00    0.00    0.00   42.22
12:34:56     all   44.80    0.00   15.71    0.00    0.00    0.00    0.00    0.00    0.00   39.49
12:34:57     all   45.49    0.00   16.73    0.00    0.00    0.00    0.00    0.00    0.00   37.77
12:34:58     all   48.08    0.00   17.45    0.00    0.00    0.01    0.00    0.00    0.00   34.45
12:34:59     all   50.38    0.00   15.71    0.00    0.00    0.00    0.00    0.00    0.00   33.91
12:35:00     all   42.25    0.00   14.20    0.00    0.00    0.01    0.00    0.00    0.00   43.54
12:35:01     all   47.62    0.00   16.52    0.00    0.00    0.00    0.00    0.00    0.00   35.86
12:35:02     all   53.78    0.00   18.40    0.00    0.00    0.01    0.00    0.00    0.00   27.80
12:35:03     all   48.53    0.00   19.08    0.00    0.00    0.08    0.00    0.00    0.00   32.31
12:35:04     all   49.48    0.00   17.62    0.00    0.00    0.04    0.00    0.00    0.00   32.86
12:35:05     all   53.44    0.00   17.90    0.00    0.00    0.00    0.00    0.00    0.00   28.66
12:35:06     all   53.08    0.00   17.24    0.00    0.00    0.01    0.00    0.00    0.00   29.66
12:35:07     all   51.65    0.00   17.16    0.00    0.00    0.01    0.00    0.00    0.00   31.18
12:35:08     all   53.93    0.00   18.76    0.01    0.00    0.01    0.00    0.00    0.00   27.28
12:35:09     all   51.58    0.00   16.38    0.00    0.00    0.00    0.00    0.00    0.00   32.04
12:35:10     all   55.92    0.00   17.78    0.00    0.00    0.00    0.00    0.00    0.00   26.30
12:35:11     all   54.13    0.00   18.45    0.00    0.00    0.01    0.00    0.00    0.00   27.40
12:35:12     all   54.93    0.00   18.50    0.00    0.00    0.03    0.00    0.00    0.00   26.54
12:35:13     all   58.67    0.00   19.19    0.00    0.00    0.00    0.00    0.00    0.00   22.14
12:35:14     all   56.02    0.00   17.58    0.00    0.00    0.00    0.00    0.00    0.00   26.40
12:35:15     all   49.87    0.00   18.26    0.00    0.00    0.00    0.00    0.00    0.00   31.87
12:35:16     all   55.75    0.00   18.32    0.00    0.00    0.00    0.00    0.00    0.00   25.93
12:35:17     all   51.96    0.00   23.08    0.00    0.00    0.03    0.00    0.00    0.00   24.93
12:35:18     all   55.01    0.00   21.01    0.00    0.00    0.00    0.00    0.00    0.00   23.98
12:35:19     all   58.93    0.00   20.83    0.00    0.00    0.00    0.00    0.00    0.00   20.24
12:35:20     all   55.08    0.00   22.37    0.00    0.00    0.03    0.00    0.00    0.00   22.52
12:35:21     all   49.25    0.00   21.08    0.00    0.00    0.00    0.00    0.00    0.00   29.67
12:35:22     all   52.23    0.00   20.57    0.00    0.00    0.00    0.00    0.00    0.00   27.20
12:35:23     all   56.56    0.00   21.61    0.00    0.00    0.01    0.00    0.00    0.00   21.82
12:35:24     all   52.45    0.00   19.25    0.00    0.00    0.03    0.00    0.00    0.00   28.28
12:35:25     all   48.87    0.00   20.20    0.00    0.00    0.00    0.00    0.00    0.00   30.93
12:35:26     all   50.04    0.00   21.96    0.00    0.00    0.00    0.00    0.00    0.00   28.00
12:35:27     all   51.87    0.00   21.57    0.01    0.00    0.00    0.00    0.00    0.00   26.55
12:35:28     all   49.20    0.00   22.40    0.00    0.00    0.01    0.00    0.00    0.00   28.39
12:35:29     all   47.35    0.00   21.86    0.00    0.00    0.00    0.00    0.00    0.00   30.79
12:35:30     all   53.82    0.00   23.36    0.00    0.00    0.00    0.00    0.00    0.00   22.82
12:35:31     all   55.00    0.00   21.83    0.00    0.00    0.00    0.00    0.00    0.00   23.17
12:35:32     all   50.10    0.00   23.01    0.00    0.00    0.03    0.00    0.00    0.00   26.86
12:35:33     all   55.40    0.00   22.21    0.00    0.00    0.01    0.00    0.00    0.00   22.37
12:35:34     all   57.49    0.00   20.00    0.00    0.00    0.00    0.00    0.00    0.00   22.51
12:35:35     all   51.98    0.00   23.67    0.00    0.00    0.00    0.00    0.00    0.00   24.35
12:35:36     all   52.53    0.00   21.71    0.00    0.00    0.01    0.00    0.00    0.00   25.74
12:35:37     all   53.87    0.00   23.10    0.00    0.00    0.01    0.00    0.00    0.00   23.02
12:35:38     all   51.45    0.00   24.87    0.00    0.00    0.00    0.00    0.00    0.00   23.67
12:35:39     all   52.50    0.00   23.05    0.00    0.00    0.00    0.00    0.00    0.00   24.45
12:35:40     all   54.14    0.00   22.57    0.00    0.00    0.00    0.00    0.00    0.00   23.29
12:35:41     all   50.06    0.00   24.17    0.00    0.00    0.01    0.00    0.00    0.00   25.75
12:35:42     all   49.88    0.00   25.51    0.00    0.00    0.01    0.00    0.00    0.00   24.60
12:35:43     all   55.30    0.00   24.14    0.03    0.00    0.00    0.00    0.00    0.00   20.54
12:35:44     all   56.28    0.00   23.34    0.00    0.00    0.01    0.00    0.00    0.00   20.36
12:35:45     all   50.43    0.00   24.28    0.00    0.00    0.01    0.00    0.00    0.00   25.28
12:35:46     all   50.68    0.00   24.98    0.00    0.00    0.01    0.00    0.00    0.00   24.33
12:35:47     all   51.29    0.00   22.87    0.00    0.00    0.01    0.00    0.00    0.00   25.83
12:35:48     all   58.03    0.00   21.10    0.00    0.00    0.00    0.00    0.00    0.00   20.87
12:35:49     all   51.19    0.00   20.75    0.00    0.00    0.00    0.00    0.00    0.00   28.06
12:35:50     all   51.56    0.00   23.10    0.00    0.00    0.01    0.00    0.00    0.00   25.33
12:35:51     all   52.87    0.00   23.73    0.00    0.00    0.00    0.00    0.00    0.00   23.41
12:35:52     all   51.32    0.00   22.87    0.00    0.00    0.03    0.00    0.00    0.00   25.78
12:35:53     all   53.11    0.00   23.33    0.00    0.00    0.00    0.00    0.00    0.00   23.56
12:35:54     all   53.41    0.00   21.62    0.00    0.00    0.01    0.00    0.00    0.00   24.95
12:35:55     all   53.80    0.00   20.38    0.03    0.00    0.00    0.00    0.00    0.00   25.79
12:35:56     all   54.30    0.00   21.38    0.00    0.00    0.00    0.00    0.00    0.00   24.32
12:35:57     all   52.89    0.00   22.17    0.00    0.00    0.00    0.00    0.00    0.00   24.94
12:35:58     all   55.25    0.00   21.30    0.00    0.00    0.00    0.00    0.00    0.00   23.45
12:35:59     all   50.75    0.00   24.38    0.00    0.00    0.01    0.00    0.00    0.00   24.85
12:36:00     all   52.97    0.01   21.56    0.00    0.00    0.00    0.00    0.00    0.00   25.46
12:36:01     all   55.78    0.00   20.92    0.00    0.00    0.00    0.00    0.00    0.00   23.30
12:36:02     all   50.69    0.00   24.75    0.00    0.00    0.00    0.00    0.00    0.00   24.56
12:36:03     all   58.49    0.00   21.39    0.00    0.00    0.01    0.00    0.00    0.00   20.11
12:36:04     all   53.40    0.00   24.09    0.00    0.00    0.00    0.00    0.00    0.00   22.51
12:36:05     all   48.23    0.00   25.89    0.00    0.00    0.00    0.00    0.00    0.00   25.88
12:36:06     all   53.25    0.00   23.07    0.00    0.00    0.00    0.00    0.00    0.00   23.67
12:36:07     all   55.78    0.00   22.82    0.00    0.00    0.01    0.00    0.00    0.00   21.39
12:36:08     all   51.44    0.00   22.89    0.00    0.00    0.01    0.00    0.00    0.00   25.66
12:36:09     all   51.30    0.00   24.71    0.00    0.00    0.00    0.00    0.00    0.00   23.99
12:36:10     all   53.88    0.00   22.36    0.00    0.00    0.01    0.00    0.00    0.00   23.74
12:36:11     all   47.48    0.00   23.48    0.00    0.00    0.01    0.00    0.00    0.00   29.02
12:36:12     all   49.60    0.00   23.70    0.00    0.00    0.00    0.00    0.00    0.00   26.70
12:36:13     all   50.06    0.00   22.13    0.00    0.00    0.01    0.00    0.00    0.00   27.80
12:36:14     all   48.40    0.00   22.58    0.00    0.00    0.01    0.00    0.00    0.00   29.01
12:36:15     all   52.45    0.00   19.95    0.00    0.00    0.01    0.00    0.00    0.00   27.58
12:36:16     all   52.34    0.00   21.33    0.00    0.00    0.01    0.00    0.00    0.00   26.32
12:36:17     all   51.17    0.00   24.01    0.00    0.00    0.00    0.00    0.00    0.00   24.82
12:36:18     all   48.04    0.00   23.58    0.00    0.00    0.00    0.00    0.00    0.00   28.38
12:36:19     all   20.97    0.00   20.40    0.00    0.00    0.00    0.00    0.00    0.00   58.62
12:36:20     all   14.94    0.00   11.00    0.00    0.00    0.00    0.00    0.00    0.00   74.06
12:36:21     all   15.25    0.00   10.74    0.01    0.00    0.00    0.00    0.00    0.00   73.99
12:36:22     all   13.37    0.01    9.73    0.01    0.00    0.00    0.00    0.00    0.00   76.87
12:36:23     all   11.09    0.00    8.55    0.00    0.00    0.00    0.00    0.00    0.00   80.37
12:36:24     all   10.43    0.00    7.10    0.00    0.00    0.00    0.00    0.00    0.00   82.47
Average:     all   40.86    0.00   13.83    0.00    0.00    0.01    0.00    0.00    0.00   45.30
