Linux 6.8.0-136-generic (856a17914eb3) 	08/10/26 	_x86_64_	(72 CPU)

06:34:14     CPU    %usr   %nice    %sys %iowait    %irq   %soft  %steal  %guest  %gnice   %idle
06:34:15     all   11.64    0.00    0.35    0.00    0.00    0.00    0.00    0.00    0.00   88.01
06:34:16     all    1.18    0.00    0.70    0.00    0.00    0.00    0.00    0.00    0.00   98.12
06:34:17     all    1.40    0.00    0.26    0.00    0.00    0.01    0.00    0.00    0.00   98.32
06:34:18     all    2.00    0.00    0.21    0.00    0.00    0.00    0.00    0.00    0.00   97.79
06:34:19     all    1.32    0.00    0.51    0.00    0.00    0.00    0.00    0.00    0.00   98.17
06:34:20     all    1.44    0.00    0.18    0.00    0.00    0.00    0.00    0.00    0.00   98.38
06:34:21     all    1.57    0.00    0.22    0.00    0.00    0.00    0.00    0.00    0.00   98.21
06:34:22     all   17.92    0.00    9.29    0.00    0.00    0.00    0.00    0.00    0.00   72.79
06:34:23     all   15.04    0.00    0.39    0.00    0.00    0.00    0.00    0.00    0.00   84.57
06:34:24     all   16.65    0.00    0.32    0.00    0.00    0.01    0.00    0.00    0.00   83.02
06:34:25     all   33.31    0.00    2.49    0.00    0.00    0.00    0.00    0.00    0.00   64.20
06:34:26     all   33.85    0.00    3.13    0.00    0.00    0.00    0.00    0.00    0.00   63.01
06:34:27     all   22.77    0.00    1.78    0.00    0.00    0.00    0.00    0.00    0.00   75.45
06:34:28     all   17.03    0.00    1.34    0.00    0.00    0.00    0.00    0.00    0.00   81.64
06:34:29     all   16.03    0.00    1.13    0.00    0.00    0.00    0.00    0.00    0.00   82.85
06:34:30     all   17.05    0.00    1.02    0.00    0.00    0.00    0.00    0.00    0.00   81.94
06:34:31     all   17.35    0.00    1.00    0.00    0.00    0.00    0.00    0.00    0.00   81.65
06:34:32     all   16.62    0.00    0.81    0.00    0.00    0.00    0.00    0.00    0.00   82.57
06:34:33     all   15.67    0.00    0.52    0.00    0.00    0.00    0.00    0.00    0.00   83.81
06:34:34     all   13.44    0.00    0.32    0.00    0.00    0.00    0.00    0.00    0.00   86.24
06:34:35     all   13.49    0.00    0.40    0.00    0.00    0.00    0.00    0.00    0.00   86.10
06:34:36     all   13.15    0.00    0.22    0.00    0.00    0.00    0.00    0.00    0.00   86.63
06:34:37     all   13.47    0.00    0.32    0.00    0.00    0.01    0.00    0.00    0.00   86.20
06:34:38     all   16.26    0.00    0.21    0.00    0.00    0.00    0.00    0.00    0.00   83.53
06:34:39     all   22.11    0.00    0.42    0.00    0.00    0.00    0.00    0.00    0.00   77.47
06:34:40     all   23.20    0.00    0.56    0.00    0.00    0.00    0.00    0.00    0.00   76.25
06:34:41     all   20.84    0.00    0.22    0.00    0.00    0.00    0.00    0.00    0.00   78.93
06:34:42     all   17.12    0.00    0.46    0.00    0.00    0.00    0.00    0.00    0.00   82.42
06:34:43     all   14.70    0.00    0.57    0.00    0.00    0.00    0.00    0.00    0.00   84.73
06:34:44     all   13.09    0.00    0.88    0.00    0.00    0.03    0.00    0.00    0.00   86.01
06:34:45     all   13.35    0.00    0.39    0.00    0.00    0.00    0.00    0.00    0.00   86.26
06:34:46     all   23.53    0.00    0.36    0.00    0.00    0.00    0.00    0.00    0.00   76.11
06:34:47     all   33.33    0.00    0.53    0.00    0.00    0.00    0.00    0.00    0.00   66.14
06:34:48     all   36.15    0.00    1.71    0.00    0.00    0.00    0.00    0.00    0.00   62.13
06:34:49     all   33.22    0.00    1.53    0.00    0.00    0.01    0.00    0.00    0.00   65.23
06:34:50     all   20.48    0.00    1.36    0.00    0.00    0.00    0.00    0.00    0.00   78.16
06:34:51     all   14.87    0.00    1.25    0.00    0.00    0.00    0.00    0.00    0.00   83.88
06:34:52     all   14.39    0.00    1.53    0.01    0.00    0.00    0.00    0.00    0.00   84.06
06:34:53     all   14.40    0.00    0.96    0.00    0.00    0.00    0.00    0.00    0.00   84.64
06:34:54     all   14.20    0.00    1.39    0.00    0.00    0.00    0.00    0.00    0.00   84.41
06:34:55     all   17.12    0.00    1.07    0.00    0.00    0.00    0.00    0.00    0.00   81.81
06:34:56     all   18.80    0.00    1.39    0.00    0.00    0.01    0.00    0.00    0.00   79.79
06:34:57     all   26.93    0.00    1.04    0.00    0.00    0.00    0.00    0.00    0.00   72.03
06:34:58     all   32.99    0.00    1.49    0.00    0.00    0.00    0.00    0.00    0.00   65.52
06:34:59     all   30.88    0.00    2.46    0.00    0.00    0.00    0.00    0.00    0.00   66.66
06:35:00     all   33.46    0.00    3.16    0.00    0.00    0.00    0.00    0.00    0.00   63.38
06:35:01     all   36.49    0.00    3.09    0.00    0.00    0.00    0.00    0.00    0.00   60.42
06:35:02     all   30.36    0.00    4.05    0.00    0.00    0.03    0.00    0.00    0.00   65.56
06:35:03     all   22.28    0.01    3.36    0.00    0.00    0.00    0.00    0.00    0.00   74.35
06:35:04     all   28.00    0.00    2.49    0.00    0.00    0.00    0.00    0.00    0.00   69.51
06:35:05     all   19.27    0.00    2.87    0.00    0.00    0.00    0.00    0.00    0.00   77.85
06:35:06     all   20.12    0.00    1.92    0.00    0.00    0.00    0.00    0.00    0.00   77.96
06:35:07     all   20.28    0.00    1.66    0.00    0.00    0.00    0.00    0.00    0.00   78.07
06:35:08     all   18.13    0.00    2.30    0.00    0.00    0.01    0.00    0.00    0.00   79.56
06:35:09     all   16.00    0.00    1.38    0.00    0.00    0.00    0.00    0.00    0.00   82.62
06:35:10     all   15.72    0.00    2.02    0.00    0.00    0.01    0.00    0.00    0.00   82.25
06:35:11     all   17.12    0.00    1.50    0.00    0.00    0.00    0.00    0.00    0.00   81.38
06:35:12     all   14.06    0.00    1.61    0.00    0.00    0.01    0.00    0.00    0.00   84.32
06:35:13     all   14.19    0.00    1.32    0.00    0.00    0.00    0.00    0.00    0.00   84.49
06:35:14     all   14.52    0.00    1.52    0.00    0.00    0.00    0.00    0.00    0.00   83.97
06:35:15     all   12.24    0.00    1.38    0.00    0.00    0.00    0.00    0.00    0.00   86.38
06:35:16     all   14.70    0.00    1.74    0.00    0.00    0.00    0.00    0.00    0.00   83.57
06:35:17     all    9.81    0.00    1.04    0.00    0.00    0.00    0.00    0.00    0.00   89.14
06:35:18     all    8.85    0.00    1.43    0.00    0.00    0.00    0.00    0.00    0.00   89.71
06:35:19     all    7.12    0.00    1.74    0.03    0.00    0.00    0.00    0.00    0.00   91.12
06:35:20     all   12.21    0.00    1.21    0.00    0.00    0.00    0.00    0.00    0.00   86.58
06:35:21     all   15.45    0.00    1.53    0.00    0.00    0.00    0.00    0.00    0.00   83.02
06:35:22     all    7.61    0.00    0.71    0.00    0.00    0.00    0.00    0.00    0.00   91.68
06:35:23     all    5.08    0.00    0.82    0.00    0.00    0.00    0.00    0.00    0.00   94.10
06:35:24     all    5.26    0.00    0.77    0.00    0.00    0.00    0.00    0.00    0.00   93.98
06:35:25     all    6.70    0.00    0.63    0.00    0.00    0.01    0.00    0.00    0.00   92.66
06:35:26     all    5.65    0.00    0.47    0.00    0.00    0.00    0.00    0.00    0.00   93.88
06:35:27     all    6.14    0.00    0.43    0.00    0.00    0.00    0.00    0.00    0.00   93.43
06:35:28     all    5.51    0.00    0.75    0.00    0.00    0.00    0.00    0.00    0.00   93.73
06:35:29     all    4.69    0.00    0.79    0.00    0.00    0.00    0.00    0.00    0.00   94.51
06:35:30     all    6.33    0.00    1.11    0.00    0.00    0.00    0.00    0.00    0.00   92.56
06:35:31     all    5.50    0.00    0.97    0.00    0.00    0.00    0.00    0.00    0.00   93.52
06:35:32     all    4.99    0.00    0.61    0.00    0.00    0.01    0.00    0.00    0.00   94.38
06:35:33     all    1.72    0.00    0.60    0.00    0.00    0.00    0.00    0.00    0.00   97.68
06:35:34     all    0.74    0.00    1.22    0.00    0.00    0.00    0.00    0.00    0.00   98.04
06:35:35     all    0.58    0.00    1.54    0.01    0.00    0.00    0.00    0.00    0.00   97.86
06:35:36     all   10.76    0.00    1.35    0.00    0.00    0.00    0.00    0.00    0.00   87.89
06:35:37     all    2.03    0.00    0.36    0.00    0.00    0.01    0.00    0.00    0.00   97.60
06:35:38     all    1.14    0.00    0.58    0.00    0.00    0.00    0.00    0.00    0.00   98.28
06:35:39     all    1.60    0.00    0.28    0.00    0.00    0.00    0.00    0.00    0.00   98.13
06:35:40     all    1.57    0.00    0.21    0.00    0.00    0.00    0.00    0.00    0.00   98.22
06:35:41     all    1.42    0.00    0.22    0.00    0.00    0.00    0.00    0.00    0.00   98.36
06:35:42     all    1.24    0.00    0.43    0.01    0.00    0.00    0.00    0.00    0.00   98.32
06:35:43     all    1.60    0.00    0.19    0.00    0.00    0.00    0.00    0.00    0.00   98.21
06:35:44     all    1.38    0.00    0.14    0.00    0.00    0.00    0.00    0.00    0.00   98.49
06:35:45     all    1.60    0.00    0.15    0.00    0.00    0.00    0.00    0.00    0.00   98.25
06:35:46     all   11.79    0.00    7.34    0.00    0.00    0.01    0.00    0.00    0.00   80.86
06:35:47     all   18.93    0.00    0.89    0.00    0.00    0.00    0.00    0.00    0.00   80.18
06:35:48     all   19.00    0.00    0.29    0.00    0.00    0.00    0.00    0.00    0.00   80.71
06:35:49     all   36.13    0.00    2.55    0.00    0.00    0.00    0.00    0.00    0.00   61.33
06:35:50     all   38.56    0.00    3.08    0.00    0.00    0.00    0.00    0.00    0.00   58.37
06:35:51     all   23.62    0.00    2.60    0.01    0.00    0.00    0.00    0.00    0.00   73.77
06:35:52     all   21.77    0.00    1.80    0.00    0.00    0.00    0.00    0.00    0.00   76.44
06:35:53     all   22.10    0.00    1.35    0.00    0.00    0.00    0.00    0.00    0.00   76.55
06:35:54     all   21.86    0.00    1.46    0.00    0.00    0.01    0.00    0.00    0.00   76.67
Average:     all   14.90    0.00    1.30    0.00    0.00    0.00    0.00    0.00    0.00   83.80
