Linux 6.8.0-136-generic (856a17914eb3) 	08/10/26 	_x86_64_	(72 CPU)

12:18:59     CPU    %usr   %nice    %sys %iowait    %irq   %soft  %steal  %guest  %gnice   %idle
12:19:00     all   11.62    0.00    0.47    0.00    0.00    0.00    0.00    0.00    0.00   87.90
12:19:01     all    1.14    0.00    0.87    0.00    0.00    0.00    0.00    0.00    0.00   97.99
12:19:02     all    1.47    0.00    0.25    0.00    0.00    0.00    0.00    0.00    0.00   98.28
12:19:03     all    1.66    0.00    0.28    0.00    0.00    0.00    0.00    0.00    0.00   98.07
12:19:04     all    1.57    0.00    0.36    0.00    0.00    0.00    0.00    0.00    0.00   98.07
12:19:05     all    1.49    0.00    0.25    0.00    0.00    0.00    0.00    0.00    0.00   98.26
12:19:06     all    1.56    0.00    0.24    0.00    0.00    0.01    0.00    0.00    0.00   98.19
12:19:07     all    1.51    0.00    0.21    0.00    0.00    0.00    0.00    0.00    0.00   98.28
12:19:08     all    1.45    0.00    0.15    0.00    0.00    0.00    0.00    0.00    0.00   98.40
12:19:09     all    1.50    0.00    0.24    0.00    0.00    0.00    0.00    0.00    0.00   98.26
12:19:10     all    1.69    0.00    0.32    0.01    0.00    0.00    0.00    0.00    0.00   97.97
12:19:11     all    1.40    0.00    0.19    0.00    0.00    0.00    0.00    0.00    0.00   98.40
12:19:12     all    1.74    0.00    0.40    0.00    0.00    0.00    0.00    0.00    0.00   97.86
12:19:13     all    1.53    0.00    0.24    0.00    0.00    0.00    0.00    0.00    0.00   98.24
12:19:14     all    1.10    0.00    0.51    0.00    0.00    0.00    0.00    0.00    0.00   98.39
12:19:15     all    1.65    0.00    0.26    0.00    0.00    0.00    0.00    0.00    0.00   98.08
12:19:16     all    1.56    0.00    0.15    0.00    0.00    0.00    0.00    0.00    0.00   98.29
12:19:17     all    1.37    0.00    0.24    0.00    0.00    0.00    0.00    0.00    0.00   98.39
12:19:18     all    1.67    0.00    0.22    0.00    0.00    0.00    0.00    0.00    0.00   98.11
12:19:19     all    1.63    0.00    0.17    0.00    0.00    0.00    0.00    0.00    0.00   98.21
12:19:20     all    1.94    0.00    0.56    0.00    0.00    0.00    0.00    0.00    0.00   97.50
12:19:21     all    1.71    0.01    0.32    0.00    0.00    0.00    0.00    0.00    0.00   97.96
12:19:22     all    1.61    0.00    0.22    0.00    0.00    0.00    0.00    0.00    0.00   98.16
12:19:23     all    1.36    0.00    0.18    0.00    0.00    0.00    0.00    0.00    0.00   98.46
12:19:24     all    1.58    0.00    0.17    0.00    0.00    0.00    0.00    0.00    0.00   98.25
12:19:25     all    1.53    0.00    0.25    0.00    0.00    0.00    0.00    0.00    0.00   98.22
12:19:26     all    1.43    0.00    0.26    0.00    0.00    0.00    0.00    0.00    0.00   98.30
12:19:27     all    1.60    0.00    0.19    0.00    0.00    0.00    0.00    0.00    0.00   98.21
12:19:28     all   21.93    0.00    4.33    0.00    0.00    0.00    0.00    0.00    0.00   73.74
12:19:29     all   41.21    0.00    3.27    0.00    0.00    0.00    0.00    0.00    0.00   55.52
12:19:30     all   73.33    0.00    8.08    0.00    0.00    0.01    0.00    0.00    0.00   18.58
12:19:31     all   53.87    0.00    9.00    0.00    0.00    0.00    0.00    0.00    0.00   37.13
12:19:32     all   37.03    0.00    5.51    0.00    0.00    0.00    0.00    0.00    0.00   57.46
12:19:33     all   37.51    0.00    3.81    0.00    0.00    0.00    0.00    0.00    0.00   58.68
12:19:34     all   33.66    0.00    3.43    0.00    0.00    0.00    0.00    0.00    0.00   62.91
12:19:35     all   33.02    0.00    3.13    0.00    0.00    0.01    0.00    0.00    0.00   63.83
12:19:36     all   39.74    0.00    3.06    0.00    0.00    0.01    0.00    0.00    0.00   57.18
12:19:37     all   49.24    0.00    2.54    0.00    0.00    0.00    0.00    0.00    0.00   48.22
12:19:38     all   33.34    0.00    1.70    0.00    0.00    0.00    0.00    0.00    0.00   64.97
12:19:39     all   39.77    0.00    1.95    0.00    0.00    0.00    0.00    0.00    0.00   58.28
12:19:40     all   61.12    0.00    2.90    0.00    0.00    0.00    0.00    0.00    0.00   35.99
12:19:41     all   60.92    0.00    8.31    0.00    0.00    0.00    0.00    0.00    0.00   30.77
12:19:42     all   55.95    0.01   10.70    0.00    0.00    0.01    0.00    0.00    0.00   33.33
12:19:43     all   50.20    0.00    9.84    0.01    0.00    0.00    0.00    0.00    0.00   39.94
12:19:44     all   44.80    0.00    8.49    0.00    0.00    0.01    0.00    0.00    0.00   46.70
12:19:45     all   43.08    0.00    7.27    0.00    0.00    0.00    0.00    0.00    0.00   49.65
12:19:46     all   42.43    0.00    8.48    0.00    0.00    0.00    0.00    0.00    0.00   49.09
12:19:47     all   48.20    0.00    7.98    0.00    0.00    0.03    0.00    0.00    0.00   43.79
12:19:48     all   46.06    0.00   11.44    0.00    0.00    0.01    0.00    0.00    0.00   42.48
12:19:49     all   51.74    0.00   12.32    0.00    0.00    0.00    0.00    0.00    0.00   35.94
12:19:50     all   53.16    0.00   13.91    0.00    0.00    0.00    0.00    0.00    0.00   32.93
12:19:51     all   52.71    0.00   14.05    0.00    0.00    0.00    0.00    0.00    0.00   33.24
12:19:52     all   48.62    0.00   12.82    0.00    0.00    0.01    0.00    0.00    0.00   38.55
12:19:53     all   44.78    0.00   12.07    0.00    0.00    0.00    0.00    0.00    0.00   43.14
12:19:54     all   41.81    0.00   12.58    0.00    0.00    0.00    0.00    0.00    0.00   45.61
12:19:55     all   40.65    0.00   10.53    0.00    0.00    0.00    0.00    0.00    0.00   48.82
12:19:56     all   33.73    0.00   10.09    0.00    0.00    0.00    0.00    0.00    0.00   56.18
12:19:57     all   30.38    0.00    8.35    0.00    0.00    0.00    0.00    0.00    0.00   61.27
12:19:58     all   33.33    0.00    9.25    0.00    0.00    0.01    0.00    0.00    0.00   57.41
12:19:59     all   33.67    0.00    9.88    0.00    0.00    0.00    0.00    0.00    0.00   56.45
12:20:00     all   38.66    0.00    9.58    0.00    0.00    0.00    0.00    0.00    0.00   51.76
12:20:01     all   28.43    0.00    6.80    0.00    0.00    0.01    0.00    0.00    0.00   64.76
12:20:02     all   41.59    0.00   10.18    0.00    0.00    0.00    0.00    0.00    0.00   48.24
12:20:03     all   43.59    0.00   12.10    0.00    0.00    0.01    0.00    0.00    0.00   44.30
12:20:04     all   34.13    0.00   10.87    0.00    0.00    0.01    0.00    0.00    0.00   54.99
12:20:05     all   42.05    0.00   10.89    0.00    0.00    0.01    0.00    0.00    0.00   47.05
12:20:06     all   42.86    0.00   11.19    0.00    0.00    0.00    0.00    0.00    0.00   45.96
12:20:07     all   34.57    0.00   10.22    0.00    0.00    0.00    0.00    0.00    0.00   55.21
12:20:08     all   36.67    0.00    9.38    0.00    0.00    0.00    0.00    0.00    0.00   53.95
12:20:09     all   31.70    0.00    7.32    0.00    0.00    0.00    0.00    0.00    0.00   60.98
12:20:10     all   33.06    0.00    9.21    0.00    0.00    0.01    0.00    0.00    0.00   57.71
12:20:11     all   45.56    0.00   10.70    0.00    0.00    0.00    0.00    0.00    0.00   43.75
12:20:12     all   38.08    0.00    9.09    0.00    0.00    0.00    0.00    0.00    0.00   52.83
12:20:13     all   29.47    0.00    7.45    0.00    0.00    0.00    0.00    0.00    0.00   63.08
12:20:14     all   34.70    0.00    8.30    0.00    0.00    0.00    0.00    0.00    0.00   57.01
12:20:15     all   35.81    0.00    8.70    0.00    0.00    0.01    0.00    0.00    0.00   55.47
12:20:16     all   39.89    0.01   13.10    0.00    0.00    0.00    0.00    0.00    0.00   46.99
12:20:17     all   45.20    0.00   13.83    0.00    0.00    0.00    0.00    0.00    0.00   40.97
12:20:18     all   49.99    0.00   12.75    0.00    0.00    0.00    0.00    0.00    0.00   37.27
12:20:19     all   46.23    0.01   12.21    0.00    0.00    0.01    0.00    0.00    0.00   41.54
12:20:20     all   40.18    0.00   11.00    0.00    0.00    0.00    0.00    0.00    0.00   48.81
12:20:21     all   37.60    0.00   10.92    0.00    0.00    0.01    0.00    0.00    0.00   51.47
12:20:22     all   39.29    0.00   13.46    0.00    0.00    0.01    0.00    0.00    0.00   47.24
12:20:23     all   43.11    0.00   12.63    0.00    0.00    0.00    0.00    0.00    0.00   44.26
12:20:24     all   39.69    0.00   11.32    0.00    0.00    0.00    0.00    0.00    0.00   49.00
12:20:25     all   40.92    0.00   11.68    0.00    0.00    0.01    0.00    0.00    0.00   47.39
12:20:26     all   39.83    0.00   11.96    0.00    0.00    0.00    0.00    0.00    0.00   48.21
12:20:27     all   45.30    0.00   12.69    0.00    0.00    0.00    0.00    0.00    0.00   42.01
12:20:28     all   46.86    0.00   14.58    0.00    0.00    0.00    0.00    0.00    0.00   38.57
12:20:29     all   44.88    0.00   16.10    0.00    0.00    0.00    0.00    0.00    0.00   39.02
12:20:30     all   48.50    0.00   14.57    0.00    0.00    0.01    0.00    0.00    0.00   36.92
12:20:31     all   49.22    0.00   16.13    0.00    0.00    0.01    0.00    0.00    0.00   34.64
12:20:32     all   48.78    0.00   16.49    0.00    0.00    0.00    0.00    0.00    0.00   34.73
12:20:33     all   45.07    0.00   16.78    0.00    0.00    0.00    0.00    0.00    0.00   38.15
12:20:34     all   43.67    0.00   17.73    0.00    0.00    0.00    0.00    0.00    0.00   38.59
12:20:35     all   41.23    0.00   14.90    0.00    0.00    0.00    0.00    0.00    0.00   43.87
12:20:36     all   47.29    0.00   15.79    0.00    0.00    0.00    0.00    0.00    0.00   36.93
12:20:37     all   41.73    0.00   17.65    0.00    0.00    0.03    0.00    0.00    0.00   40.60
12:20:38     all   43.56    0.00   17.51    0.00    0.00    0.00    0.00    0.00    0.00   38.93
12:20:39     all   38.62    0.00   14.12    0.00    0.00    0.00    0.00    0.00    0.00   47.26
12:20:40     all   44.96    0.00   18.54    0.00    0.00    0.00    0.00    0.00    0.00   36.50
12:20:41     all   41.02    0.00   16.43    0.00    0.00    0.01    0.00    0.00    0.00   42.53
12:20:42     all   47.56    0.00   20.79    0.00    0.00    0.00    0.00    0.00    0.00   31.65
12:20:43     all   41.95    0.00   17.65    0.00    0.00    0.00    0.00    0.00    0.00   40.40
12:20:44     all   45.30    0.00   19.36    0.00    0.00    0.00    0.00    0.00    0.00   35.35
12:20:45     all   53.80    0.00   21.05    0.00    0.00    0.00    0.00    0.00    0.00   25.14
12:20:46     all   49.48    0.00   19.00    0.00    0.00    0.00    0.00    0.00    0.00   31.53
12:20:47     all   39.26    0.00   17.85    0.00    0.00    0.00    0.00    0.00    0.00   42.88
12:20:48     all   41.66    0.00   18.26    0.00    0.00    0.01    0.00    0.00    0.00   40.06
12:20:49     all   44.00    0.00   18.68    0.00    0.00    0.01    0.00    0.00    0.00   37.31
12:20:50     all   46.50    0.00   17.02    0.00    0.00    0.00    0.00    0.00    0.00   36.48
12:20:51     all   52.38    0.00   18.18    0.00    0.00    0.00    0.00    0.00    0.00   29.44
12:20:52     all   52.34    0.00   18.19    0.00    0.00    0.00    0.00    0.00    0.00   29.47
12:20:53     all   48.66    0.00   18.09    0.00    0.00    0.01    0.00    0.00    0.00   33.23
12:20:54     all   51.46    0.00   16.71    0.00    0.00    0.01    0.00    0.00    0.00   31.82
12:20:55     all   46.06    0.00   16.34    0.00    0.00    0.00    0.00    0.00    0.00   37.60
12:20:56     all   50.67    0.00   15.18    0.00    0.00    0.00    0.00    0.00    0.00   34.15
12:20:57     all   46.99    0.00   16.84    0.00    0.00    0.03    0.00    0.00    0.00   36.14
12:20:58     all   45.12    0.00   16.31    0.00    0.00    0.00    0.00    0.00    0.00   38.57
12:20:59     all   45.65    0.00   17.32    0.00    0.00    0.00    0.00    0.00    0.00   37.03
12:21:00     all   48.75    0.00   16.63    0.00    0.00    0.00    0.00    0.00    0.00   34.62
12:21:01     all   52.85    0.00   17.66    0.00    0.00    0.00    0.00    0.00    0.00   29.49
12:21:02     all   53.05    0.00   17.82    0.00    0.00    0.03    0.00    0.00    0.00   29.10
12:21:03     all   56.26    0.00   22.15    0.00    0.00    0.00    0.00    0.00    0.00   21.60
12:21:04     all   55.27    0.00   25.39    0.00    0.00    0.00    0.00    0.00    0.00   19.34
12:21:05     all   48.65    0.00   22.39    0.00    0.00    0.04    0.00    0.00    0.00   28.92
12:21:06     all   50.64    0.00   17.02    0.01    0.00    0.06    0.00    0.00    0.00   32.27
12:21:07     all   42.19    0.00   18.41    0.00    0.00    0.00    0.00    0.00    0.00   39.40
12:21:08     all   47.44    0.00   18.23    0.00    0.00    0.01    0.00    0.00    0.00   34.31
12:21:09     all   45.60    0.00   18.25    0.00    0.00    0.01    0.00    0.00    0.00   36.14
12:21:10     all   43.89    0.00   18.26    0.00    0.00    0.00    0.00    0.00    0.00   37.85
12:21:11     all   53.89    0.00   19.18    0.01    0.00    0.00    0.00    0.00    0.00   26.91
12:21:12     all   41.87    0.00   18.70    0.00    0.00    0.00    0.00    0.00    0.00   39.43
12:21:13     all   46.02    0.00   18.85    0.00    0.00    0.00    0.00    0.00    0.00   35.13
12:21:14     all   50.19    0.01   19.46    0.00    0.00    0.01    0.00    0.00    0.00   30.32
12:21:15     all   40.31    0.00   18.79    0.00    0.00    0.00    0.00    0.00    0.00   40.90
12:21:16     all   52.70    0.00   19.67    0.06    0.00    0.00    0.00    0.00    0.00   27.57
12:21:17     all   51.72    0.00   19.69    0.01    0.00    0.00    0.00    0.00    0.00   28.58
12:21:18     all   46.06    0.00   25.72    0.00    0.00    0.00    0.00    0.00    0.00   28.22
12:21:19     all   51.01    0.00   23.50    0.00    0.00    0.01    0.00    0.00    0.00   25.48
12:21:20     all   46.46    0.00   19.12    0.00    0.00    0.00    0.00    0.00    0.00   34.42
12:21:21     all   52.18    0.01   21.41    0.00    0.00    0.04    0.00    0.00    0.00   26.36
12:21:22     all   50.72    0.00   19.62    0.00    0.00    0.00    0.00    0.00    0.00   29.67
12:21:23     all   46.23    0.00   18.82    0.00    0.00    0.00    0.00    0.00    0.00   34.95
12:21:24     all   47.55    0.00   18.86    0.00    0.00    0.00    0.00    0.00    0.00   33.59
12:21:25     all   49.46    0.00   21.06    0.00    0.00    0.03    0.00    0.00    0.00   29.46
12:21:26     all   53.14    0.00   19.79    0.00    0.00    0.00    0.00    0.00    0.00   27.07
12:21:27     all   51.81    0.00   20.33    0.00    0.00    0.00    0.00    0.00    0.00   27.86
12:21:28     all   55.21    0.00   20.29    0.00    0.00    0.03    0.00    0.00    0.00   24.48
12:21:29     all   52.70    0.00   20.17    0.00    0.00    0.00    0.00    0.00    0.00   27.13
12:21:30     all   48.25    0.00   20.68    0.00    0.00    0.00    0.00    0.00    0.00   31.07
12:21:31     all   54.14    0.00   20.47    0.00    0.00    0.01    0.00    0.00    0.00   25.37
12:21:32     all   51.13    0.00   18.76    0.00    0.00    0.00    0.00    0.00    0.00   30.10
12:21:33     all   52.74    0.00   19.97    0.00    0.00    0.01    0.00    0.00    0.00   27.27
12:21:34     all   49.19    0.00   20.48    0.00    0.00    0.00    0.00    0.00    0.00   30.33
12:21:35     all   53.98    0.00   21.58    0.00    0.00    0.00    0.00    0.00    0.00   24.44
12:21:36     all   53.81    0.00   22.22    0.00    0.00    0.00    0.00    0.00    0.00   23.97
12:21:37     all   51.23    0.00   19.71    0.00    0.00    0.01    0.00    0.00    0.00   29.04
12:21:38     all   52.41    0.00   19.70    0.00    0.00    0.01    0.00    0.00    0.00   27.88
12:21:39     all   55.94    0.00   21.02    0.00    0.00    0.01    0.00    0.00    0.00   23.03
12:21:40     all   51.69    0.00   19.08    0.01    0.00    0.03    0.00    0.00    0.00   29.19
12:21:41     all   53.17    0.00   17.33    0.00    0.00    0.01    0.00    0.00    0.00   29.49
12:21:42     all   55.97    0.00   17.18    0.00    0.00    0.00    0.00    0.00    0.00   26.85
12:21:43     all   55.34    0.00   16.70    0.00    0.00    0.01    0.00    0.00    0.00   27.95
12:21:44     all   51.60    0.00   16.86    0.00    0.00    0.00    0.00    0.00    0.00   31.54
12:21:45     all   50.91    0.00   18.19    0.01    0.00    0.03    0.00    0.00    0.00   30.85
12:21:46     all   54.73    0.00   18.46    0.00    0.00    0.00    0.00    0.00    0.00   26.80
12:21:47     all   50.16    0.00   20.89    0.00    0.00    0.00    0.00    0.00    0.00   28.95
12:21:48     all   53.30    0.00   18.83    0.00    0.00    0.01    0.00    0.00    0.00   27.86
12:21:49     all   57.56    0.00   19.26    0.00    0.00    0.00    0.00    0.00    0.00   23.18
12:21:50     all   54.12    0.00   17.93    0.00    0.00    0.00    0.00    0.00    0.00   27.95
12:21:51     all   49.79    0.00   23.92    0.00    0.00    0.01    0.00    0.00    0.00   26.27
12:21:52     all   53.09    0.00   20.68    0.00    0.00    0.00    0.00    0.00    0.00   26.23
12:21:53     all   50.99    0.00   20.45    0.00    0.00    0.00    0.00    0.00    0.00   28.56
12:21:54     all   54.78    0.00   19.33    0.00    0.00    0.00    0.00    0.00    0.00   25.89
12:21:55     all   52.19    0.00   20.32    0.00    0.00    0.00    0.00    0.00    0.00   27.49
12:21:56     all   49.92    0.00   19.72    0.00    0.00    0.01    0.00    0.00    0.00   30.35
12:21:57     all   50.91    0.00   17.71    0.00    0.00    0.00    0.00    0.00    0.00   31.38
12:21:58     all   55.11    0.01   18.26    0.00    0.00    0.00    0.00    0.00    0.00   26.61
12:21:59     all   47.38    0.00   20.01    0.00    0.00    0.01    0.00    0.00    0.00   32.59
12:22:00     all   50.34    0.00   19.84    0.00    0.00    0.01    0.00    0.00    0.00   29.81
12:22:01     all   52.01    0.00   21.35    0.00    0.00    0.01    0.00    0.00    0.00   26.62
12:22:02     all   53.19    0.00   23.56    0.00    0.00    0.01    0.00    0.00    0.00   23.23
12:22:03     all   54.72    0.00   21.76    0.00    0.00    0.00    0.00    0.00    0.00   23.52
12:22:04     all   49.30    0.00   21.45    0.00    0.00    0.01    0.00    0.00    0.00   29.24
12:22:05     all   51.32    0.00   22.91    0.00    0.00    0.00    0.00    0.00    0.00   25.78
12:22:06     all   54.99    0.00   23.03    0.00    0.00    0.01    0.00    0.00    0.00   21.97
12:22:07     all   48.55    0.00   23.61    0.00    0.00    0.00    0.00    0.00    0.00   27.84
12:22:08     all   49.21    0.00   23.35    0.00    0.00    0.00    0.00    0.00    0.00   27.44
12:22:09     all   51.94    0.00   24.76    0.00    0.00    0.00    0.00    0.00    0.00   23.30
12:22:10     all   49.75    0.00   25.63    0.00    0.00    0.03    0.00    0.00    0.00   24.59
12:22:11     all   48.88    0.00   24.99    0.00    0.00    0.01    0.00    0.00    0.00   26.12
12:22:12     all   47.11    0.00   24.66    0.00    0.00    0.00    0.00    0.00    0.00   28.23
12:22:13     all   51.34    0.00   23.54    0.00    0.00    0.00    0.00    0.00    0.00   25.12
12:22:14     all   52.48    0.00   21.71    0.00    0.00    0.01    0.00    0.00    0.00   25.80
12:22:15     all   47.85    0.00   24.82    0.00    0.00    0.03    0.00    0.00    0.00   27.30
12:22:16     all   47.36    0.00   25.42    0.00    0.00    0.00    0.00    0.00    0.00   27.22
12:22:17     all   49.88    0.00   22.94    0.00    0.00    0.00    0.00    0.00    0.00   27.18
12:22:18     all   47.26    0.00   24.36    0.00    0.00    0.01    0.00    0.00    0.00   28.37
12:22:19     all   47.22    0.00   26.55    0.00    0.00    0.00    0.00    0.00    0.00   26.23
12:22:20     all   45.71    0.00   25.21    0.00    0.00    0.00    0.00    0.00    0.00   29.08
12:22:21     all   50.54    0.00   23.29    0.00    0.00    0.00    0.00    0.00    0.00   26.16
12:22:22     all   50.49    0.00   22.90    0.00    0.00    0.01    0.00    0.00    0.00   26.59
12:22:23     all   53.03    0.00   21.68    0.00    0.00    0.00    0.00    0.00    0.00   25.29
12:22:24     all   48.96    0.00   24.72    0.00    0.00    0.01    0.00    0.00    0.00   26.31
12:22:25     all   49.00    0.00   25.16    0.00    0.00    0.00    0.00    0.00    0.00   25.84
12:22:26     all   43.97    0.00   24.33    0.00    0.00    0.00    0.00    0.00    0.00   31.70
12:22:27     all   54.84    0.00   22.05    0.00    0.00    0.01    0.00    0.00    0.00   23.10
12:22:28     all   42.59    0.00   21.34    0.00    0.00    0.00    0.00    0.00    0.00   36.07
12:22:29     all   16.60    0.00   18.71    0.00    0.00    0.00    0.00    0.00    0.00   64.69
12:22:30     all   11.60    0.00    8.14    0.00    0.00    0.00    0.00    0.00    0.00   80.26
12:22:31     all   10.80    0.00    7.45    0.00    0.00    0.00    0.00    0.00    0.00   81.75
12:22:32     all   10.78    0.00    7.85    0.00    0.00    0.00    0.00    0.00    0.00   81.36
12:22:33     all    9.87    0.00    7.17    0.00    0.00    0.00    0.00    0.00    0.00   82.95
12:22:34     all   10.65    0.00    6.17    0.00    0.00    0.00    0.00    0.00    0.00   83.17
12:22:35     all   10.00    0.00    7.14    0.00    0.00    0.00    0.00    0.00    0.00   82.86
12:22:36     all   11.00    0.00    6.26    0.01    0.00    0.00    0.00    0.00    0.00   82.73
12:22:37     all    8.72    0.00    5.63    0.00    0.00    0.00    0.00    0.00    0.00   85.65
12:22:38     all    7.22    0.00    4.35    0.00    0.00    0.00    0.00    0.00    0.00   88.43
12:22:39     all    7.21    0.00    4.38    0.00    0.00    0.00    0.00    0.00    0.00   88.41
Average:     all   39.31    0.00   13.87    0.00    0.00    0.01    0.00    0.00    0.00   46.81
