Linux 6.8.0-136-generic (856a17914eb3) 	08/10/26 	_x86_64_	(72 CPU)

10:22:12     CPU    %usr   %nice    %sys %iowait    %irq   %soft  %steal  %guest  %gnice   %idle
10:22:13     all   11.54    0.00    0.39    0.00    0.00    0.00    0.00    0.00    0.00   88.07
10:22:14     all    1.20    0.00    1.06    0.00    0.00    0.00    0.00    0.00    0.00   97.75
10:22:15     all    1.63    0.00    0.32    0.00    0.00    0.00    0.00    0.00    0.00   98.06
10:22:16     all    1.83    0.00    0.28    0.00    0.00    0.01    0.00    0.00    0.00   97.87
10:22:17     all    1.60    0.00    0.21    0.00    0.00    0.00    0.00    0.00    0.00   98.19
10:22:18     all    1.54    0.00    0.25    0.00    0.00    0.00    0.00    0.00    0.00   98.21
10:22:19     all    1.44    0.00    0.19    0.00    0.00    0.00    0.00    0.00    0.00   98.36
10:22:20     all    1.75    0.01    0.28    0.00    0.00    0.00    0.00    0.00    0.00   97.96
10:22:21     all    1.51    0.00    0.26    0.00    0.00    0.00    0.00    0.00    0.00   98.22
10:22:22     all    1.58    0.00    0.26    0.00    0.00    0.00    0.00    0.00    0.00   98.15
10:22:23     all    1.96    0.00    0.33    0.00    0.00    0.00    0.00    0.00    0.00   97.71
10:22:24     all    1.53    0.00    0.18    0.00    0.00    0.00    0.00    0.00    0.00   98.29
10:22:25     all    1.17    0.00    0.69    0.00    0.00    0.00    0.00    0.00    0.00   98.14
10:22:26     all    1.54    0.00    0.18    0.00    0.00    0.00    0.00    0.00    0.00   98.28
10:22:27     all    1.57    0.00    0.18    0.00    0.00    0.00    0.00    0.00    0.00   98.25
10:22:28     all    1.36    0.00    0.22    0.00    0.00    0.00    0.00    0.00    0.00   98.42
10:22:29     all    1.60    0.00    0.19    0.00    0.00    0.00    0.00    0.00    0.00   98.21
10:22:30     all    1.56    0.00    0.18    0.00    0.00    0.00    0.00    0.00    0.00   98.26
10:22:31     all    1.39    0.00    0.29    0.00    0.00    0.00    0.00    0.00    0.00   98.32
10:22:32     all    1.64    0.00    0.21    0.00    0.00    0.00    0.00    0.00    0.00   98.15
10:22:33     all    1.61    0.00    0.28    0.00    0.00    0.00    0.00    0.00    0.00   98.11
10:22:34     all    1.36    0.00    0.15    0.00    0.00    0.00    0.00    0.00    0.00   98.49
10:22:35     all    1.54    0.00    0.17    0.00    0.00    0.00    0.00    0.00    0.00   98.29
10:22:36     all   25.67    0.00    3.75    0.00    0.00    0.00    0.00    0.00    0.00   70.57
10:22:37     all   38.64    0.00    1.26    0.00    0.00    0.00    0.00    0.00    0.00   60.11
10:22:38     all   50.76    0.00    3.27    0.00    0.00    0.00    0.00    0.00    0.00   45.97
10:22:39     all   43.99    0.00    2.13    0.00    0.00    0.00    0.00    0.00    0.00   53.88
10:22:40     all   41.97    0.00    1.86    0.00    0.00    0.00    0.00    0.00    0.00   56.16
10:22:41     all   39.73    0.00    1.77    0.00    0.00    0.00    0.00    0.00    0.00   58.50
10:22:42     all   41.69    0.00    0.99    0.00    0.00    0.00    0.00    0.00    0.00   57.32
10:22:43     all   38.02    0.00    1.00    0.00    0.00    0.03    0.00    0.00    0.00   60.95
10:22:44     all   32.68    0.00    0.82    0.00    0.00    0.00    0.00    0.00    0.00   66.50
10:22:45     all   39.94    0.00    0.67    0.00    0.00    0.00    0.00    0.00    0.00   59.39
10:22:46     all   44.97    0.00    0.75    0.00    0.00    0.00    0.00    0.00    0.00   54.27
10:22:47     all   47.99    0.00    0.88    0.00    0.00    0.01    0.00    0.00    0.00   51.12
10:22:48     all   35.26    0.00    1.14    0.00    0.00    0.00    0.00    0.00    0.00   63.60
10:22:49     all   33.70    0.00    1.13    0.00    0.00    0.01    0.00    0.00    0.00   65.15
10:22:50     all   51.87    0.00    0.74    0.00    0.00    0.00    0.00    0.00    0.00   47.39
10:22:51     all   46.73    0.00    2.30    0.00    0.00    0.00    0.00    0.00    0.00   50.97
10:22:52     all   39.60    0.00    2.03    0.00    0.00    0.00    0.00    0.00    0.00   58.37
10:22:53     all   32.13    0.00    1.45    0.00    0.00    0.01    0.00    0.00    0.00   66.41
10:22:54     all   27.29    0.00    1.64    0.00    0.00    0.00    0.00    0.00    0.00   71.06
10:22:55     all   36.23    0.00    1.49    0.00    0.00    0.00    0.00    0.00    0.00   62.28
10:22:56     all   39.58    0.00    2.61    0.00    0.00    0.00    0.00    0.00    0.00   57.81
10:22:57     all   39.14    0.00    1.90    0.00    0.00    0.00    0.00    0.00    0.00   58.96
10:22:58     all   48.99    0.00    2.41    0.00    0.00    0.01    0.00    0.00    0.00   48.59
10:22:59     all   53.87    0.00    3.16    0.00    0.00    0.01    0.00    0.00    0.00   42.96
10:23:00     all   57.06    0.00    3.27    0.00    0.00    0.00    0.00    0.00    0.00   39.67
10:23:01     all   56.44    0.00    3.90    0.00    0.00    0.00    0.00    0.00    0.00   39.66
10:23:02     all   57.93    0.00    4.27    0.00    0.00    0.01    0.00    0.00    0.00   37.79
10:23:03     all   53.05    0.00    5.10    0.00    0.00    0.00    0.00    0.00    0.00   41.85
10:23:04     all   54.96    0.00    3.90    0.01    0.00    0.00    0.00    0.00    0.00   41.13
10:23:05     all   56.12    0.00    4.61    0.00    0.00    0.00    0.00    0.00    0.00   39.27
10:23:06     all   45.84    0.00    3.99    0.00    0.00    0.00    0.00    0.00    0.00   50.17
10:23:07     all   53.50    0.00    3.27    0.00    0.00    0.01    0.00    0.00    0.00   43.22
10:23:08     all   43.25    0.00    2.67    0.00    0.00    0.00    0.00    0.00    0.00   54.07
10:23:09     all   35.33    0.00    2.31    0.00    0.00    0.00    0.00    0.00    0.00   62.36
10:23:10     all   37.30    0.00    2.28    0.00    0.00    0.00    0.00    0.00    0.00   60.42
10:23:11     all   34.33    0.00    1.60    0.00    0.00    0.00    0.00    0.00    0.00   64.07
10:23:12     all   36.59    0.00    1.74    0.00    0.00    0.03    0.00    0.00    0.00   61.64
10:23:13     all   39.10    0.00    2.46    0.00    0.00    0.00    0.00    0.00    0.00   58.43
10:23:14     all   42.46    0.04    1.66    0.00    0.00    0.00    0.00    0.00    0.00   55.84
10:23:15     all   36.40    0.00    1.64    0.00    0.00    0.00    0.00    0.00    0.00   61.96
10:23:16     all   37.46    0.00    1.94    0.00    0.00    0.01    0.00    0.00    0.00   60.59
10:23:17     all   36.07    0.00    1.91    0.00    0.00    0.00    0.00    0.00    0.00   62.03
10:23:18     all   40.61    0.00    2.36    0.00    0.00    0.00    0.00    0.00    0.00   57.02
10:23:19     all   49.78    0.00    1.53    0.00    0.00    0.00    0.00    0.00    0.00   48.69
10:23:20     all   48.17    0.00    1.16    0.00    0.00    0.00    0.00    0.00    0.00   50.68
10:23:21     all   48.52    0.00    1.48    0.01    0.00    0.00    0.00    0.00    0.00   49.99
10:23:22     all   53.01    0.00    1.84    0.00    0.00    0.01    0.00    0.00    0.00   45.14
10:23:23     all   48.80    0.00    1.82    0.00    0.00    0.00    0.00    0.00    0.00   49.38
10:23:24     all   54.30    0.00    2.46    0.00    0.00    0.00    0.00    0.00    0.00   43.25
10:23:25     all   47.88    0.00    2.03    0.00    0.00    0.01    0.00    0.00    0.00   50.08
10:23:26     all   44.69    0.00    2.03    0.00    0.00    0.00    0.00    0.00    0.00   53.27
10:23:27     all   47.62    0.00    1.98    0.00    0.00    0.00    0.00    0.00    0.00   50.40
10:23:28     all   50.84    0.00    2.28    0.00    0.00    0.00    0.00    0.00    0.00   46.88
10:23:29     all   50.90    0.00    2.76    0.00    0.00    0.00    0.00    0.00    0.00   46.34
10:23:30     all   50.25    0.00    2.82    0.00    0.00    0.00    0.00    0.00    0.00   46.92
10:23:31     all   45.95    0.00    2.98    0.00    0.00    0.00    0.00    0.00    0.00   51.07
10:23:32     all   49.34    0.00    2.79    0.00    0.00    0.00    0.00    0.00    0.00   47.87
10:23:33     all   46.67    0.00    2.17    0.00    0.00    0.00    0.00    0.00    0.00   51.16
10:23:34     all   44.15    0.00    2.00    0.00    0.00    0.01    0.00    0.00    0.00   53.84
10:23:35     all   39.39    0.00    2.21    0.00    0.00    0.00    0.00    0.00    0.00   58.40
10:23:36     all   43.33    0.00    2.52    0.00    0.00    0.00    0.00    0.00    0.00   54.15
10:23:37     all   45.84    0.00    2.65    0.00    0.00    0.00    0.00    0.00    0.00   51.51
10:23:38     all   40.13    0.00    3.22    0.01    0.00    0.00    0.00    0.00    0.00   56.64
10:23:39     all   41.31    0.00    2.35    0.00    0.00    0.00    0.00    0.00    0.00   56.33
10:23:40     all   49.78    0.00    3.41    0.00    0.00    0.00    0.00    0.00    0.00   46.80
10:23:41     all   56.15    0.00    3.65    0.00    0.00    0.00    0.00    0.00    0.00   40.21
10:23:42     all   48.66    0.00    3.34    0.00    0.00    0.00    0.00    0.00    0.00   48.00
10:23:43     all   50.72    0.00    2.84    0.00    0.00    0.01    0.00    0.00    0.00   46.42
10:23:44     all   51.19    0.01    2.65    0.00    0.00    0.00    0.00    0.00    0.00   46.15
10:23:45     all   54.82    0.01    3.06    0.00    0.00    0.00    0.00    0.00    0.00   42.11
10:23:46     all   54.02    0.00    3.37    0.00    0.00    0.00    0.00    0.00    0.00   42.62
10:23:47     all   53.65    0.00    3.51    0.00    0.00    0.00    0.00    0.00    0.00   42.84
10:23:48     all   52.49    0.00    3.89    0.00    0.00    0.00    0.00    0.00    0.00   43.62
10:23:49     all   52.68    0.00    3.89    0.00    0.00    0.00    0.00    0.00    0.00   43.42
10:23:50     all   52.35    0.00    3.44    0.00    0.00    0.00    0.00    0.00    0.00   44.21
10:23:51     all   50.32    0.00    2.96    0.00    0.00    0.00    0.00    0.00    0.00   46.72
10:23:52     all   45.79    0.00    2.88    0.00    0.00    0.01    0.00    0.00    0.00   51.31
10:23:53     all   48.60    0.00    3.40    0.00    0.00    0.00    0.00    0.00    0.00   48.00
10:23:54     all   52.85    0.00    3.51    0.00    0.00    0.00    0.00    0.00    0.00   43.64
10:23:55     all   53.24    0.00    3.62    0.00    0.00    0.00    0.00    0.00    0.00   43.15
10:23:56     all   55.39    0.00    3.50    0.00    0.00    0.00    0.00    0.00    0.00   41.11
10:23:57     all   52.25    0.00    4.63    0.00    0.00    0.01    0.00    0.00    0.00   43.11
10:23:58     all   48.93    0.00    4.23    0.00    0.00    0.00    0.00    0.00    0.00   46.83
10:23:59     all   44.16    0.00    3.69    0.00    0.00    0.00    0.00    0.00    0.00   52.15
10:24:00     all   50.95    0.00    4.14    0.00    0.00    0.00    0.00    0.00    0.00   44.91
10:24:01     all   42.56    0.00    3.83    0.00    0.00    0.01    0.00    0.00    0.00   53.59
10:24:02     all   45.79    0.00    2.90    0.00    0.00    0.01    0.00    0.00    0.00   51.30
10:24:03     all   44.98    0.00    3.78    0.00    0.00    0.00    0.00    0.00    0.00   51.24
10:24:04     all   47.15    0.00    3.55    0.00    0.00    0.00    0.00    0.00    0.00   49.30
10:24:05     all   50.73    0.00    3.44    0.00    0.00    0.01    0.00    0.00    0.00   45.82
10:24:06     all   51.00    0.00    3.85    0.00    0.00    0.00    0.00    0.00    0.00   45.15
10:24:07     all   54.25    0.00    3.19    0.00    0.00    0.00    0.00    0.00    0.00   42.56
10:24:08     all   54.34    0.00    2.86    0.00    0.00    0.00    0.00    0.00    0.00   42.81
10:24:09     all   56.12    0.00    3.41    0.00    0.00    0.00    0.00    0.00    0.00   40.48
10:24:10     all   49.52    0.00    3.73    0.00    0.00    0.00    0.00    0.00    0.00   46.75
10:24:11     all   50.37    0.00    3.51    0.00    0.00    0.00    0.00    0.00    0.00   46.12
10:24:12     all   56.13    0.00    3.07    0.00    0.00    0.00    0.00    0.00    0.00   40.80
10:24:13     all   56.19    0.00    3.22    0.00    0.00    0.00    0.00    0.00    0.00   40.59
10:24:14     all   54.07    0.00    4.50    0.00    0.00    0.00    0.00    0.00    0.00   41.43
10:24:15     all   51.94    0.00    3.99    0.00    0.00    0.01    0.00    0.00    0.00   44.06
10:24:16     all   54.05    0.00    4.28    0.00    0.00    0.00    0.00    0.00    0.00   41.68
10:24:17     all   53.44    0.00    3.85    0.00    0.00    0.00    0.00    0.00    0.00   42.71
10:24:18     all   50.36    0.00    3.61    0.00    0.00    0.00    0.00    0.00    0.00   46.03
10:24:19     all   53.93    0.00    3.66    0.00    0.00    0.00    0.00    0.00    0.00   42.41
10:24:20     all   50.84    0.00    3.30    0.00    0.00    0.00    0.00    0.00    0.00   45.86
10:24:21     all   50.50    0.00    3.47    0.00    0.00    0.00    0.00    0.00    0.00   46.03
10:24:22     all   46.14    0.01    4.22    0.00    0.00    0.00    0.00    0.00    0.00   49.62
10:24:23     all   50.69    0.00    2.90    0.00    0.00    0.00    0.00    0.00    0.00   46.41
10:24:24     all   45.67    0.00    2.99    0.00    0.00    0.00    0.00    0.00    0.00   51.34
10:24:25     all   52.20    0.00    2.55    0.00    0.00    0.03    0.00    0.00    0.00   45.22
10:24:26     all   48.03    0.00    3.71    0.00    0.00    0.00    0.00    0.00    0.00   48.25
10:24:27     all   50.01    0.00    3.12    0.00    0.00    0.00    0.00    0.00    0.00   46.86
10:24:28     all   48.23    0.00    3.64    0.00    0.00    0.00    0.00    0.00    0.00   48.12
10:24:29     all   49.94    0.00    2.80    0.00    0.00    0.01    0.00    0.00    0.00   47.25
10:24:30     all   47.80    0.00    2.65    0.00    0.00    0.00    0.00    0.00    0.00   49.55
10:24:31     all   51.16    0.00    3.17    0.00    0.00    0.00    0.00    0.00    0.00   45.67
10:24:32     all   50.98    0.00    3.13    0.00    0.00    0.00    0.00    0.00    0.00   45.90
10:24:33     all   52.70    0.00    3.46    0.00    0.00    0.01    0.00    0.00    0.00   43.82
10:24:34     all   51.67    0.00    3.57    0.00    0.00    0.00    0.00    0.00    0.00   44.76
10:24:35     all   49.93    0.00    3.56    0.00    0.00    0.00    0.00    0.00    0.00   46.51
10:24:36     all   50.15    0.00    2.98    0.01    0.00    0.00    0.00    0.00    0.00   46.85
10:24:37     all   52.57    0.00    3.37    0.00    0.00    0.00    0.00    0.00    0.00   44.06
10:24:38     all   54.44    0.00    2.55    0.00    0.00    0.00    0.00    0.00    0.00   43.01
10:24:39     all   54.90    0.00    3.62    0.00    0.00    0.00    0.00    0.00    0.00   41.48
10:24:40     all   54.98    0.00    3.06    0.00    0.00    0.00    0.00    0.00    0.00   41.96
10:24:41     all   52.17    0.00    3.46    0.00    0.00    0.00    0.00    0.00    0.00   44.37
10:24:42     all   47.30    0.00    3.59    0.01    0.00    0.00    0.00    0.00    0.00   49.10
10:24:43     all   52.19    0.00    3.77    0.00    0.00    0.01    0.00    0.00    0.00   44.03
10:24:44     all   53.30    0.00    3.88    0.00    0.00    0.01    0.00    0.00    0.00   42.81
10:24:45     all   56.42    0.00    3.04    0.00    0.00    0.00    0.00    0.00    0.00   40.54
10:24:46     all   53.22    0.00    3.22    0.00    0.00    0.00    0.00    0.00    0.00   43.56
10:24:47     all   53.92    0.00    3.21    0.01    0.00    0.00    0.00    0.00    0.00   42.86
10:24:48     all   53.18    0.00    2.62    0.00    0.00    0.00    0.00    0.00    0.00   44.20
10:24:49     all   55.23    0.00    3.15    0.00    0.00    0.01    0.00    0.00    0.00   41.61
10:24:50     all   53.58    0.00    3.15    0.00    0.00    0.00    0.00    0.00    0.00   43.27
10:24:51     all   54.78    0.00    3.61    0.00    0.00    0.00    0.00    0.00    0.00   41.61
10:24:52     all   53.21    0.00    3.74    0.00    0.00    0.00    0.00    0.00    0.00   43.06
10:24:53     all   53.78    0.00    4.29    0.00    0.00    0.00    0.00    0.00    0.00   41.93
10:24:54     all   52.72    0.00    4.81    0.00    0.00    0.01    0.00    0.00    0.00   42.45
10:24:55     all   52.30    0.00    4.98    0.00    0.00    0.00    0.00    0.00    0.00   42.72
10:24:56     all   52.73    0.00    4.57    0.00    0.00    0.00    0.00    0.00    0.00   42.71
10:24:57     all   52.12    0.00    4.30    0.00    0.00    0.00    0.00    0.00    0.00   43.58
10:24:58     all   53.32    0.00    5.09    0.00    0.00    0.01    0.00    0.00    0.00   41.57
10:24:59     all   46.18    0.00    4.51    0.00    0.00    0.00    0.00    0.00    0.00   49.32
10:25:00     all   51.16    0.00    4.63    0.00    0.00    0.00    0.00    0.00    0.00   44.21
10:25:01     all   51.75    0.00    4.59    0.00    0.00    0.01    0.00    0.00    0.00   43.65
10:25:02     all   52.56    0.00    5.75    0.00    0.00    0.04    0.00    0.00    0.00   41.65
10:25:03     all   54.45    0.00    5.54    0.00    0.00    0.00    0.00    0.00    0.00   40.01
10:25:04     all   52.80    0.00    4.73    0.00    0.00    0.01    0.00    0.00    0.00   42.45
10:25:05     all   51.74    0.00    5.08    0.00    0.00    0.00    0.00    0.00    0.00   43.18
10:25:06     all   52.79    0.00    5.14    0.00    0.00    0.00    0.00    0.00    0.00   42.07
10:25:07     all   44.96    0.00    4.32    0.00    0.00    0.00    0.00    0.00    0.00   50.72
10:25:08     all   43.50    0.00    5.48    0.00    0.00    0.00    0.00    0.00    0.00   51.02
10:25:09     all   42.82    0.00    3.63    0.00    0.00    0.00    0.00    0.00    0.00   53.55
10:25:10     all   49.64    0.00    4.31    0.00    0.00    0.00    0.00    0.00    0.00   46.05
10:25:11     all   52.33    0.00    4.40    0.00    0.00    0.00    0.00    0.00    0.00   43.27
10:25:12     all   48.07    0.00    4.06    0.00    0.00    0.00    0.00    0.00    0.00   47.87
10:25:13     all   49.09    0.00    4.12    0.00    0.00    0.00    0.00    0.00    0.00   46.78
10:25:14     all   50.86    0.01    3.79    0.00    0.00    0.00    0.00    0.00    0.00   45.34
10:25:15     all   52.40    0.00    4.14    0.00    0.00    0.00    0.00    0.00    0.00   43.46
10:25:16     all   52.09    0.00    4.61    0.00    0.00    0.00    0.00    0.00    0.00   43.30
10:25:17     all   51.67    0.00    4.59    0.00    0.00    0.01    0.00    0.00    0.00   43.73
10:25:18     all   52.97    0.00    4.17    0.00    0.00    0.00    0.00    0.00    0.00   42.86
10:25:19     all   52.35    0.00    3.85    0.00    0.00    0.00    0.00    0.00    0.00   43.80
10:25:20     all   51.54    0.00    4.80    0.00    0.00    0.00    0.00    0.00    0.00   43.66
10:25:21     all   49.87    0.00    4.87    0.00    0.00    0.00    0.00    0.00    0.00   45.27
10:25:22     all   43.94    0.00    4.00    0.00    0.00    0.00    0.00    0.00    0.00   52.06
10:25:23     all   51.57    0.00    3.77    0.00    0.00    0.03    0.00    0.00    0.00   44.62
10:25:24     all   54.48    0.00    4.37    0.00    0.00    0.00    0.00    0.00    0.00   41.15
10:25:25     all   53.26    0.00    3.50    0.00    0.00    0.00    0.00    0.00    0.00   43.24
10:25:26     all   45.60    0.00    3.75    0.00    0.00    0.00    0.00    0.00    0.00   50.65
10:25:27     all   45.00    0.00    3.85    0.00    0.00    0.00    0.00    0.00    0.00   51.15
10:25:28     all   46.90    0.00    3.42    0.00    0.00    0.00    0.00    0.00    0.00   49.67
10:25:29     all   53.46    0.00    3.11    0.00    0.00    0.00    0.00    0.00    0.00   43.44
10:25:30     all   53.60    0.00    3.64    0.00    0.00    0.01    0.00    0.00    0.00   42.75
10:25:31     all   49.92    0.00    4.22    0.00    0.00    0.00    0.00    0.00    0.00   45.86
10:25:32     all   50.38    0.00    2.82    0.00    0.00    0.00    0.00    0.00    0.00   46.80
10:25:33     all   53.37    0.00    3.36    0.00    0.00    0.00    0.00    0.00    0.00   43.27
10:25:34     all   54.92    0.00    4.03    0.00    0.00    0.00    0.00    0.00    0.00   41.05
10:25:35     all   56.43    0.00    4.03    0.00    0.00    0.00    0.00    0.00    0.00   39.55
10:25:36     all   47.63    0.00    3.19    0.00    0.00    0.01    0.00    0.00    0.00   49.17
10:25:37     all   25.40    0.00    1.77    0.00    0.00    0.00    0.00    0.00    0.00   72.84
10:25:38     all    8.98    0.00    1.38    0.00    0.00    0.00    0.00    0.00    0.00   89.64
10:25:39     all    6.68    0.00    1.40    0.00    0.00    0.00    0.00    0.00    0.00   91.92
10:25:40     all    5.88    0.00    1.31    0.00    0.00    0.00    0.00    0.00    0.00   92.82
10:25:41     all    6.47    0.00    0.97    0.00    0.00    0.01    0.00    0.00    0.00   92.55
10:25:42     all    5.45    0.00    0.90    0.00    0.00    0.01    0.00    0.00    0.00   93.63
10:25:43     all    4.13    0.00    1.04    0.00    0.00    0.00    0.00    0.00    0.00   94.83
10:25:44     all    3.67    0.00    0.88    0.00    0.00    0.00    0.00    0.00    0.00   95.45
10:25:45     all    3.65    0.00    0.93    0.00    0.00    0.00    0.00    0.00    0.00   95.41
10:25:46     all    3.43    0.00    1.24    0.00    0.00    0.00    0.00    0.00    0.00   95.33
10:25:47     all    4.30    0.00    0.75    0.00    0.00    0.01    0.00    0.00    0.00   94.94
10:25:48     all    2.80    0.00    0.60    0.00    0.00    0.00    0.00    0.00    0.00   96.61
10:25:49     all    2.78    0.00    0.53    0.00    0.00    0.00    0.00    0.00    0.00   96.69
10:25:50     all    2.64    0.00    0.61    0.00    0.00    0.00    0.00    0.00    0.00   96.75
10:25:51     all    2.54    0.00    0.63    0.00    0.00    0.00    0.00    0.00    0.00   96.83
10:25:52     all    2.32    0.00    0.76    0.00    0.00    0.00    0.00    0.00    0.00   96.92
Average:     all   40.64    0.00    2.74    0.00    0.00    0.00    0.00    0.00    0.00   56.61
