Linux 6.8.0-136-generic (856a17914eb3) 	08/10/26 	_x86_64_	(72 CPU)

08:47:23     CPU    %usr   %nice    %sys %iowait    %irq   %soft  %steal  %guest  %gnice   %idle
08:47:24     all   11.57    0.00    0.42    0.00    0.00    0.00    0.00    0.00    0.00   88.02
08:47:25     all    1.03    0.00    0.93    0.01    0.00    0.00    0.00    0.00    0.00   98.02
08:47:26     all    1.45    0.00    0.26    0.00    0.00    0.00    0.00    0.00    0.00   98.29
08:47:27     all    1.57    0.00    0.17    0.00    0.00    0.00    0.00    0.00    0.00   98.26
08:47:28     all    1.64    0.00    0.26    0.00    0.00    0.00    0.00    0.00    0.00   98.10
08:47:29     all    1.86    0.00    0.29    0.00    0.00    0.00    0.00    0.00    0.00   97.85
08:47:30     all    1.57    0.00    0.15    0.00    0.00    0.00    0.00    0.00    0.00   98.28
08:47:31     all    1.79    0.00    0.39    0.00    0.00    0.00    0.00    0.00    0.00   97.82
08:47:32     all    1.26    0.00    0.56    0.00    0.00    0.00    0.00    0.00    0.00   98.18
08:47:33     all    1.51    0.00    0.36    0.00    0.00    0.00    0.00    0.00    0.00   98.12
08:47:34     all    1.54    0.00    0.19    0.00    0.00    0.00    0.00    0.00    0.00   98.26
08:47:35     all    1.51    0.00    0.21    0.00    0.00    0.00    0.00    0.00    0.00   98.28
08:47:36     all    1.72    0.00    0.50    0.00    0.00    0.00    0.00    0.00    0.00   97.78
08:47:37     all    1.95    0.00    0.33    0.00    0.00    0.00    0.00    0.00    0.00   97.72
08:47:38     all    1.49    0.00    0.14    0.00    0.00    0.00    0.00    0.00    0.00   98.37
08:47:39     all   19.79    0.00   16.01    0.00    0.00    0.01    0.00    0.00    0.00   64.19
08:47:40     all   46.61    0.00    1.79    0.00    0.00    0.00    0.00    0.00    0.00   51.60
08:47:41     all   76.20    0.00    5.44    0.00    0.00    0.01    0.00    0.00    0.00   18.35
08:47:42     all   62.54    0.00    4.46    0.00    0.00    0.00    0.00    0.00    0.00   33.00
08:47:43     all   52.52    0.00    1.99    0.00    0.00    0.00    0.00    0.00    0.00   45.48
08:47:44     all   49.12    0.00    1.62    0.00    0.00    0.01    0.00    0.00    0.00   49.25
08:47:45     all   49.64    0.00    1.39    0.00    0.00    0.01    0.00    0.00    0.00   48.95
08:47:46     all   46.62    0.00    1.07    0.00    0.00    0.00    0.00    0.00    0.00   52.31
08:47:47     all   43.11    0.00    0.65    0.00    0.00    0.00    0.00    0.00    0.00   56.24
08:47:48     all   47.72    0.00    0.66    0.00    0.00    0.00    0.00    0.00    0.00   51.63
08:47:49     all   55.73    0.00    0.57    0.00    0.00    0.00    0.00    0.00    0.00   43.70
08:47:50     all   58.62    0.00    0.59    0.00    0.00    0.00    0.00    0.00    0.00   40.80
08:47:51     all   45.72    0.00    0.95    0.00    0.00    0.01    0.00    0.00    0.00   53.32
08:47:52     all   68.31    0.00    0.98    0.00    0.00    0.00    0.00    0.00    0.00   30.70
08:47:53     all   62.96    0.00    0.93    0.00    0.00    0.01    0.00    0.00    0.00   36.10
08:47:54     all   55.16    0.00    0.84    0.00    0.00    0.00    0.00    0.00    0.00   44.00
08:47:55     all   60.52    0.00    0.82    0.00    0.00    0.01    0.00    0.00    0.00   38.65
08:47:56     all   95.28    0.00    1.24    0.00    0.00    0.00    0.00    0.00    0.00    3.48
08:47:57     all   89.16    0.00    5.95    0.00    0.00    0.01    0.00    0.00    0.00    4.87
08:47:58     all   84.02    0.00    8.68    0.00    0.00    0.00    0.00    0.00    0.00    7.30
08:47:59     all   72.72    0.00    6.02    0.00    0.00    0.00    0.00    0.00    0.00   21.26
08:48:00     all   59.79    0.00    4.21    0.00    0.00    0.01    0.00    0.00    0.00   35.98
08:48:01     all   47.61    0.00    3.15    0.00    0.00    0.00    0.00    0.00    0.00   49.24
08:48:02     all   43.51    0.00    3.08    0.00    0.00    0.01    0.00    0.00    0.00   53.40
08:48:03     all   40.94    0.00    2.38    0.00    0.00    0.00    0.00    0.00    0.00   56.68
08:48:04     all   44.56    0.01    2.59    0.00    0.00    0.00    0.00    0.00    0.00   52.84
08:48:05     all   50.93    0.00    1.99    0.00    0.00    0.00    0.00    0.00    0.00   47.08
08:48:06     all   55.33    0.00    2.03    0.01    0.00    0.01    0.00    0.00    0.00   42.61
08:48:07     all   49.97    0.00    2.68    0.00    0.00    0.00    0.00    0.00    0.00   47.35
08:48:08     all   41.46    0.00    0.68    0.00    0.00    0.00    0.00    0.00    0.00   57.85
08:48:09     all   43.39    0.00    1.31    0.00    0.00    0.00    0.00    0.00    0.00   55.30
08:48:10     all   45.76    0.00    1.10    0.00    0.00    0.00    0.00    0.00    0.00   53.14
08:48:11     all   51.44    0.00    0.79    0.00    0.00    0.00    0.00    0.00    0.00   47.77
08:48:12     all   59.86    0.00    1.02    0.00    0.00    0.00    0.00    0.00    0.00   39.12
08:48:13     all   79.75    0.00    0.89    0.00    0.00    0.00    0.00    0.00    0.00   19.36
08:48:14     all   89.88    0.00    1.17    0.00    0.00    0.01    0.00    0.00    0.00    8.94
08:48:15     all   83.35    0.00    2.08    0.00    0.00    0.00    0.00    0.00    0.00   14.56
08:48:16     all   68.71    0.00    3.37    0.00    0.00    0.00    0.00    0.00    0.00   27.92
08:48:17     all   63.34    0.00    3.15    0.00    0.00    0.00    0.00    0.00    0.00   33.51
08:48:18     all   67.28    0.00    2.26    0.01    0.00    0.00    0.00    0.00    0.00   30.45
08:48:19     all   57.88    0.00    2.49    0.00    0.00    0.00    0.00    0.00    0.00   39.63
08:48:20     all   45.22    0.00    2.89    0.00    0.00    0.01    0.00    0.00    0.00   51.87
08:48:21     all   44.28    0.00    2.09    0.00    0.00    0.00    0.00    0.00    0.00   53.64
08:48:22     all   43.90    0.00    2.70    0.00    0.00    0.00    0.00    0.00    0.00   53.40
08:48:23     all   42.48    0.00    1.40    0.00    0.00    0.00    0.00    0.00    0.00   56.12
08:48:24     all   45.80    0.00    1.95    0.00    0.00    0.00    0.00    0.00    0.00   52.25
08:48:25     all   49.06    0.00    2.70    0.00    0.00    0.01    0.00    0.00    0.00   48.23
08:48:26     all   43.05    0.00    2.30    0.00    0.00    0.01    0.00    0.00    0.00   54.63
08:48:27     all   48.74    0.00    2.35    0.00    0.00    0.00    0.00    0.00    0.00   48.91
08:48:28     all   42.65    0.00    1.07    0.00    0.00    0.00    0.00    0.00    0.00   56.27
08:48:29     all   44.15    0.00    0.89    0.00    0.00    0.01    0.00    0.00    0.00   54.94
08:48:30     all   45.45    0.00    0.92    0.00    0.00    0.00    0.00    0.00    0.00   53.63
08:48:31     all   51.86    0.00    1.04    0.00    0.00    0.01    0.00    0.00    0.00   47.08
08:48:32     all   55.04    0.00    0.88    0.00    0.00    0.00    0.00    0.00    0.00   44.08
08:48:33     all   69.50    0.00    1.32    0.00    0.00    0.00    0.00    0.00    0.00   29.18
08:48:34     all   72.68    0.00    1.46    0.00    0.00    0.00    0.00    0.00    0.00   25.85
08:48:35     all   76.29    0.00    1.81    0.00    0.00    0.01    0.00    0.00    0.00   21.89
08:48:36     all   73.22    0.00    2.14    0.00    0.00    0.00    0.00    0.00    0.00   24.64
08:48:37     all   69.59    0.00    2.10    0.00    0.00    0.01    0.00    0.00    0.00   28.29
08:48:38     all   63.45    0.00    1.73    0.00    0.00    0.00    0.00    0.00    0.00   34.82
08:48:39     all   60.10    0.00    2.11    0.00    0.00    0.00    0.00    0.00    0.00   37.79
08:48:40     all   39.86    0.00    1.34    0.00    0.00    0.00    0.00    0.00    0.00   58.80
08:48:41     all    8.53    0.00    1.38    0.00    0.00    0.00    0.00    0.00    0.00   90.10
08:48:42     all    2.33    0.00    0.58    0.00    0.00    0.00    0.00    0.00    0.00   97.08
08:48:43     all    2.53    0.00    0.74    0.00    0.00    0.01    0.00    0.00    0.00   96.72
08:48:44     all    2.78    0.00    0.64    0.00    0.00    0.00    0.00    0.00    0.00   96.59
08:48:45     all    2.45    0.00    1.00    0.00    0.00    0.00    0.00    0.00    0.00   96.55
08:48:46     all    2.36    0.00    0.82    0.00    0.00    0.00    0.00    0.00    0.00   96.82
08:48:47     all    2.32    0.00    0.86    0.00    0.00    0.00    0.00    0.00    0.00   96.82
08:48:48     all    1.81    0.00    1.24    0.00    0.00    0.00    0.00    0.00    0.00   96.96
08:48:49     all    2.57    0.00    0.61    0.00    0.00    0.00    0.00    0.00    0.00   96.82
08:48:50     all    2.82    0.00    0.54    0.00    0.00    0.01    0.00    0.00    0.00   96.62
08:48:51     all    1.38    0.00    0.26    0.00    0.00    0.00    0.00    0.00    0.00   98.36
08:48:52     all    1.51    0.00    0.26    0.00    0.00    0.00    0.00    0.00    0.00   98.22
08:48:53     all    2.11    0.00    0.58    0.00    0.00    0.00    0.00    0.00    0.00   97.30
08:48:54     all    1.26    0.00    0.24    0.00    0.00    0.00    0.00    0.00    0.00   98.50
08:48:55     all    1.54    0.00    0.29    0.00    0.00    0.00    0.00    0.00    0.00   98.17
08:48:56     all    1.49    0.00    0.29    0.00    0.00    0.00    0.00    0.00    0.00   98.22
08:48:57     all    1.21    0.01    0.24    0.00    0.00    0.00    0.00    0.00    0.00   98.54
08:48:58     all    1.51    0.00    0.38    0.00    0.00    0.00    0.00    0.00    0.00   98.11
08:48:59     all    1.47    0.00    0.24    0.00    0.00    0.00    0.00    0.00    0.00   98.29
08:49:00     all    1.29    0.00    0.32    0.00    0.00    0.00    0.00    0.00    0.00   98.39
08:49:01     all    1.50    0.00    0.31    0.00    0.00    0.00    0.00    0.00    0.00   98.19
08:49:02     all    1.58    0.00    0.35    0.00    0.00    0.00    0.00    0.00    0.00   98.07
08:49:03     all    1.38    0.00    0.39    0.00    0.00    0.00    0.00    0.00    0.00   98.24
Average:     all   35.93    0.00    1.60    0.00    0.00    0.00    0.00    0.00    0.00   62.46
