Linux 6.8.0-136-generic (856a17914eb3) 	08/10/26 	_x86_64_	(72 CPU)

16:46:28     CPU    %usr   %nice    %sys %iowait    %irq   %soft  %steal  %guest  %gnice   %idle
16:46:29     all   11.88    0.00    0.54    0.00    0.00    0.00    0.00    0.00    0.00   87.58
16:46:30     all    0.99    0.00    0.89    0.00    0.00    0.00    0.00    0.00    0.00   98.12
16:46:31     all    1.53    0.00    0.28    0.00    0.00    0.00    0.00    0.00    0.00   98.19
16:46:32     all    1.64    0.00    0.26    0.00    0.00    0.00    0.00    0.00    0.00   98.10
16:46:33     all    1.57    0.00    0.31    0.00    0.00    0.00    0.00    0.00    0.00   98.13
16:46:34     all    1.58    0.00    0.25    0.00    0.00    0.00    0.00    0.00    0.00   98.17
16:46:35     all    1.54    0.00    0.24    0.00    0.00    0.00    0.00    0.00    0.00   98.22
16:46:36     all    1.42    0.00    0.17    0.00    0.00    0.00    0.00    0.00    0.00   98.42
16:46:37     all    1.74    0.00    0.29    0.00    0.00    0.00    0.00    0.00    0.00   97.97
16:46:38     all    1.64    0.00    0.44    0.00    0.00    0.00    0.00    0.00    0.00   97.91
16:46:39     all    1.35    0.00    0.21    0.00    0.00    0.00    0.00    0.00    0.00   98.44
16:46:40     all    1.61    0.01    0.21    0.00    0.00    0.00    0.00    0.00    0.00   98.17
16:46:41     all    1.62    0.00    0.22    0.00    0.00    0.00    0.00    0.00    0.00   98.15
16:46:42     all    1.51    0.00    0.32    0.00    0.00    0.00    0.00    0.00    0.00   98.17
16:46:43     all    1.97    0.00    0.29    0.00    0.00    0.00    0.00    0.00    0.00   97.74
16:46:44     all    1.31    0.00    0.47    0.00    0.00    0.00    0.00    0.00    0.00   98.22
16:46:45     all    1.36    0.00    0.24    0.00    0.00    0.00    0.00    0.00    0.00   98.40
16:46:46     all    1.78    0.00    0.28    0.00    0.00    0.00    0.00    0.00    0.00   97.94
16:46:47     all    1.89    0.00    0.33    0.00    0.00    0.00    0.00    0.00    0.00   97.78
16:46:48     all    1.38    0.00    0.17    0.00    0.00    0.00    0.00    0.00    0.00   98.46
16:46:49     all    1.60    0.00    0.24    0.00    0.00    0.00    0.00    0.00    0.00   98.17
16:46:50     all    1.53    0.00    0.22    0.00    0.00    0.01    0.00    0.00    0.00   98.24
16:46:51     all    1.42    0.00    0.18    0.00    0.00    0.00    0.00    0.00    0.00   98.40
16:46:52     all    1.69    0.00    0.24    0.00    0.00    0.00    0.00    0.00    0.00   98.07
16:46:53     all    1.57    0.00    0.21    0.00    0.00    0.00    0.00    0.00    0.00   98.22
16:46:54     all    1.40    0.00    0.22    0.00    0.00    0.00    0.00    0.00    0.00   98.37
16:46:55     all    1.63    0.00    0.15    0.00    0.00    0.00    0.00    0.00    0.00   98.22
16:46:56     all    1.61    0.00    0.26    0.01    0.00    0.00    0.00    0.00    0.00   98.11
16:46:57     all   14.07    0.01    2.28    0.00    0.00    0.00    0.00    0.00    0.00   83.63
16:46:58     all   36.98    0.00    3.20    0.00    0.00    0.00    0.00    0.00    0.00   59.82
16:46:59     all   49.75    0.00    4.74    0.00    0.00    0.00    0.00    0.00    0.00   45.51
16:47:00     all   41.55    0.00    6.10    0.00    0.00    0.00    0.00    0.00    0.00   52.35
16:47:01     all   41.05    0.00    5.60    0.00    0.00    0.00    0.00    0.00    0.00   53.35
16:47:02     all   36.80    0.00    4.02    0.00    0.00    0.00    0.00    0.00    0.00   59.18
16:47:03     all   36.53    0.00    3.52    0.00    0.00    0.01    0.00    0.00    0.00   59.94
16:47:04     all   32.88    0.00    3.04    0.00    0.00    0.00    0.00    0.00    0.00   64.08
16:47:05     all   36.53    0.00    2.43    0.00    0.00    0.00    0.00    0.00    0.00   61.03
16:47:06     all   47.44    0.00    1.81    0.00    0.00    0.00    0.00    0.00    0.00   50.75
16:47:07     all   41.75    0.00    1.16    0.00    0.00    0.00    0.00    0.00    0.00   57.10
16:47:08     all   32.89    0.00    1.59    0.00    0.00    0.00    0.00    0.00    0.00   65.52
16:47:09     all   44.09    0.00    1.45    0.00    0.00    0.00    0.00    0.00    0.00   54.46
16:47:10     all   45.76    0.00    3.26    0.00    0.00    0.00    0.00    0.00    0.00   50.98
16:47:11     all   32.69    0.00    5.43    0.00    0.00    0.00    0.00    0.00    0.00   61.88
16:47:12     all   28.40    0.00    4.83    0.00    0.00    0.00    0.00    0.00    0.00   66.77
16:47:13     all   30.48    0.00    4.72    0.00    0.00    0.00    0.00    0.00    0.00   64.80
16:47:14     all   25.32    0.00    3.88    0.00    0.00    0.00    0.00    0.00    0.00   70.80
16:47:15     all   33.03    0.00    4.58    0.00    0.00    0.03    0.00    0.00    0.00   62.36
16:47:16     all   42.33    0.00    5.06    0.00    0.00    0.00    0.00    0.00    0.00   52.61
16:47:17     all   43.86    0.00    6.87    0.00    0.00    0.01    0.00    0.00    0.00   49.26
16:47:18     all   50.58    0.00    8.25    0.00    0.00    0.00    0.00    0.00    0.00   41.17
16:47:19     all   49.65    0.00   10.70    0.00    0.00    0.00    0.00    0.00    0.00   39.66
16:47:20     all   50.44    0.00   10.97    0.00    0.00    0.01    0.00    0.00    0.00   38.58
16:47:21     all   45.60    0.00   10.85    0.00    0.00    0.00    0.00    0.00    0.00   43.55
16:47:22     all   39.76    0.00    9.60    0.00    0.00    0.00    0.00    0.00    0.00   50.64
16:47:23     all   38.07    0.00    9.53    0.00    0.00    0.01    0.00    0.00    0.00   52.38
16:47:24     all   30.54    0.00    7.26    0.00    0.00    0.00    0.00    0.00    0.00   62.20
16:47:25     all   31.95    0.00    7.65    0.00    0.00    0.00    0.00    0.00    0.00   60.40
16:47:26     all   27.54    0.00    5.88    0.00    0.00    0.00    0.00    0.00    0.00   66.58
16:47:27     all   29.68    0.00    6.94    0.00    0.00    0.00    0.00    0.00    0.00   63.37
16:47:28     all   24.76    0.00    6.85    0.00    0.00    0.00    0.00    0.00    0.00   68.39
16:47:29     all   26.76    0.00    6.19    0.00    0.00    0.00    0.00    0.00    0.00   67.05
16:47:30     all   24.44    0.00    6.56    0.00    0.00    0.00    0.00    0.00    0.00   69.00
16:47:31     all   33.10    0.00    6.65    0.00    0.00    0.00    0.00    0.00    0.00   60.24
16:47:32     all   31.65    0.00    6.08    0.00    0.00    0.01    0.00    0.00    0.00   62.26
16:47:33     all   41.20    0.00    5.33    0.00    0.00    0.00    0.00    0.00    0.00   53.47
16:47:34     all   38.16    0.00    6.32    0.00    0.00    0.00    0.00    0.00    0.00   55.52
16:47:35     all   36.73    0.01    5.99    0.00    0.00    0.00    0.00    0.00    0.00   57.27
16:47:36     all   40.82    0.00    5.44    0.00    0.00    0.01    0.00    0.00    0.00   53.72
16:47:37     all   43.90    0.00    5.80    0.00    0.00    0.00    0.00    0.00    0.00   50.29
16:47:38     all   35.39    0.00    6.08    0.00    0.00    0.01    0.00    0.00    0.00   58.51
16:47:39     all   39.18    0.00    7.29    0.00    0.00    0.00    0.00    0.00    0.00   53.52
16:47:40     all   35.37    0.00    6.73    0.00    0.00    0.00    0.00    0.00    0.00   57.89
16:47:41     all   30.47    0.00    6.50    0.00    0.00    0.01    0.00    0.00    0.00   63.02
16:47:42     all   29.47    0.00    6.22    0.00    0.00    0.00    0.00    0.00    0.00   64.31
16:47:43     all   33.04    0.00    6.27    0.00    0.00    0.00    0.00    0.00    0.00   60.69
16:47:44     all   31.32    0.00    6.49    0.00    0.00    0.01    0.00    0.00    0.00   62.17
16:47:45     all   31.93    0.00    5.34    0.00    0.00    0.00    0.00    0.00    0.00   62.74
16:47:46     all   34.77    0.00    6.06    0.00    0.00    0.00    0.00    0.00    0.00   59.16
16:47:47     all   35.89    0.00    5.61    0.00    0.00    0.01    0.00    0.00    0.00   58.48
16:47:48     all   38.79    0.00    5.81    0.01    0.00    0.00    0.00    0.00    0.00   55.39
16:47:49     all   39.51    0.00    6.51    0.00    0.00    0.00    0.00    0.00    0.00   53.99
16:47:50     all   44.29    0.00    8.16    0.00    0.00    0.00    0.00    0.00    0.00   47.55
16:47:51     all   40.62    0.00    7.54    0.00    0.00    0.00    0.00    0.00    0.00   51.84
16:47:52     all   37.14    0.00    8.59    0.00    0.00    0.00    0.00    0.00    0.00   54.27
16:47:53     all   37.68    0.00    8.43    0.00    0.00    0.00    0.00    0.00    0.00   53.88
16:47:54     all   33.53    0.00    7.30    0.00    0.00    0.00    0.00    0.00    0.00   59.17
16:47:55     all   42.00    0.00    7.91    0.00    0.00    0.00    0.00    0.00    0.00   50.09
16:47:56     all   36.73    0.00    8.15    0.00    0.00    0.00    0.00    0.00    0.00   55.12
16:47:57     all   38.43    0.01    7.77    0.00    0.00    0.00    0.00    0.00    0.00   53.79
16:47:58     all   40.08    0.00    9.73    0.00    0.00    0.00    0.00    0.00    0.00   50.19
16:47:59     all   33.56    0.00    8.52    0.00    0.00    0.00    0.00    0.00    0.00   57.92
16:48:00     all   39.79    0.00    8.22    0.00    0.00    0.01    0.00    0.00    0.00   51.98
16:48:01     all   40.52    0.00    8.67    0.00    0.00    0.00    0.00    0.00    0.00   50.81
16:48:02     all   46.46    0.00   10.02    0.01    0.00    0.00    0.00    0.00    0.00   43.51
16:48:03     all   39.30    0.00    9.53    0.00    0.00    0.00    0.00    0.00    0.00   51.18
16:48:04     all   40.46    0.00    9.67    0.00    0.00    0.00    0.00    0.00    0.00   49.87
16:48:05     all   40.11    0.00    8.08    0.00    0.00    0.00    0.00    0.00    0.00   51.81
16:48:06     all   35.70    0.00    8.21    0.00    0.00    0.00    0.00    0.00    0.00   56.09
16:48:07     all   37.00    0.00    8.40    0.00    0.00    0.00    0.00    0.00    0.00   54.60
16:48:08     all   34.05    0.00    7.87    0.00    0.00    0.00    0.00    0.00    0.00   58.09
16:48:09     all   37.56    0.00    8.44    0.00    0.00    0.00    0.00    0.00    0.00   53.99
16:48:10     all   38.49    0.00    7.13    0.00    0.00    0.01    0.00    0.00    0.00   54.37
16:48:11     all   45.03    0.00    7.95    0.00    0.00    0.00    0.00    0.00    0.00   47.02
16:48:12     all   46.73    0.00    9.83    0.01    0.00    0.00    0.00    0.00    0.00   43.43
16:48:13     all   39.07    0.00    8.63    0.00    0.00    0.00    0.00    0.00    0.00   52.31
16:48:14     all   38.60    0.00    8.73    0.00    0.00    0.00    0.00    0.00    0.00   52.67
16:48:15     all   35.62    0.00    8.46    0.00    0.00    0.00    0.00    0.00    0.00   55.91
16:48:16     all   33.67    0.00    7.85    0.00    0.00    0.00    0.00    0.00    0.00   58.48
16:48:17     all   37.10    0.00    8.58    0.00    0.00    0.04    0.00    0.00    0.00   54.28
16:48:18     all   37.09    0.00    7.70    0.00    0.00    0.00    0.00    0.00    0.00   55.21
16:48:19     all   41.62    0.00    9.17    0.00    0.00    0.00    0.00    0.00    0.00   49.21
16:48:20     all   38.10    0.00    8.82    0.00    0.00    0.00    0.00    0.00    0.00   53.08
16:48:21     all   34.88    0.00    7.50    0.00    0.00    0.00    0.00    0.00    0.00   57.62
16:48:22     all   43.14    0.00    6.57    0.01    0.00    0.00    0.00    0.00    0.00   50.27
16:48:23     all   41.55    0.00    7.81    0.00    0.00    0.00    0.00    0.00    0.00   50.64
16:48:24     all   42.02    0.00    7.96    0.00    0.00    0.00    0.00    0.00    0.00   50.01
16:48:25     all   42.26    0.00    8.20    0.00    0.00    0.00    0.00    0.00    0.00   49.53
16:48:26     all   37.68    0.00    8.38    0.00    0.00    0.01    0.00    0.00    0.00   53.92
16:48:27     all   47.02    0.00    9.45    0.00    0.00    0.01    0.00    0.00    0.00   43.51
16:48:28     all   42.26    0.00    8.30    0.00    0.00    0.00    0.00    0.00    0.00   49.44
16:48:29     all   42.19    0.00    9.85    0.00    0.00    0.00    0.00    0.00    0.00   47.96
16:48:30     all   44.72    0.00    8.94    0.00    0.00    0.00    0.00    0.00    0.00   46.34
16:48:31     all   43.55    0.00    9.61    0.00    0.00    0.01    0.00    0.00    0.00   46.82
16:48:32     all   45.66    0.00    9.37    0.00    0.00    0.00    0.00    0.00    0.00   44.97
16:48:33     all   45.05    0.00    9.35    0.00    0.00    0.00    0.00    0.00    0.00   45.60
16:48:34     all   44.71    0.00    9.14    0.00    0.00    0.00    0.00    0.00    0.00   46.15
16:48:35     all   45.70    0.00    9.98    0.00    0.00    0.00    0.00    0.00    0.00   44.32
16:48:36     all   37.65    0.00    8.61    0.00    0.00    0.01    0.00    0.00    0.00   53.73
16:48:37     all   45.04    0.00   10.20    0.00    0.00    0.00    0.00    0.00    0.00   44.76
16:48:38     all   49.56    0.00   10.72    0.00    0.00    0.00    0.00    0.00    0.00   39.72
16:48:39     all   42.88    0.00   10.92    0.00    0.00    0.00    0.00    0.00    0.00   46.20
16:48:40     all   51.07    0.00    8.73    0.00    0.00    0.00    0.00    0.00    0.00   40.21
16:48:41     all   49.51    0.00    8.98    0.00    0.00    0.00    0.00    0.00    0.00   41.51
16:48:42     all   45.14    0.00    9.64    0.00    0.00    0.00    0.00    0.00    0.00   45.21
16:48:43     all   41.07    0.00    8.75    0.00    0.00    0.00    0.00    0.00    0.00   50.19
16:48:44     all   47.44    0.01   10.67    0.00    0.00    0.01    0.00    0.00    0.00   41.87
16:48:45     all   41.29    0.00    9.24    0.00    0.00    0.00    0.00    0.00    0.00   49.47
16:48:46     all   43.30    0.00    9.04    0.00    0.00    0.00    0.00    0.00    0.00   47.67
16:48:47     all   48.64    0.00   10.23    0.00    0.00    0.00    0.00    0.00    0.00   41.13
16:48:48     all   50.46    0.00    9.33    0.00    0.00    0.00    0.00    0.00    0.00   40.21
16:48:49     all   48.11    0.00    9.08    0.00    0.00    0.00    0.00    0.00    0.00   42.81
16:48:50     all   46.33    0.00    8.07    0.00    0.00    0.01    0.00    0.00    0.00   45.58
16:48:51     all   48.71    0.00    8.72    0.00    0.00    0.00    0.00    0.00    0.00   42.58
16:48:52     all   39.25    0.00    8.22    0.00    0.00    0.00    0.00    0.00    0.00   52.53
16:48:53     all   44.48    0.00    8.45    0.00    0.00    0.00    0.00    0.00    0.00   47.07
16:48:54     all   35.78    0.00    8.64    0.00    0.00    0.01    0.00    0.00    0.00   55.57
16:48:55     all   36.49    0.00    7.43    0.00    0.00    0.00    0.00    0.00    0.00   56.09
16:48:56     all   36.76    0.00    7.77    0.00    0.00    0.03    0.00    0.00    0.00   55.44
16:48:57     all   42.02    0.00    7.58    0.00    0.00    0.00    0.00    0.00    0.00   50.40
16:48:58     all   22.02    0.00    8.12    0.00    0.00    0.00    0.00    0.00    0.00   69.86
16:48:59     all   15.01    0.00    3.88    0.00    0.00    0.00    0.00    0.00    0.00   81.11
16:49:00     all   11.03    0.00    2.84    0.00    0.00    0.00    0.00    0.00    0.00   86.13
16:49:01     all    6.64    0.00    2.45    0.00    0.00    0.00    0.00    0.00    0.00   90.91
16:49:02     all    7.19    0.00    2.46    0.00    0.00    0.00    0.00    0.00    0.00   90.35
16:49:03     all    5.45    0.00    1.83    0.00    0.00    0.01    0.00    0.00    0.00   92.71
16:49:04     all    5.52    0.00    1.82    0.00    0.00    0.00    0.00    0.00    0.00   92.65
16:49:05     all    5.96    0.00    2.11    0.00    0.00    0.00    0.00    0.00    0.00   91.92
16:49:06     all    5.44    0.00    1.83    0.00    0.00    0.00    0.00    0.00    0.00   92.73
16:49:07     all    4.60    0.00    1.28    0.00    0.00    0.00    0.00    0.00    0.00   94.12
16:49:08     all    4.41    0.00    1.58    0.00    0.00    0.00    0.00    0.00    0.00   94.01
Average:     all   30.56    0.00    5.83    0.00    0.00    0.00    0.00    0.00    0.00   63.61
