Linux 6.8.0-136-generic (856a17914eb3) 	08/10/26 	_x86_64_	(72 CPU)

08:42:07     CPU    %usr   %nice    %sys %iowait    %irq   %soft  %steal  %guest  %gnice   %idle
08:42:08     all   11.53    0.00    0.43    0.00    0.00    0.00    0.00    0.00    0.00   88.04
08:42:09     all    1.11    0.00    0.92    0.00    0.00    0.00    0.00    0.00    0.00   97.97
08:42:10     all    1.50    0.00    0.21    0.00    0.00    0.00    0.00    0.00    0.00   98.29
08:42:11     all    1.49    0.00    0.22    0.00    0.00    0.00    0.00    0.00    0.00   98.29
08:42:12     all    1.82    0.01    0.42    0.00    0.00    0.00    0.00    0.00    0.00   97.75
08:42:13     all    1.96    0.00    0.50    0.00    0.00    0.00    0.00    0.00    0.00   97.54
08:42:14     all    1.43    0.00    0.24    0.00    0.00    0.00    0.00    0.00    0.00   98.33
08:42:15     all    1.88    0.00    0.31    0.00    0.00    0.00    0.00    0.00    0.00   97.82
08:42:16     all    1.29    0.00    0.43    0.00    0.00    0.00    0.00    0.00    0.00   98.28
08:42:17     all    1.42    0.00    0.26    0.00    0.00    0.00    0.00    0.00    0.00   98.32
08:42:18     all    1.58    0.00    0.18    0.00    0.00    0.00    0.00    0.00    0.00   98.24
08:42:19     all    1.69    0.00    0.18    0.00    0.00    0.00    0.00    0.00    0.00   98.12
08:42:20     all    1.57    0.00    0.28    0.00    0.00    0.00    0.00    0.00    0.00   98.15
08:42:21     all    1.83    0.00    0.26    0.00    0.00    0.00    0.00    0.00    0.00   97.90
08:42:22     all    1.64    0.00    0.19    0.00    0.00    0.00    0.00    0.00    0.00   98.17
08:42:23     all   18.81    0.00    3.88    0.00    0.00    0.00    0.00    0.00    0.00   77.31
08:42:24     all   39.68    0.00    1.61    0.00    0.00    0.01    0.00    0.00    0.00   58.70
08:42:25     all   51.17    0.00    2.82    0.00    0.00    0.00    0.00    0.00    0.00   46.01
08:42:26     all   57.91    0.00    3.27    0.00    0.00    0.00    0.00    0.00    0.00   38.82
08:42:27     all   52.56    0.00    2.26    0.00    0.00    0.00    0.00    0.00    0.00   45.19
08:42:28     all   45.81    0.00    1.78    0.00    0.00    0.00    0.00    0.00    0.00   52.41
08:42:29     all   43.75    0.00    1.58    0.00    0.00    0.00    0.00    0.00    0.00   54.68
08:42:30     all   43.46    0.00    1.06    0.00    0.00    0.01    0.00    0.00    0.00   55.47
08:42:31     all   41.11    0.00    0.70    0.00    0.00    0.00    0.00    0.00    0.00   58.19
08:42:32     all   42.79    0.00    0.46    0.00    0.00    0.01    0.00    0.00    0.00   56.73
08:42:33     all   49.29    0.00    0.53    0.00    0.00    0.01    0.00    0.00    0.00   50.17
08:42:34     all   55.74    0.00    0.79    0.00    0.00    0.00    0.00    0.00    0.00   43.47
08:42:35     all   41.88    0.00    1.02    0.00    0.00    0.03    0.00    0.00    0.00   57.07
08:42:36     all   57.46    0.00    0.77    0.00    0.00    0.01    0.00    0.00    0.00   41.76
08:42:37     all   52.69    0.00    0.63    0.00    0.00    0.00    0.00    0.00    0.00   46.68
08:42:38     all   48.32    0.00    0.91    0.00    0.00    0.01    0.00    0.00    0.00   50.76
08:42:39     all   52.36    0.00    0.72    0.00    0.00    0.00    0.00    0.00    0.00   46.91
08:42:40     all   59.36    0.00    0.89    0.00    0.00    0.00    0.00    0.00    0.00   39.75
08:42:41     all   59.65    0.00    2.35    0.00    0.00    0.00    0.00    0.00    0.00   38.00
08:42:42     all   58.56    0.00    3.09    0.00    0.00    0.00    0.00    0.00    0.00   38.35
08:42:43     all   58.05    0.01    5.05    0.00    0.00    0.00    0.00    0.00    0.00   36.89
08:42:44     all   54.99    0.00    3.91    0.00    0.00    0.00    0.00    0.00    0.00   41.10
08:42:45     all   51.54    0.00    3.58    0.00    0.00    0.01    0.00    0.00    0.00   44.87
08:42:46     all   46.01    0.00    3.27    0.00    0.00    0.00    0.00    0.00    0.00   50.72
08:42:47     all   45.40    0.00    1.77    0.00    0.00    0.01    0.00    0.00    0.00   52.81
08:42:48     all   45.28    0.00    1.84    0.00    0.00    0.00    0.00    0.00    0.00   52.89
08:42:49     all   46.87    0.00    1.35    0.00    0.00    0.00    0.00    0.00    0.00   51.78
08:42:50     all   46.08    0.00    1.38    0.00    0.00    0.00    0.00    0.00    0.00   52.54
08:42:51     all   45.24    0.00    1.67    0.00    0.00    0.00    0.00    0.00    0.00   53.09
08:42:52     all   42.69    0.00    1.13    0.00    0.00    0.00    0.00    0.00    0.00   56.18
08:42:53     all   41.99    0.00    0.81    0.00    0.00    0.00    0.00    0.00    0.00   57.20
08:42:54     all   43.33    0.00    0.95    0.00    0.00    0.01    0.00    0.00    0.00   55.71
08:42:55     all   49.76    0.00    0.85    0.00    0.00    0.00    0.00    0.00    0.00   49.39
08:42:56     all   52.72    0.00    0.68    0.00    0.00    0.00    0.00    0.00    0.00   46.59
08:42:57     all   54.71    0.00    1.32    0.00    0.00    0.00    0.00    0.00    0.00   43.97
08:42:58     all   54.78    0.00    0.60    0.00    0.00    0.00    0.00    0.00    0.00   44.63
08:42:59     all   53.85    0.00    1.35    0.00    0.00    0.01    0.00    0.00    0.00   44.78
08:43:00     all   55.50    0.00    1.77    0.00    0.00    0.00    0.00    0.00    0.00   42.73
08:43:01     all   57.61    0.00    2.39    0.00    0.00    0.00    0.00    0.00    0.00   40.00
08:43:02     all   54.14    0.01    1.84    0.00    0.00    0.01    0.00    0.00    0.00   43.99
08:43:03     all   52.26    0.00    2.41    0.00    0.00    0.00    0.00    0.00    0.00   45.33
08:43:04     all   49.01    0.00    2.99    0.01    0.00    0.00    0.00    0.00    0.00   47.99
08:43:05     all   49.30    0.00    2.02    0.00    0.00    0.00    0.00    0.00    0.00   48.68
08:43:06     all   52.43    0.00    1.66    0.00    0.00    0.00    0.00    0.00    0.00   45.91
08:43:07     all   45.10    0.00    2.21    0.00    0.00    0.01    0.00    0.00    0.00   52.67
08:43:08     all   43.08    0.00    1.46    0.00    0.00    0.00    0.00    0.00    0.00   55.46
08:43:09     all   46.16    0.01    1.40    0.00    0.00    0.01    0.00    0.00    0.00   52.41
08:43:10     all   50.60    0.00    1.07    0.00    0.00    0.00    0.00    0.00    0.00   48.33
08:43:11     all   48.61    0.00    1.31    0.00    0.00    0.00    0.00    0.00    0.00   50.08
08:43:12     all   47.25    0.00    1.10    0.00    0.00    0.00    0.00    0.00    0.00   51.65
08:43:13     all   48.24    0.00    0.98    0.00    0.00    0.00    0.00    0.00    0.00   50.78
08:43:14     all   48.23    0.00    1.45    0.00    0.00    0.01    0.00    0.00    0.00   50.31
08:43:15     all   55.97    0.00    1.42    0.00    0.00    0.00    0.00    0.00    0.00   42.61
08:43:16     all   55.35    0.00    1.46    0.00    0.00    0.00    0.00    0.00    0.00   43.19
08:43:17     all   58.99    0.00    2.07    0.00    0.00    0.00    0.00    0.00    0.00   38.94
08:43:18     all   59.41    0.00    1.20    0.00    0.00    0.00    0.00    0.00    0.00   39.39
08:43:19     all   58.82    0.00    1.68    0.01    0.00    0.00    0.00    0.00    0.00   39.48
08:43:20     all   58.99    0.00    1.57    0.00    0.00    0.00    0.00    0.00    0.00   39.43
08:43:21     all   59.97    0.00    1.90    0.00    0.00    0.00    0.00    0.00    0.00   38.13
08:43:22     all   57.98    0.00    1.57    0.00    0.00    0.00    0.00    0.00    0.00   40.45
08:43:23     all   56.59    0.00    1.23    0.01    0.00    0.00    0.00    0.00    0.00   42.17
08:43:24     all   41.15    0.00    1.50    0.00    0.00    0.00    0.00    0.00    0.00   57.35
08:43:25     all   18.43    0.00    1.29    0.00    0.00    0.00    0.00    0.00    0.00   80.28
08:43:26     all    6.47    0.00    0.99    0.00    0.00    0.00    0.00    0.00    0.00   92.54
08:43:27     all    2.26    0.00    1.01    0.00    0.00    0.00    0.00    0.00    0.00   96.72
08:43:28     all    2.21    0.00    0.97    0.00    0.00    0.00    0.00    0.00    0.00   96.82
08:43:29     all    3.07    0.00    0.60    0.00    0.00    0.00    0.00    0.00    0.00   96.33
08:43:30     all    2.78    0.00    0.26    0.00    0.00    0.00    0.00    0.00    0.00   96.96
08:43:31     all    1.72    0.00    0.33    0.00    0.00    0.00    0.00    0.00    0.00   97.94
08:43:32     all    1.46    0.00    0.39    0.00    0.00    0.00    0.00    0.00    0.00   98.15
08:43:33     all    1.36    0.00    0.38    0.00    0.00    0.00    0.00    0.00    0.00   98.26
08:43:34     all    1.43    0.00    0.22    0.00    0.00    0.01    0.00    0.00    0.00   98.33
08:43:35     all    1.60    0.00    0.32    0.00    0.00    0.01    0.00    0.00    0.00   98.07
08:43:36     all    1.36    0.00    0.26    0.00    0.00    0.00    0.00    0.00    0.00   98.38
08:43:37     all    1.56    0.00    0.29    0.01    0.00    0.00    0.00    0.00    0.00   98.14
08:43:38     all    1.57    0.00    0.32    0.00    0.00    0.00    0.00    0.00    0.00   98.11
08:43:39     all    1.39    0.00    0.26    0.00    0.00    0.00    0.00    0.00    0.00   98.35
08:43:40     all    1.52    0.00    0.39    0.00    0.00    0.00    0.00    0.00    0.00   98.09
08:43:41     all    1.40    0.00    0.33    0.00    0.00    0.00    0.00    0.00    0.00   98.26
08:43:42     all    1.35    0.00    0.35    0.00    0.00    0.00    0.00    0.00    0.00   98.31
08:43:43     all    1.50    0.00    0.36    0.00    0.00    0.00    0.00    0.00    0.00   98.14
08:43:44     all    2.09    0.00    0.60    0.00    0.00    0.00    0.00    0.00    0.00   97.32
08:43:45     all    1.40    0.00    0.31    0.00    0.00    0.00    0.00    0.00    0.00   98.29
08:43:46     all    1.46    0.00    0.28    0.00    0.00    0.00    0.00    0.00    0.00   98.26
08:43:47     all    1.52    0.00    0.29    0.01    0.00    0.00    0.00    0.00    0.00   98.18
Average:     all   32.08    0.00    1.20    0.00    0.00    0.00    0.00    0.00    0.00   66.71
