Linux 6.8.0-136-generic (856a17914eb3) 	08/10/26 	_x86_64_	(72 CPU)

11:25:34     CPU    %usr   %nice    %sys %iowait    %irq   %soft  %steal  %guest  %gnice   %idle
11:25:35     all   11.51    0.00    0.39    0.00    0.00    0.00    0.00    0.00    0.00   88.10
11:25:36     all    1.33    0.00    0.90    0.00    0.00    0.00    0.00    0.00    0.00   97.76
11:25:37     all    1.86    0.00    0.33    0.01    0.00    0.00    0.00    0.00    0.00   97.79
11:25:38     all    1.61    0.00    0.31    0.00    0.00    0.00    0.00    0.00    0.00   98.08
11:25:39     all    1.58    0.00    0.21    0.00    0.00    0.00    0.00    0.00    0.00   98.21
11:25:40     all    1.39    0.00    0.22    0.00    0.00    0.00    0.00    0.00    0.00   98.39
11:25:41     all    1.63    0.00    0.29    0.00    0.00    0.00    0.00    0.00    0.00   98.08
11:25:42     all    1.61    0.00    0.26    0.00    0.00    0.00    0.00    0.00    0.00   98.12
11:25:43     all    1.63    0.00    0.53    0.00    0.00    0.00    0.00    0.00    0.00   97.84
11:25:44     all    1.51    0.00    0.21    0.00    0.00    0.00    0.00    0.00    0.00   98.28
11:25:45     all    1.60    0.01    0.24    0.00    0.00    0.00    0.00    0.00    0.00   98.15
11:25:46     all    1.46    0.00    0.18    0.01    0.00    0.00    0.00    0.00    0.00   98.35
11:25:47     all    1.57    0.00    0.25    0.00    0.00    0.00    0.00    0.00    0.00   98.18
11:25:48     all    1.71    0.00    0.35    0.00    0.00    0.00    0.00    0.00    0.00   97.94
11:25:49     all    1.40    0.00    0.31    0.00    0.00    0.00    0.00    0.00    0.00   98.29
11:25:50     all    1.25    0.00    0.35    0.00    0.00    0.00    0.00    0.00    0.00   98.40
11:25:51     all    1.58    0.00    0.25    0.00    0.00    0.00    0.00    0.00    0.00   98.17
11:25:52     all    1.54    0.00    0.21    0.00    0.00    0.00    0.00    0.00    0.00   98.25
11:25:53     all    1.57    0.00    0.32    0.00    0.00    0.00    0.00    0.00    0.00   98.11
11:25:54     all    1.57    0.00    0.15    0.00    0.00    0.00    0.00    0.00    0.00   98.28
11:25:55     all    1.53    0.00    0.25    0.00    0.00    0.00    0.00    0.00    0.00   98.22
11:25:56     all    1.40    0.00    0.19    0.00    0.00    0.00    0.00    0.00    0.00   98.40
11:25:57     all    1.71    0.00    0.31    0.00    0.00    0.00    0.00    0.00    0.00   97.99
11:25:58     all    1.68    0.00    0.24    0.00    0.00    0.00    0.00    0.00    0.00   98.08
11:25:59     all    1.95    0.00    0.42    0.00    0.00    0.00    0.00    0.00    0.00   97.64
11:26:00     all    1.61    0.00    0.35    0.00    0.00    0.00    0.00    0.00    0.00   98.04
11:26:01     all    1.57    0.00    0.19    0.00    0.00    0.00    0.00    0.00    0.00   98.24
11:26:02     all    1.42    0.00    0.22    0.00    0.00    0.00    0.00    0.00    0.00   98.36
11:26:03     all   15.71    0.00    2.67    0.00    0.00    0.00    0.00    0.00    0.00   81.62
11:26:04     all   42.97    0.00    3.23    0.00    0.00    0.00    0.00    0.00    0.00   53.79
11:26:05     all   53.97    0.00    5.19    0.00    0.00    0.00    0.00    0.00    0.00   40.84
11:26:06     all   40.06    0.00    6.08    0.00    0.00    0.01    0.00    0.00    0.00   53.85
11:26:07     all   43.05    0.00    5.56    0.00    0.00    0.00    0.00    0.00    0.00   51.39
11:26:08     all   35.44    0.00    4.48    0.00    0.00    0.00    0.00    0.00    0.00   60.08
11:26:09     all   38.42    0.00    3.58    0.00    0.00    0.00    0.00    0.00    0.00   58.00
11:26:10     all   36.25    0.00    3.34    0.00    0.00    0.00    0.00    0.00    0.00   60.41
11:26:11     all   39.69    0.00    3.27    0.00    0.00    0.00    0.00    0.00    0.00   57.04
11:26:12     all   45.11    0.00    2.59    0.00    0.00    0.00    0.00    0.00    0.00   52.30
11:26:13     all   43.60    0.00    1.57    0.00    0.00    0.00    0.00    0.00    0.00   54.83
11:26:14     all   33.96    0.00    2.05    0.00    0.00    0.00    0.00    0.00    0.00   63.99
11:26:15     all   39.74    0.00    2.37    0.00    0.00    0.01    0.00    0.00    0.00   57.88
11:26:16     all   53.59    0.00    3.76    0.00    0.00    0.00    0.00    0.00    0.00   42.65
11:26:17     all   41.45    0.00    8.15    0.00    0.00    0.00    0.00    0.00    0.00   50.40
11:26:18     all   35.50    0.00    8.17    0.00    0.00    0.00    0.00    0.00    0.00   56.33
11:26:19     all   24.05    0.00    4.67    0.00    0.00    0.00    0.00    0.00    0.00   71.29
11:26:20     all   23.20    0.00    4.37    0.00    0.00    0.00    0.00    0.00    0.00   72.43
11:26:21     all   35.77    0.00    6.37    0.00    0.00    0.00    0.00    0.00    0.00   57.86
11:26:22     all   40.11    0.00    8.96    0.00    0.00    0.00    0.00    0.00    0.00   50.93
11:26:23     all   50.13    0.00    9.57    0.00    0.00    0.00    0.00    0.00    0.00   40.29
11:26:24     all   47.95    0.00   10.69    0.00    0.00    0.01    0.00    0.00    0.00   41.34
11:26:25     all   48.78    0.00   11.86    0.00    0.00    0.00    0.00    0.00    0.00   39.36
11:26:26     all   48.25    0.00   12.86    0.00    0.00    0.00    0.00    0.00    0.00   38.89
11:26:27     all   42.61    0.00   12.12    0.00    0.00    0.00    0.00    0.00    0.00   45.27
11:26:28     all   45.45    0.00   14.42    0.00    0.00    0.01    0.00    0.00    0.00   40.12
11:26:29     all   40.15    0.00   14.84    0.00    0.00    0.00    0.00    0.00    0.00   45.01
11:26:30     all   44.71    0.00   13.32    0.00    0.00    0.00    0.00    0.00    0.00   41.98
11:26:31     all   31.86    0.00    9.78    0.00    0.00    0.00    0.00    0.00    0.00   58.36
11:26:32     all   21.65    0.00    6.98    0.00    0.00    0.00    0.00    0.00    0.00   71.37
11:26:33     all   29.99    0.00    8.36    0.00    0.00    0.00    0.00    0.00    0.00   61.65
11:26:34     all   26.02    0.00    7.71    0.00    0.00    0.01    0.00    0.00    0.00   66.25
11:26:35     all   23.96    0.00    7.32    0.00    0.00    0.00    0.00    0.00    0.00   68.71
11:26:36     all   27.46    0.00    8.56    0.00    0.00    0.00    0.00    0.00    0.00   63.98
11:26:37     all   31.48    0.00    7.93    0.00    0.00    0.00    0.00    0.00    0.00   60.60
11:26:38     all   23.37    0.00    7.50    0.00    0.00    0.00    0.00    0.00    0.00   69.13
11:26:39     all   26.87    0.00    7.76    0.00    0.00    0.00    0.00    0.00    0.00   65.38
11:26:40     all   26.60    0.00    7.20    0.00    0.00    0.00    0.00    0.00    0.00   66.20
11:26:41     all   38.50    0.00    8.06    0.00    0.00    0.00    0.00    0.00    0.00   53.44
11:26:42     all   36.23    0.00    8.78    0.00    0.00    0.00    0.00    0.00    0.00   54.99
11:26:43     all   44.63    0.00    9.49    0.00    0.00    0.00    0.00    0.00    0.00   45.88
11:26:44     all   52.72    0.00   12.62    0.00    0.00    0.01    0.00    0.00    0.00   34.65
11:26:45     all   47.68    0.00   11.49    0.00    0.00    0.00    0.00    0.00    0.00   40.83
11:26:46     all   43.19    0.00   10.96    0.00    0.00    0.00    0.00    0.00    0.00   45.85
11:26:47     all   36.21    0.00   10.17    0.00    0.00    0.00    0.00    0.00    0.00   53.62
11:26:48     all   39.55    0.00   10.14    0.00    0.00    0.00    0.00    0.00    0.00   50.31
11:26:49     all   26.55    0.00    6.92    0.01    0.00    0.00    0.00    0.00    0.00   66.51
11:26:50     all   29.02    0.00    8.23    0.00    0.00    0.01    0.00    0.00    0.00   62.73
11:26:51     all   36.91    0.00   10.82    0.01    0.00    0.00    0.00    0.00    0.00   52.26
11:26:52     all   33.58    0.00   10.32    0.00    0.00    0.00    0.00    0.00    0.00   56.10
11:26:53     all   31.54    0.00    8.76    0.00    0.00    0.00    0.00    0.00    0.00   59.70
11:26:54     all   23.41    0.00    6.00    0.00    0.00    0.00    0.00    0.00    0.00   70.59
11:26:55     all   24.14    0.00    7.04    0.00    0.00    0.00    0.00    0.00    0.00   68.83
11:26:56     all   34.32    0.00    8.18    0.00    0.00    0.00    0.00    0.00    0.00   57.49
11:26:57     all   45.87    0.00   12.96    0.00    0.00    0.01    0.00    0.00    0.00   41.16
11:26:58     all   44.72    0.00   14.07    0.00    0.00    0.03    0.00    0.00    0.00   41.18
11:26:59     all   44.74    0.00   11.31    0.00    0.00    0.00    0.00    0.00    0.00   43.95
11:27:00     all   45.18    0.00   12.94    0.00    0.00    0.01    0.00    0.00    0.00   41.87
11:27:01     all   42.49    0.00   13.61    0.00    0.00    0.00    0.00    0.00    0.00   43.91
11:27:02     all   44.44    0.00   14.73    0.00    0.00    0.00    0.00    0.00    0.00   40.83
11:27:03     all   31.94    0.00    9.83    0.00    0.00    0.00    0.00    0.00    0.00   58.23
11:27:04     all   38.19    0.00   13.28    0.00    0.00    0.00    0.00    0.00    0.00   48.54
11:27:05     all   38.44    0.00   12.55    0.00    0.00    0.00    0.00    0.00    0.00   49.01
11:27:06     all   32.44    0.00   12.92    0.00    0.00    0.01    0.00    0.00    0.00   54.62
11:27:07     all   36.72    0.00   12.62    0.00    0.00    0.00    0.00    0.00    0.00   50.66
11:27:08     all   36.22    0.00   13.93    0.00    0.00    0.01    0.00    0.00    0.00   49.83
11:27:09     all   44.38    0.00   15.08    0.00    0.00    0.00    0.00    0.00    0.00   40.54
11:27:10     all   36.27    0.00   12.98    0.00    0.00    0.03    0.00    0.00    0.00   50.72
11:27:11     all   34.53    0.00   12.33    0.00    0.00    0.01    0.00    0.00    0.00   53.13
11:27:12     all   42.70    0.00   15.36    0.00    0.00    0.00    0.00    0.00    0.00   41.94
11:27:13     all   44.18    0.00   14.36    0.00    0.00    0.00    0.00    0.00    0.00   41.46
11:27:14     all   52.74    0.00   18.73    0.00    0.00    0.01    0.00    0.00    0.00   28.52
11:27:15     all   48.48    0.00   24.91    0.00    0.00    0.00    0.00    0.00    0.00   26.61
11:27:16     all   44.65    0.00   20.61    0.00    0.00    0.00    0.00    0.00    0.00   34.74
11:27:17     all   46.11    0.00   21.57    0.00    0.00    0.00    0.00    0.00    0.00   32.31
11:27:18     all   36.69    0.00   16.25    0.00    0.00    0.00    0.00    0.00    0.00   47.06
11:27:19     all   40.93    0.00   19.48    0.00    0.00    0.03    0.00    0.00    0.00   39.56
11:27:20     all   41.89    0.00   17.53    0.00    0.00    0.00    0.00    0.00    0.00   40.58
11:27:21     all   42.28    0.00   19.79    0.00    0.00    0.00    0.00    0.00    0.00   37.93
11:27:22     all   40.32    0.00   18.66    0.01    0.00    0.00    0.00    0.00    0.00   41.00
11:27:23     all   41.66    0.00   17.57    0.00    0.00    0.00    0.00    0.00    0.00   40.78
11:27:24     all   42.78    0.00   16.61    0.00    0.00    0.00    0.00    0.00    0.00   40.61
11:27:25     all   39.54    0.00   16.46    0.00    0.00    0.00    0.00    0.00    0.00   44.00
11:27:26     all   43.31    0.00   17.56    0.00    0.00    0.00    0.00    0.00    0.00   39.13
11:27:27     all   45.06    0.00   18.78    0.00    0.00    0.01    0.00    0.00    0.00   36.15
11:27:28     all   45.10    0.00   16.85    0.00    0.00    0.00    0.00    0.00    0.00   38.04
11:27:29     all   43.00    0.00   14.71    0.00    0.00    0.00    0.00    0.00    0.00   42.29
11:27:30     all   40.48    0.00   14.77    0.00    0.00    0.00    0.00    0.00    0.00   44.74
11:27:31     all   41.85    0.00   14.71    0.00    0.00    0.00    0.00    0.00    0.00   43.45
11:27:32     all   42.27    0.00   15.55    0.00    0.00    0.01    0.00    0.00    0.00   42.16
11:27:33     all   45.29    0.00   16.06    0.00    0.00    0.03    0.00    0.00    0.00   38.62
11:27:34     all   40.52    0.00   16.30    0.00    0.00    0.00    0.00    0.00    0.00   43.18
11:27:35     all   39.36    0.00   14.44    0.01    0.00    0.00    0.00    0.00    0.00   46.19
11:27:36     all   41.87    0.00   16.66    0.00    0.00    0.00    0.00    0.00    0.00   41.47
11:27:37     all   40.62    0.00   16.42    0.00    0.00    0.00    0.00    0.00    0.00   42.96
11:27:38     all   40.56    0.00   18.04    0.00    0.00    0.01    0.00    0.00    0.00   41.39
11:27:39     all   36.59    0.00   14.39    0.00    0.00    0.00    0.00    0.00    0.00   49.03
11:27:40     all   40.77    0.00   17.49    0.00    0.00    0.01    0.00    0.00    0.00   41.73
11:27:41     all   45.83    0.00   18.72    0.00    0.00    0.00    0.00    0.00    0.00   35.45
11:27:42     all   41.16    0.00   17.67    0.00    0.00    0.00    0.00    0.00    0.00   41.17
11:27:43     all   44.79    0.00   19.99    0.00    0.00    0.00    0.00    0.00    0.00   35.21
11:27:44     all   48.06    0.00   18.71    0.00    0.00    0.01    0.00    0.00    0.00   33.22
11:27:45     all   46.75    0.00   19.92    0.00    0.00    0.00    0.00    0.00    0.00   33.33
11:27:46     all   48.62    0.00   18.21    0.00    0.00    0.00    0.00    0.00    0.00   33.17
11:27:47     all   48.71    0.00   19.94    0.00    0.00    0.00    0.00    0.00    0.00   31.34
11:27:48     all   51.58    0.00   19.38    0.00    0.00    0.03    0.00    0.00    0.00   29.02
11:27:49     all   43.78    0.00   18.95    0.00    0.00    0.00    0.00    0.00    0.00   37.26
11:27:50     all   45.31    0.00   18.02    0.00    0.00    0.00    0.00    0.00    0.00   36.67
11:27:51     all   46.26    0.00   17.31    0.00    0.00    0.01    0.00    0.00    0.00   36.41
11:27:52     all   44.65    0.00   17.23    0.00    0.00    0.00    0.00    0.00    0.00   38.12
11:27:53     all   35.77    0.00   16.70    0.00    0.00    0.00    0.00    0.00    0.00   47.53
11:27:54     all   44.60    0.00   19.47    0.00    0.00    0.01    0.00    0.00    0.00   35.91
11:27:55     all   42.33    0.00   17.16    0.00    0.00    0.00    0.00    0.00    0.00   40.51
11:27:56     all   47.31    0.00   19.23    0.00    0.00    0.00    0.00    0.00    0.00   33.46
11:27:57     all   48.42    0.00   19.12    0.00    0.00    0.00    0.00    0.00    0.00   32.47
11:27:58     all   50.32    0.00   19.17    0.00    0.00    0.01    0.00    0.00    0.00   30.50
11:27:59     all   46.30    0.00   20.86    0.00    0.00    0.00    0.00    0.00    0.00   32.84
11:28:00     all   46.94    0.00   19.82    0.00    0.00    0.01    0.00    0.00    0.00   33.23
11:28:01     all   42.65    0.01   21.39    0.00    0.00    0.00    0.00    0.00    0.00   35.94
11:28:02     all   43.05    0.00   21.36    0.01    0.00    0.00    0.00    0.00    0.00   35.57
11:28:03     all   43.38    0.00   22.05    0.00    0.00    0.01    0.00    0.00    0.00   34.55
11:28:04     all   43.11    0.00   16.82    0.00    0.00    0.01    0.00    0.00    0.00   40.06
11:28:05     all   35.15    0.00   16.69    0.00    0.00    0.00    0.00    0.00    0.00   48.16
11:28:06     all   41.77    0.00   16.86    0.00    0.00    0.00    0.00    0.00    0.00   41.37
11:28:07     all   37.04    0.00   18.27    0.00    0.00    0.00    0.00    0.00    0.00   44.69
11:28:08     all   43.51    0.00   19.94    0.00    0.00    0.01    0.00    0.00    0.00   36.54
11:28:09     all   48.51    0.00   21.25    0.00    0.00    0.00    0.00    0.00    0.00   30.25
11:28:10     all   47.59    0.03   20.10    0.00    0.00    0.00    0.00    0.00    0.00   32.29
11:28:11     all   49.09    0.00   21.68    0.00    0.00    0.01    0.00    0.00    0.00   29.22
11:28:12     all   49.20    0.00   20.08    0.00    0.00    0.00    0.00    0.00    0.00   30.72
11:28:13     all   45.05    0.00   17.84    0.00    0.00    0.00    0.00    0.00    0.00   37.11
11:28:14     all   38.98    0.00   16.19    0.00    0.00    0.01    0.00    0.00    0.00   44.81
11:28:15     all   37.12    0.00   15.28    0.00    0.00    0.00    0.00    0.00    0.00   47.61
11:28:16     all   39.78    0.00   16.29    0.00    0.00    0.00    0.00    0.00    0.00   43.93
11:28:17     all   42.06    0.00   14.91    0.00    0.00    0.00    0.00    0.00    0.00   43.03
11:28:18     all   41.28    0.00   18.00    0.00    0.00    0.03    0.00    0.00    0.00   40.69
11:28:19     all   40.42    0.00   17.45    0.00    0.00    0.00    0.00    0.00    0.00   42.13
11:28:20     all   45.54    0.00   15.63    0.00    0.00    0.00    0.00    0.00    0.00   38.83
11:28:21     all   40.11    0.00   16.61    0.00    0.00    0.00    0.00    0.00    0.00   43.28
11:28:22     all   47.97    0.01   17.52    0.00    0.00    0.01    0.00    0.00    0.00   34.48
11:28:23     all   49.87    0.00   17.93    0.00    0.00    0.00    0.00    0.00    0.00   32.20
11:28:24     all   50.38    0.00   16.56    0.00    0.00    0.00    0.00    0.00    0.00   33.06
11:28:25     all   50.22    0.00   17.58    0.00    0.00    0.00    0.00    0.00    0.00   32.20
11:28:26     all   48.59    0.00   18.39    0.00    0.00    0.04    0.00    0.00    0.00   32.98
11:28:27     all   47.31    0.00   18.71    0.00    0.00    0.00    0.00    0.00    0.00   33.98
11:28:28     all   47.58    0.00   21.84    0.00    0.00    0.00    0.00    0.00    0.00   30.58
11:28:29     all   47.28    0.00   21.94    0.00    0.00    0.01    0.00    0.00    0.00   30.76
11:28:30     all   46.14    0.00   20.15    0.00    0.00    0.00    0.00    0.00    0.00   33.71
11:28:31     all   47.56    0.00   20.85    0.00    0.00    0.00    0.00    0.00    0.00   31.59
11:28:32     all   49.16    0.00   18.84    0.00    0.00    0.00    0.00    0.00    0.00   31.99
11:28:33     all   44.56    0.00   18.10    0.00    0.00    0.00    0.00    0.00    0.00   37.35
11:28:34     all   42.56    0.00   17.77    0.00    0.00    0.01    0.00    0.00    0.00   39.65
11:28:35     all   49.62    0.00   18.88    0.00    0.00    0.00    0.00    0.00    0.00   31.50
11:28:36     all   49.21    0.00   22.15    0.00    0.00    0.00    0.00    0.00    0.00   28.64
11:28:37     all   49.79    0.00   20.57    0.00    0.00    0.03    0.00    0.00    0.00   29.61
11:28:38     all   45.52    0.00   21.37    0.00    0.00    0.01    0.00    0.00    0.00   33.10
11:28:39     all   47.04    0.00   22.44    0.00    0.00    0.01    0.00    0.00    0.00   30.51
11:28:40     all   44.95    0.00   21.79    0.00    0.00    0.00    0.00    0.00    0.00   33.26
11:28:41     all   46.85    0.00   21.75    0.00    0.00    0.00    0.00    0.00    0.00   31.39
11:28:42     all   40.55    0.00   21.52    0.00    0.00    0.00    0.00    0.00    0.00   37.93
11:28:43     all   46.84    0.03   22.43    0.00    0.00    0.01    0.00    0.00    0.00   30.69
11:28:44     all   46.44    0.00   22.07    0.00    0.00    0.01    0.00    0.00    0.00   31.48
11:28:45     all   47.19    0.00   23.56    0.00    0.00    0.00    0.00    0.00    0.00   29.25
11:28:46     all   41.80    0.00   21.46    0.00    0.00    0.01    0.00    0.00    0.00   36.73
11:28:47     all   41.71    0.00   22.66    0.00    0.00    0.01    0.00    0.00    0.00   35.61
11:28:48     all   48.52    0.00   22.19    0.00    0.00    0.01    0.00    0.00    0.00   29.28
11:28:49     all   48.25    0.00   21.04    0.00    0.00    0.00    0.00    0.00    0.00   30.72
11:28:50     all   46.88    0.00   21.41    0.00    0.00    0.01    0.00    0.00    0.00   31.70
11:28:51     all   45.65    0.00   22.56    0.00    0.00    0.00    0.00    0.00    0.00   31.79
11:28:52     all   49.91    0.00   20.71    0.00    0.00    0.00    0.00    0.00    0.00   29.38
11:28:53     all   48.56    0.00   22.14    0.00    0.00    0.00    0.00    0.00    0.00   29.31
11:28:54     all   47.01    0.00   22.50    0.00    0.00    0.00    0.00    0.00    0.00   30.49
11:28:55     all   45.75    0.00   22.07    0.00    0.00    0.03    0.00    0.00    0.00   32.16
11:28:56     all   45.13    0.00   21.91    0.00    0.00    0.00    0.00    0.00    0.00   32.96
11:28:57     all   42.56    0.00   22.03    0.00    0.00    0.01    0.00    0.00    0.00   35.40
11:28:58     all   45.46    0.00   22.86    0.00    0.00    0.00    0.00    0.00    0.00   31.68
11:28:59     all   43.50    0.00   21.45    0.00    0.00    0.00    0.00    0.00    0.00   35.05
11:29:00     all   45.59    0.00   22.05    0.00    0.00    0.03    0.00    0.00    0.00   32.34
11:29:01     all   47.23    0.00   20.95    0.00    0.00    0.01    0.00    0.00    0.00   31.80
11:29:02     all   53.26    0.00   19.92    0.00    0.00    0.03    0.00    0.00    0.00   26.79
11:29:03     all   41.64    0.00   22.62    0.00    0.00    0.00    0.00    0.00    0.00   35.74
11:29:04     all   23.37    0.00   19.10    0.00    0.00    0.00    0.00    0.00    0.00   57.53
11:29:05     all   17.95    0.00   13.78    0.00    0.00    0.00    0.00    0.00    0.00   68.27
11:29:06     all   15.68    0.00   11.89    0.00    0.00    0.00    0.00    0.00    0.00   72.43
11:29:07     all   15.17    0.00   10.94    0.00    0.00    0.00    0.00    0.00    0.00   73.89
11:29:08     all   14.00    0.00   10.75    0.00    0.00    0.00    0.00    0.00    0.00   75.25
11:29:09     all   13.04    0.00    9.70    0.00    0.00    0.00    0.00    0.00    0.00   77.26
11:29:10     all   12.00    0.00    7.58    0.00    0.00    0.00    0.00    0.00    0.00   80.42
11:29:11     all   10.61    0.00    7.20    0.01    0.00    0.00    0.00    0.00    0.00   82.18
11:29:12     all    9.38    0.00    6.17    0.00    0.00    0.00    0.00    0.00    0.00   84.45
11:29:13     all    9.56    0.00    6.06    0.00    0.00    0.00    0.00    0.00    0.00   84.38
11:29:14     all    9.58    0.00    6.13    0.00    0.00    0.00    0.00    0.00    0.00   84.28
Average:     all   35.36    0.00   13.03    0.00    0.00    0.00    0.00    0.00    0.00   51.60
