Linux 6.8.0-136-generic (856a17914eb3) 	08/10/26 	_x86_64_	(72 CPU)

14:48:01     CPU    %usr   %nice    %sys %iowait    %irq   %soft  %steal  %guest  %gnice   %idle
14:48:02     all    7.36    0.00    0.44    0.00    0.00    0.00    0.00    0.00    0.00   92.19
14:48:03     all    1.08    0.00    0.78    0.00    0.00    0.00    0.00    0.00    0.00   98.14
14:48:04     all    1.31    0.00    0.53    0.00    0.00    0.00    0.00    0.00    0.00   98.17
14:48:05     all    1.51    0.00    0.24    0.00    0.00    0.00    0.00    0.00    0.00   98.25
14:48:06     all    1.35    0.00    0.21    0.00    0.00    0.00    0.00    0.00    0.00   98.44
14:48:07     all    1.56    0.00    0.21    0.00    0.00    0.00    0.00    0.00    0.00   98.24
14:48:08     all    1.76    0.00    0.36    0.00    0.00    0.00    0.00    0.00    0.00   97.87
14:48:09     all    1.57    0.00    0.31    0.00    0.00    0.00    0.00    0.00    0.00   98.13
14:48:10     all    2.10    0.00    0.31    0.00    0.00    0.00    0.00    0.00    0.00   97.60
14:48:11     all    1.76    0.00    0.42    0.00    0.00    0.00    0.00    0.00    0.00   97.82
14:48:12     all    1.35    0.00    0.22    0.00    0.00    0.00    0.00    0.00    0.00   98.43
14:48:13     all    1.63    0.00    0.17    0.00    0.00    0.00    0.00    0.00    0.00   98.21
14:48:14     all    1.69    0.00    0.31    0.00    0.00    0.00    0.00    0.00    0.00   98.00
14:48:15     all    1.33    0.00    0.25    0.00    0.00    0.00    0.00    0.00    0.00   98.42
14:48:16     all    1.53    0.00    0.18    0.00    0.00    0.00    0.00    0.00    0.00   98.29
14:48:17     all    1.50    0.00    0.14    0.00    0.00    0.00    0.00    0.00    0.00   98.36
14:48:18     all    1.44    0.00    0.24    0.00    0.00    0.00    0.00    0.00    0.00   98.32
14:48:19     all    1.61    0.00    0.25    0.00    0.00    0.00    0.00    0.00    0.00   98.14
14:48:20     all    1.64    0.00    0.28    0.00    0.00    0.00    0.00    0.00    0.00   98.08
14:48:21     all    1.38    0.00    0.21    0.00    0.00    0.00    0.00    0.00    0.00   98.42
14:48:22     all    1.57    0.00    0.14    0.00    0.00    0.00    0.00    0.00    0.00   98.29
14:48:23     all    1.75    0.00    0.22    0.00    0.00    0.00    0.00    0.00    0.00   98.03
14:48:24     all    1.58    0.00    0.43    0.00    0.00    0.00    0.00    0.00    0.00   97.99
14:48:25     all    1.83    0.00    0.28    0.00    0.00    0.00    0.00    0.00    0.00   97.89
14:48:26     all    1.63    0.00    0.13    0.00    0.00    0.00    0.00    0.00    0.00   98.25
14:48:27     all    1.47    0.00    0.18    0.00    0.00    0.00    0.00    0.00    0.00   98.35
14:48:28     all    1.51    0.00    0.18    0.00    0.00    0.00    0.00    0.00    0.00   98.31
14:48:29     all    1.61    0.00    0.28    0.00    0.00    0.00    0.00    0.00    0.00   98.11
14:48:30     all    1.46    0.00    0.25    0.00    0.00    0.00    0.00    0.00    0.00   98.29
14:48:31     all    1.68    0.01    0.31    0.01    0.00    0.00    0.00    0.00    0.00   97.99
14:48:32     all    7.23    0.00    1.60    0.00    0.00    0.00    0.00    0.00    0.00   91.17
14:48:33     all   31.02    0.00    3.27    0.00    0.00    0.00    0.00    0.00    0.00   65.71
14:48:34     all   11.48    0.00    1.24    0.00    0.00    0.00    0.00    0.00    0.00   87.29
14:48:35     all   25.38    0.00    2.34    0.00    0.00    0.00    0.00    0.00    0.00   72.28
14:48:36     all   26.01    0.00    3.73    0.00    0.00    0.00    0.00    0.00    0.00   70.26
14:48:37     all   31.43    0.00    4.30    0.00    0.00    0.03    0.00    0.00    0.00   64.24
14:48:38     all   19.01    0.00    3.77    0.00    0.00    0.01    0.00    0.00    0.00   77.21
14:48:39     all   25.39    0.00    2.10    0.00    0.00    0.00    0.00    0.00    0.00   72.51
14:48:40     all   22.19    0.00    1.95    0.00    0.00    0.00    0.00    0.00    0.00   75.87
14:48:41     all   21.75    0.00    1.89    0.00    0.00    0.01    0.00    0.00    0.00   76.34
14:48:42     all   17.62    0.00    1.70    0.00    0.00    0.00    0.00    0.00    0.00   80.69
14:48:43     all   23.09    0.00    1.75    0.00    0.00    0.00    0.00    0.00    0.00   75.15
14:48:44     all   19.55    0.00    1.07    0.00    0.00    0.00    0.00    0.00    0.00   79.38
14:48:45     all   21.01    0.00    1.22    0.00    0.00    0.01    0.00    0.00    0.00   77.76
14:48:46     all   19.53    0.00    0.97    0.00    0.00    0.00    0.00    0.00    0.00   79.49
14:48:47     all   16.13    0.00    1.26    0.00    0.00    0.00    0.00    0.00    0.00   82.60
14:48:48     all   13.02    0.00    1.28    0.00    0.00    0.00    0.00    0.00    0.00   85.70
14:48:49     all   12.15    0.00    1.31    0.00    0.00    0.00    0.00    0.00    0.00   86.54
14:48:50     all   16.00    0.00    1.23    0.00    0.00    0.00    0.00    0.00    0.00   82.77
14:48:51     all   23.00    0.00    1.75    0.00    0.00    0.00    0.00    0.00    0.00   75.24
14:48:52     all   27.39    0.00    4.35    0.00    0.00    0.00    0.00    0.00    0.00   68.26
14:48:53     all   10.90    0.00    3.00    0.00    0.00    0.01    0.00    0.00    0.00   86.09
14:48:54     all   35.75    0.00    7.06    0.00    0.00    0.00    0.00    0.00    0.00   57.19
14:48:55     all   11.94    0.00    4.30    0.01    0.00    0.00    0.00    0.00    0.00   83.75
14:48:56     all   26.48    0.00    4.53    0.00    0.00    0.00    0.00    0.00    0.00   68.99
14:48:57     all   14.08    0.00    3.43    0.00    0.00    0.00    0.00    0.00    0.00   82.48
14:48:58     all   22.17    0.00    4.31    0.00    0.00    0.01    0.00    0.00    0.00   73.50
14:48:59     all   24.83    0.00    5.19    0.00    0.00    0.00    0.00    0.00    0.00   69.98
14:49:00     all   28.41    0.00    5.23    0.00    0.00    0.00    0.00    0.00    0.00   66.36
14:49:01     all   35.10    0.00    6.32    0.00    0.00    0.00    0.00    0.00    0.00   58.59
14:49:02     all   20.73    0.00    6.67    0.00    0.00    0.01    0.00    0.00    0.00   72.59
14:49:03     all   33.07    0.00    7.68    0.00    0.00    0.00    0.00    0.00    0.00   59.25
14:49:04     all   28.02    0.00    5.00    0.00    0.00    0.00    0.00    0.00    0.00   66.98
14:49:05     all   28.98    0.00    9.96    0.00    0.00    0.00    0.00    0.00    0.00   61.07
14:49:06     all   34.89    0.00    8.05    0.00    0.00    0.00    0.00    0.00    0.00   57.07
14:49:07     all   38.22    0.00   11.09    0.00    0.00    0.01    0.00    0.00    0.00   50.67
14:49:08     all   24.14    0.00    8.39    0.00    0.00    0.00    0.00    0.00    0.00   67.47
14:49:09     all   22.38    0.00    5.90    0.00    0.00    0.00    0.00    0.00    0.00   71.72
14:49:10     all   24.48    0.00    7.63    0.00    0.00    0.00    0.00    0.00    0.00   67.89
14:49:11     all   28.13    0.00    6.59    0.00    0.00    0.00    0.00    0.00    0.00   65.28
14:49:12     all   14.15    0.00    5.48    0.00    0.00    0.00    0.00    0.00    0.00   80.38
14:49:13     all   37.94    0.00    9.58    0.00    0.00    0.03    0.00    0.00    0.00   52.45
14:49:14     all   19.87    0.00    5.46    0.00    0.00    0.00    0.00    0.00    0.00   74.67
14:49:15     all   21.98    0.00    6.24    0.00    0.00    0.00    0.00    0.00    0.00   71.77
14:49:16     all   37.66    0.00    9.38    0.00    0.00    0.00    0.00    0.00    0.00   52.97
14:49:17     all   13.40    0.00    5.47    0.00    0.00    0.00    0.00    0.00    0.00   81.13
14:49:18     all   26.40    0.00    7.62    0.00    0.00    0.00    0.00    0.00    0.00   65.98
14:49:19     all   25.83    0.00    5.31    0.00    0.00    0.00    0.00    0.00    0.00   68.85
14:49:20     all   23.44    0.00    6.92    0.00    0.00    0.00    0.00    0.00    0.00   69.63
14:49:21     all   27.82    0.00    9.45    0.00    0.00    0.00    0.00    0.00    0.00   62.73
14:49:22     all   15.65    0.00    5.57    0.00    0.00    0.01    0.00    0.00    0.00   78.76
14:49:23     all   26.89    0.00    8.50    0.00    0.00    0.00    0.00    0.00    0.00   64.61
14:49:24     all   29.12    0.00    8.02    0.00    0.00    0.00    0.00    0.00    0.00   62.86
14:49:25     all   25.54    0.00    7.32    0.00    0.00    0.00    0.00    0.00    0.00   67.15
14:49:26     all   17.17    0.00    6.72    0.00    0.00    0.01    0.00    0.00    0.00   76.09
14:49:27     all   34.43    0.00   11.22    0.00    0.00    0.00    0.00    0.00    0.00   54.35
14:49:28     all   37.53    0.00   12.49    0.00    0.00    0.01    0.00    0.00    0.00   49.97
14:49:29     all   16.39    0.01    7.39    0.00    0.00    0.00    0.00    0.00    0.00   76.20
14:49:30     all   29.52    0.00    9.75    0.00    0.00    0.00    0.00    0.00    0.00   60.73
14:49:31     all   37.17    0.00   13.18    0.00    0.00    0.01    0.00    0.00    0.00   49.64
14:49:32     all   26.04    0.00    9.50    0.00    0.00    0.00    0.00    0.00    0.00   64.45
14:49:33     all   27.58    0.00    9.82    0.00    0.00    0.01    0.00    0.00    0.00   62.59
14:49:34     all   32.43    0.00   10.25    0.00    0.00    0.00    0.00    0.00    0.00   57.32
14:49:35     all   26.24    0.00   11.49    0.00    0.00    0.00    0.00    0.00    0.00   62.27
14:49:36     all   34.68    0.00   15.12    0.00    0.00    0.00    0.00    0.00    0.00   50.19
14:49:37     all   29.11    0.00   14.29    0.00    0.00    0.00    0.00    0.00    0.00   56.60
14:49:38     all   35.43    0.00   14.49    0.00    0.00    0.01    0.00    0.00    0.00   50.06
14:49:39     all   34.93    0.00   14.25    0.00    0.00    0.00    0.00    0.00    0.00   50.82
14:49:40     all   26.33    0.01   11.01    0.00    0.00    0.01    0.00    0.00    0.00   62.64
14:49:41     all   32.89    0.00   15.56    0.00    0.00    0.00    0.00    0.00    0.00   51.56
14:49:42     all   13.97    0.00    8.55    0.00    0.00    0.01    0.00    0.00    0.00   77.46
14:49:43     all   30.00    0.00   13.65    0.00    0.00    0.00    0.00    0.00    0.00   56.35
14:49:44     all   33.35    0.00   16.08    0.00    0.00    0.00    0.00    0.00    0.00   50.56
14:49:45     all   32.91    0.00   17.29    0.00    0.00    0.01    0.00    0.00    0.00   49.79
14:49:46     all   33.02    0.00   16.71    0.00    0.00    0.00    0.00    0.00    0.00   50.27
14:49:47     all   32.10    0.00   18.74    0.00    0.00    0.00    0.00    0.00    0.00   49.16
14:49:48     all   33.57    0.00   16.54    0.00    0.00    0.01    0.00    0.00    0.00   49.87
14:49:49     all   32.42    0.00   17.92    0.00    0.00    0.00    0.00    0.00    0.00   49.66
14:49:50     all   32.14    0.00   17.70    0.00    0.00    0.00    0.00    0.00    0.00   50.16
14:49:51     all   31.10    0.00   18.92    0.00    0.00    0.00    0.00    0.00    0.00   49.98
14:49:52     all   33.64    0.00   17.21    0.00    0.00    0.01    0.00    0.00    0.00   49.14
14:49:53     all   32.42    0.00   17.84    0.00    0.00    0.01    0.00    0.00    0.00   49.73
14:49:54     all   34.19    0.00   17.00    0.00    0.00    0.01    0.00    0.00    0.00   48.80
14:49:55     all   33.12    0.00   17.80    0.00    0.00    0.00    0.00    0.00    0.00   49.07
14:49:56     all   29.99    0.00   18.60    0.00    0.00    0.00    0.00    0.00    0.00   51.41
14:49:57     all   24.35    0.00   16.08    0.00    0.00    0.00    0.00    0.00    0.00   59.57
14:49:58     all   32.97    0.00   17.52    0.00    0.00    0.00    0.00    0.00    0.00   49.51
14:49:59     all   31.07    0.00   19.08    0.00    0.00    0.00    0.00    0.00    0.00   49.85
14:50:00     all   32.07    0.00   17.90    0.00    0.00    0.01    0.00    0.00    0.00   50.01
14:50:01     all   31.65    0.00   19.42    0.00    0.00    0.01    0.00    0.00    0.00   48.92
14:50:02     all   31.83    0.00   19.72    0.00    0.00    0.01    0.00    0.00    0.00   48.44
14:50:03     all   29.85    0.00   21.57    0.00    0.00    0.00    0.00    0.00    0.00   48.58
14:50:04     all   30.26    0.00   20.06    0.00    0.00    0.00    0.00    0.00    0.00   49.69
14:50:05     all   30.85    0.00   18.41    0.00    0.00    0.00    0.00    0.00    0.00   50.74
14:50:06     all   30.70    0.00   19.74    0.00    0.00    0.00    0.00    0.00    0.00   49.55
14:50:07     all   31.46    0.00   19.38    0.00    0.00    0.00    0.00    0.00    0.00   49.17
14:50:08     all   30.04    0.00   19.94    0.00    0.00    0.01    0.00    0.00    0.00   50.01
14:50:09     all   29.62    0.00   20.00    0.00    0.00    0.01    0.00    0.00    0.00   50.37
14:50:10     all   28.23    0.00   21.68    0.00    0.00    0.00    0.00    0.00    0.00   50.10
14:50:11     all   30.02    0.00   19.52    0.01    0.00    0.00    0.00    0.00    0.00   50.45
14:50:12     all   30.27    0.00   20.16    0.00    0.00    0.01    0.00    0.00    0.00   49.55
14:50:13     all   29.24    0.00   20.19    0.00    0.00    0.00    0.00    0.00    0.00   50.57
14:50:14     all   30.29    0.00   19.86    0.00    0.00    0.00    0.00    0.00    0.00   49.85
14:50:15     all   33.10    0.00   18.83    0.00    0.00    0.00    0.00    0.00    0.00   48.07
14:50:16     all   30.71    0.00   20.39    0.00    0.00    0.01    0.00    0.00    0.00   48.89
14:50:17     all   29.66    0.00   21.31    0.00    0.00    0.00    0.00    0.00    0.00   49.03
14:50:18     all   30.41    0.00   21.19    0.00    0.00    0.01    0.00    0.00    0.00   48.39
14:50:19     all   28.71    0.00   22.06    0.00    0.00    0.01    0.00    0.00    0.00   49.21
14:50:20     all   27.89    0.00   22.66    0.00    0.00    0.00    0.00    0.00    0.00   49.45
14:50:21     all   29.39    0.00   20.16    0.00    0.00    0.00    0.00    0.00    0.00   50.45
14:50:22     all   31.13    0.00   19.01    0.00    0.00    0.00    0.00    0.00    0.00   49.86
14:50:23     all   31.72    0.00   18.83    0.00    0.00    0.01    0.00    0.00    0.00   49.43
14:50:24     all   29.33    0.00   20.85    0.00    0.00    0.00    0.00    0.00    0.00   49.82
14:50:25     all   31.17    0.00   19.20    0.00    0.00    0.00    0.00    0.00    0.00   49.62
14:50:26     all   30.57    0.00   19.85    0.00    0.00    0.00    0.00    0.00    0.00   49.58
14:50:27     all   30.12    0.00   19.99    0.00    0.00    0.01    0.00    0.00    0.00   49.87
14:50:28     all   31.22    0.00   19.16    0.00    0.00    0.00    0.00    0.00    0.00   49.62
14:50:29     all   31.40    0.00   19.57    0.00    0.00    0.00    0.00    0.00    0.00   49.03
14:50:30     all   29.46    0.00   20.86    0.00    0.00    0.00    0.00    0.00    0.00   49.67
14:50:31     all   31.00    0.00   19.35    0.00    0.00    0.00    0.00    0.00    0.00   49.65
14:50:32     all   29.82    0.00   20.10    0.00    0.00    0.00    0.00    0.00    0.00   50.08
14:50:33     all   29.79    0.00   19.78    0.00    0.00    0.01    0.00    0.00    0.00   50.42
14:50:34     all   31.13    0.00   18.99    0.00    0.00    0.01    0.00    0.00    0.00   49.86
14:50:35     all   31.61    0.00   18.64    0.00    0.00    0.00    0.00    0.00    0.00   49.74
14:50:36     all   32.78    0.00   17.93    0.00    0.00    0.00    0.00    0.00    0.00   49.30
14:50:37     all   32.12    0.00   18.47    0.00    0.00    0.00    0.00    0.00    0.00   49.41
14:50:38     all   29.29    0.00   21.04    0.00    0.00    0.01    0.00    0.00    0.00   49.66
14:50:39     all   31.49    0.00   18.72    0.00    0.00    0.00    0.00    0.00    0.00   49.78
14:50:40     all   31.44    0.00   19.97    0.00    0.00    0.00    0.00    0.00    0.00   48.59
14:50:41     all   29.42    0.00   21.02    0.00    0.00    0.00    0.00    0.00    0.00   49.56
14:50:42     all   28.60    0.00   21.32    0.00    0.00    0.00    0.00    0.00    0.00   50.08
14:50:43     all   32.74    0.00   17.57    0.00    0.00    0.01    0.00    0.00    0.00   49.67
14:50:44     all   30.38    0.00   19.78    0.00    0.00    0.00    0.00    0.00    0.00   49.84
14:50:45     all   26.89    0.00   23.70    0.00    0.00    0.00    0.00    0.00    0.00   49.41
14:50:46     all   29.40    0.00   20.78    0.00    0.00    0.00    0.00    0.00    0.00   49.82
14:50:47     all   28.75    0.00   21.32    0.00    0.00    0.00    0.00    0.00    0.00   49.93
14:50:48     all   30.28    0.00   20.14    0.00    0.00    0.00    0.00    0.00    0.00   49.58
14:50:49     all   28.49    0.00   22.15    0.00    0.00    0.00    0.00    0.00    0.00   49.36
14:50:50     all   28.29    0.00   22.02    0.00    0.00    0.00    0.00    0.00    0.00   49.69
14:50:51     all   29.11    0.00   21.56    0.00    0.00    0.00    0.00    0.00    0.00   49.33
14:50:52     all   30.09    0.00   20.13    0.00    0.00    0.01    0.00    0.00    0.00   49.76
14:50:53     all   28.82    0.00   21.67    0.00    0.00    0.00    0.00    0.00    0.00   49.51
14:50:54     all   29.05    0.00   21.54    0.00    0.00    0.00    0.00    0.00    0.00   49.42
14:50:55     all   28.29    0.00   21.88    0.00    0.00    0.00    0.00    0.00    0.00   49.83
14:50:56     all   30.90    0.00   19.40    0.00    0.00    0.00    0.00    0.00    0.00   49.70
14:50:57     all   28.96    0.00   21.39    0.00    0.00    0.00    0.00    0.00    0.00   49.65
14:50:58     all   28.85    0.00   21.16    0.00    0.00    0.00    0.00    0.00    0.00   49.99
14:50:59     all   29.08    0.00   21.37    0.00    0.00    0.01    0.00    0.00    0.00   49.53
14:51:00     all   28.23    0.00   22.36    0.00    0.00    0.00    0.00    0.00    0.00   49.41
14:51:01     all   31.10    0.01   19.46    0.00    0.00    0.00    0.00    0.00    0.00   49.43
14:51:02     all   30.95    0.00   19.57    0.00    0.00    0.01    0.00    0.00    0.00   49.46
14:51:03     all   31.15    0.00   20.05    0.00    0.00    0.03    0.00    0.00    0.00   48.77
14:51:04     all   31.24    0.00   19.57    0.00    0.00    0.03    0.00    0.00    0.00   49.16
14:51:05     all   31.75    0.00   19.44    0.00    0.00    0.01    0.00    0.00    0.00   48.79
14:51:06     all   30.02    0.00   20.27    0.00    0.00    0.00    0.00    0.00    0.00   49.71
14:51:07     all   30.78    0.00   19.99    0.00    0.00    0.00    0.00    0.00    0.00   49.23
14:51:08     all   29.03    0.00   21.68    0.00    0.00    0.00    0.00    0.00    0.00   49.30
14:51:09     all   30.83    0.00   18.89    0.00    0.00    0.00    0.00    0.00    0.00   50.29
14:51:10     all   30.30    0.00   20.50    0.00    0.00    0.00    0.00    0.00    0.00   49.20
14:51:11     all   30.31    0.00   20.07    0.01    0.00    0.00    0.00    0.00    0.00   49.61
14:51:12     all   30.01    0.00   20.25    0.01    0.00    0.03    0.00    0.00    0.00   49.70
14:51:13     all   30.73    0.01   19.49    0.00    0.00    0.00    0.00    0.00    0.00   49.76
14:51:14     all   30.76    0.00   19.47    0.00    0.00    0.00    0.00    0.00    0.00   49.77
14:51:15     all   31.77    0.00   18.65    0.00    0.00    0.01    0.00    0.00    0.00   49.57
14:51:16     all   32.56    0.00   17.98    0.00    0.00    0.00    0.00    0.00    0.00   49.46
14:51:17     all   32.05    0.00   18.17    0.00    0.00    0.01    0.00    0.00    0.00   49.76
14:51:18     all   32.94    0.00   18.47    0.00    0.00    0.00    0.00    0.00    0.00   48.58
14:51:19     all   31.76    0.00   18.84    0.00    0.00    0.00    0.00    0.00    0.00   49.39
14:51:20     all   33.30    0.00   17.06    0.00    0.00    0.00    0.00    0.00    0.00   49.64
14:51:21     all   33.28    0.00   16.90    0.00    0.00    0.00    0.00    0.00    0.00   49.83
14:51:22     all   32.18    0.00   18.32    0.00    0.00    0.01    0.00    0.00    0.00   49.49
14:51:23     all   32.54    0.00   17.86    0.00    0.00    0.00    0.00    0.00    0.00   49.60
14:51:24     all   31.93    0.00   18.57    0.00    0.00    0.00    0.00    0.00    0.00   49.50
14:51:25     all   32.41    0.00   18.73    0.00    0.00    0.03    0.00    0.00    0.00   48.84
14:51:26     all   33.30    0.00   18.20    0.00    0.00    0.00    0.00    0.00    0.00   48.50
14:51:27     all   30.07    0.00   20.48    0.00    0.00    0.00    0.00    0.00    0.00   49.45
14:51:28     all   31.87    0.00   18.52    0.00    0.00    0.00    0.00    0.00    0.00   49.61
14:51:29     all   33.19    0.00   16.78    0.00    0.00    0.01    0.00    0.00    0.00   50.01
14:51:30     all   33.06    0.00   17.27    0.01    0.00    0.00    0.00    0.00    0.00   49.66
14:51:31     all   33.25    0.00   17.19    0.00    0.00    0.00    0.00    0.00    0.00   49.56
14:51:32     all   29.51    0.00   20.70    0.00    0.00    0.00    0.00    0.00    0.00   49.79
14:51:33     all   31.54    0.00   19.30    0.00    0.00    0.00    0.00    0.00    0.00   49.16
14:51:34     all   31.25    0.00   18.99    0.00    0.00    0.00    0.00    0.00    0.00   49.76
14:51:35     all   29.93    0.00   20.28    0.00    0.00    0.01    0.00    0.00    0.00   49.77
14:51:36     all   31.32    0.00   19.46    0.00    0.00    0.00    0.00    0.00    0.00   49.21
14:51:37     all   33.96    0.00   16.12    0.00    0.00    0.00    0.00    0.00    0.00   49.92
14:51:38     all   31.95    0.00   18.88    0.00    0.00    0.00    0.00    0.00    0.00   49.17
14:51:39     all   31.02    0.00   20.14    0.00    0.00    0.00    0.00    0.00    0.00   48.84
14:51:40     all   33.25    0.00   17.84    0.00    0.00    0.01    0.00    0.00    0.00   48.90
14:51:41     all   32.89    0.00   17.48    0.00    0.00    0.01    0.00    0.00    0.00   49.61
14:51:42     all   32.52    0.00   17.93    0.00    0.00    0.00    0.00    0.00    0.00   49.55
14:51:43     all   32.55    0.00   17.29    0.01    0.00    0.00    0.00    0.00    0.00   50.15
14:51:44     all   31.56    0.00   18.02    0.00    0.00    0.00    0.00    0.00    0.00   50.42
14:51:45     all   31.92    0.00   18.15    0.00    0.00    0.00    0.00    0.00    0.00   49.93
14:51:46     all   33.31    0.00   17.29    0.00    0.00    0.01    0.00    0.00    0.00   49.38
14:51:47     all   33.99    0.00   16.59    0.00    0.00    0.00    0.00    0.00    0.00   49.41
14:51:48     all   32.03    0.00   17.96    0.00    0.00    0.00    0.00    0.00    0.00   50.01
14:51:49     all   33.63    0.00   17.74    0.00    0.00    0.01    0.00    0.00    0.00   48.61
14:51:50     all   30.94    0.00   15.30    0.00    0.00    0.00    0.00    0.00    0.00   53.76
14:51:51     all   33.79    0.00   16.53    0.00    0.00    0.00    0.00    0.00    0.00   49.68
14:51:52     all   33.28    0.00   17.73    0.00    0.00    0.01    0.00    0.00    0.00   48.98
14:51:53     all   33.83    0.00   15.61    0.00    0.00    0.00    0.00    0.00    0.00   50.56
14:51:54     all   33.40    0.00   16.69    0.00    0.00    0.00    0.00    0.00    0.00   49.91
14:51:55     all   34.15    0.00   16.74    0.00    0.00    0.00    0.00    0.00    0.00   49.11
14:51:56     all   26.68    0.00   15.65    0.00    0.00    0.00    0.00    0.00    0.00   57.67
14:51:57     all   34.61    0.00   15.26    0.00    0.00    0.00    0.00    0.00    0.00   50.13
14:51:58     all   34.92    0.00   15.46    0.00    0.00    0.01    0.00    0.00    0.00   49.60
14:51:59     all   32.00    0.00   14.76    0.00    0.00    0.00    0.00    0.00    0.00   53.24
14:52:00     all   31.76    0.00   14.66    0.00    0.00    0.00    0.00    0.00    0.00   53.58
14:52:01     all   32.48    0.00   14.83    0.00    0.00    0.01    0.00    0.00    0.00   52.67
14:52:02     all   28.06    0.00   12.62    0.00    0.00    0.01    0.00    0.00    0.00   59.31
14:52:03     all   34.54    0.00   14.02    0.00    0.00    0.01    0.00    0.00    0.00   51.43
14:52:04     all   30.18    0.00   13.56    0.00    0.00    0.00    0.00    0.00    0.00   56.26
14:52:05     all   24.39    0.00    9.94    0.00    0.00    0.01    0.00    0.00    0.00   65.66
14:52:06     all   37.11    0.00   13.58    0.00    0.00    0.01    0.00    0.00    0.00   49.30
14:52:07     all   27.32    0.00   11.72    0.00    0.00    0.01    0.00    0.00    0.00   60.95
14:52:08     all   33.39    0.00   10.28    0.00    0.00    0.00    0.00    0.00    0.00   56.32
14:52:09     all   35.36    0.00   12.64    0.00    0.00    0.00    0.00    0.00    0.00   52.00
14:52:10     all   22.54    0.00   11.16    0.00    0.00    0.00    0.00    0.00    0.00   66.30
14:52:11     all   37.78    0.00   12.62    0.00    0.00    0.00    0.00    0.00    0.00   49.60
14:52:12     all   33.68    0.00   14.36    0.00    0.00    0.00    0.00    0.00    0.00   51.96
14:52:13     all   27.89    0.00   10.83    0.00    0.00    0.03    0.00    0.00    0.00   61.25
14:52:14     all   37.11    0.00   12.69    0.00    0.00    0.01    0.00    0.00    0.00   50.19
14:52:15     all   20.81    0.00    9.46    0.00    0.00    0.00    0.00    0.00    0.00   69.73
14:52:16     all   30.58    0.00   11.25    0.00    0.00    0.00    0.00    0.00    0.00   58.18
14:52:17     all   35.88    0.00   13.49    0.00    0.00    0.00    0.00    0.00    0.00   50.63
14:52:18     all   22.66    0.00   12.23    0.00    0.00    0.00    0.00    0.00    0.00   65.11
14:52:19     all   36.10    0.00   14.16    0.00    0.00    0.01    0.00    0.00    0.00   49.73
14:52:20     all   27.29    0.00   12.94    0.00    0.00    0.00    0.00    0.00    0.00   59.77
14:52:21     all   26.68    0.00   11.64    0.00    0.00    0.01    0.00    0.00    0.00   61.66
14:52:22     all   35.44    0.00   14.83    0.00    0.00    0.00    0.00    0.00    0.00   49.73
14:52:23     all   29.35    0.00   10.73    0.00    0.00    0.00    0.00    0.00    0.00   59.91
14:52:24     all   37.69    0.00   12.53    0.00    0.00    0.01    0.00    0.00    0.00   49.76
14:52:25     all   27.43    0.00   12.14    0.00    0.00    0.00    0.00    0.00    0.00   60.43
14:52:26     all   28.99    0.00   10.86    0.00    0.00    0.00    0.00    0.00    0.00   60.16
14:52:27     all   33.44    0.01   11.39    0.00    0.00    0.00    0.00    0.00    0.00   55.15
14:52:28     all   32.55    0.00   11.95    0.00    0.00    0.00    0.00    0.00    0.00   55.50
14:52:29     all   34.82    0.00   13.65    0.00    0.00    0.01    0.00    0.00    0.00   51.52
14:52:30     all   29.09    0.00   12.01    0.00    0.00    0.00    0.00    0.00    0.00   58.90
14:52:31     all   27.53    0.00   12.06    0.00    0.00    0.00    0.00    0.00    0.00   60.41
14:52:32     all   28.79    0.00   11.79    0.00    0.00    0.01    0.00    0.00    0.00   59.41
14:52:33     all   32.28    0.00   11.76    0.00    0.00    0.00    0.00    0.00    0.00   55.96
14:52:34     all   36.20    0.00   13.58    0.01    0.00    0.00    0.00    0.00    0.00   50.21
14:52:35     all   36.63    0.00   12.61    0.00    0.00    0.01    0.00    0.00    0.00   50.74
14:52:36     all   18.07    0.00    8.33    0.00    0.00    0.00    0.00    0.00    0.00   73.60
14:52:37     all   29.55    0.00   10.61    0.00    0.00    0.01    0.00    0.00    0.00   59.82
14:52:38     all   34.80    0.00   13.23    0.00    0.00    0.00    0.00    0.00    0.00   51.97
14:52:39     all   34.63    0.01   15.50    0.00    0.00    0.00    0.00    0.00    0.00   49.86
14:52:40     all   26.77    0.00   12.99    0.00    0.00    0.01    0.00    0.00    0.00   60.23
14:52:41     all   37.63    0.00   13.60    0.00    0.00    0.00    0.00    0.00    0.00   48.77
14:52:42     all   20.77    0.00   11.21    0.00    0.00    0.00    0.00    0.00    0.00   68.02
14:52:43     all   34.40    0.00   14.37    0.00    0.00    0.00    0.00    0.00    0.00   51.23
14:52:44     all   34.27    0.00   13.96    0.00    0.00    0.01    0.00    0.00    0.00   51.76
14:52:45     all   15.68    0.00   10.02    0.00    0.00    0.00    0.00    0.00    0.00   74.30
14:52:46     all   35.51    0.00   12.63    0.00    0.00    0.00    0.00    0.00    0.00   51.86
14:52:47     all   33.56    0.00   13.00    0.01    0.00    0.00    0.00    0.00    0.00   53.42
14:52:48     all   30.65    0.00   14.36    0.00    0.00    0.00    0.00    0.00    0.00   54.99
14:52:49     all   34.06    0.01   13.86    0.00    0.00    0.00    0.00    0.00    0.00   52.07
14:52:50     all   27.16    0.00   10.85    0.00    0.00    0.00    0.00    0.00    0.00   61.99
14:52:51     all   25.28    0.00   10.74    0.00    0.00    0.00    0.00    0.00    0.00   63.98
14:52:52     all   36.70    0.00   13.21    0.00    0.00    0.01    0.00    0.00    0.00   50.07
14:52:53     all   23.23    0.00   10.60    0.00    0.00    0.00    0.00    0.00    0.00   66.17
14:52:54     all   37.69    0.00   12.36    0.00    0.00    0.01    0.00    0.00    0.00   49.93
14:52:55     all   26.83    0.00   10.64    0.00    0.00    0.00    0.00    0.00    0.00   62.52
14:52:56     all   25.35    0.00    9.04    0.00    0.00    0.00    0.00    0.00    0.00   65.61
14:52:57     all   34.67    0.00   12.23    0.00    0.00    0.00    0.00    0.00    0.00   53.10
14:52:58     all   33.59    0.00   13.10    0.00    0.00    0.01    0.00    0.00    0.00   53.29
14:52:59     all   27.22    0.00   11.68    0.00    0.00    0.00    0.00    0.00    0.00   61.10
14:53:00     all   31.95    0.00   11.93    0.00    0.00    0.00    0.00    0.00    0.00   56.12
14:53:01     all   28.09    0.00   10.74    0.00    0.00    0.00    0.00    0.00    0.00   61.17
14:53:02     all   26.90    0.00   10.06    0.00    0.00    0.00    0.00    0.00    0.00   63.05
14:53:03     all   26.11    0.00   11.89    0.00    0.00    0.00    0.00    0.00    0.00   62.00
14:53:04     all   10.67    0.00    5.80    0.00    0.00    0.00    0.00    0.00    0.00   83.53
14:53:05     all   25.87    0.00   10.36    0.00    0.00    0.01    0.00    0.00    0.00   63.75
14:53:06     all   37.06    0.00   12.61    0.00    0.00    0.00    0.00    0.00    0.00   50.33
14:53:07     all   28.10    0.00   11.69    0.00    0.00    0.01    0.00    0.00    0.00   60.21
14:53:08     all   32.31    0.00   11.77    0.00    0.00    0.00    0.00    0.00    0.00   55.92
14:53:09     all   31.37    0.00   12.99    0.00    0.00    0.00    0.00    0.00    0.00   55.64
14:53:10     all   26.45    0.00   10.08    0.00    0.00    0.01    0.00    0.00    0.00   63.45
14:53:11     all   35.12    0.00   14.15    0.00    0.00    0.00    0.00    0.00    0.00   50.73
14:53:12     all   29.63    0.00   15.06    0.00    0.00    0.00    0.00    0.00    0.00   55.31
14:53:13     all   35.05    0.00   14.50    0.00    0.00    0.01    0.00    0.00    0.00   50.44
14:53:14     all   25.37    0.01   12.89    0.00    0.00    0.00    0.00    0.00    0.00   61.72
14:53:15     all   30.49    0.00   11.54    0.00    0.00    0.00    0.00    0.00    0.00   57.97
14:53:16     all   30.22    0.00   13.39    0.00    0.00    0.00    0.00    0.00    0.00   56.38
14:53:17     all   31.07    0.01   12.43    0.00    0.00    0.03    0.00    0.00    0.00   56.46
14:53:18     all   27.99    0.00   10.40    0.00    0.00    0.03    0.00    0.00    0.00   61.58
14:53:19     all   28.83    0.00   11.60    0.00    0.00    0.00    0.00    0.00    0.00   59.57
14:53:20     all   27.55    0.00   10.62    0.00    0.00    0.01    0.00    0.00    0.00   61.81
14:53:21     all   36.39    0.00   13.29    0.00    0.00    0.03    0.00    0.00    0.00   50.30
14:53:22     all   25.41    0.00   11.54    0.00    0.00    0.00    0.00    0.00    0.00   63.05
14:53:23     all   37.06    0.00   13.23    0.00    0.00    0.00    0.00    0.00    0.00   49.71
14:53:24     all   29.25    0.00   13.53    0.00    0.00    0.00    0.00    0.00    0.00   57.21
14:53:25     all   32.04    0.00   12.16    0.00    0.00    0.00    0.00    0.00    0.00   55.80
14:53:26     all   33.98    0.00   13.03    0.00    0.00    0.00    0.00    0.00    0.00   52.99
14:53:27     all   33.54    0.00   12.00    0.00    0.00    0.01    0.00    0.00    0.00   54.45
14:53:28     all   32.61    0.00   13.31    0.00    0.00    0.01    0.00    0.00    0.00   54.06
14:53:29     all   31.15    0.01   10.73    0.00    0.00    0.01    0.00    0.00    0.00   58.09
14:53:30     all   31.34    0.00   10.50    0.00    0.00    0.00    0.00    0.00    0.00   58.16
14:53:31     all   29.75    0.00   10.67    0.00    0.00    0.01    0.00    0.00    0.00   59.57
14:53:32     all   29.52    0.00   10.98    0.00    0.00    0.01    0.00    0.00    0.00   59.49
14:53:33     all   31.36    0.00   10.13    0.00    0.00    0.01    0.00    0.00    0.00   58.49
14:53:34     all   33.04    0.00    9.37    0.00    0.00    0.00    0.00    0.00    0.00   57.59
14:53:35     all   28.56    0.00    8.82    0.00    0.00    0.00    0.00    0.00    0.00   62.63
14:53:36     all   33.73    0.00   10.96    0.00    0.00    0.00    0.00    0.00    0.00   55.31
14:53:37     all   15.70    0.00    7.45    0.00    0.00    0.00    0.00    0.00    0.00   76.85
14:53:38     all   35.96    0.00   11.70    0.00    0.00    0.00    0.00    0.00    0.00   52.34
14:53:39     all   30.89    0.00    9.75    0.00    0.00    0.01    0.00    0.00    0.00   59.35
14:53:40     all   23.81    0.00    9.71    0.00    0.00    0.00    0.00    0.00    0.00   66.48
14:53:41     all   29.72    0.00   12.03    0.00    0.00    0.00    0.00    0.00    0.00   58.25
14:53:42     all   32.46    0.00   11.71    0.00    0.00    0.00    0.00    0.00    0.00   55.83
14:53:43     all   30.10    0.00   12.01    0.00    0.00    0.01    0.00    0.00    0.00   57.88
14:53:44     all   36.50    0.00   14.15    0.00    0.00    0.00    0.00    0.00    0.00   49.35
14:53:45     all   32.01    0.00   14.14    0.00    0.00    0.00    0.00    0.00    0.00   53.85
14:53:46     all   33.75    0.00   14.01    0.00    0.00    0.01    0.00    0.00    0.00   52.23
14:53:47     all   20.48    0.00    9.88    0.00    0.00    0.00    0.00    0.00    0.00   69.64
14:53:48     all   23.13    0.00    9.23    0.00    0.00    0.00    0.00    0.00    0.00   67.64
14:53:49     all   37.45    0.00   12.25    0.00    0.00    0.00    0.00    0.00    0.00   50.30
14:53:50     all   25.83    0.00   11.02    0.00    0.00    0.01    0.00    0.00    0.00   63.14
14:53:51     all   32.56    0.00   10.75    0.00    0.00    0.00    0.00    0.00    0.00   56.68
14:53:52     all   27.29    0.00   10.33    0.00    0.00    0.01    0.00    0.00    0.00   62.36
14:53:53     all   32.44    0.00   11.71    0.00    0.00    0.01    0.00    0.00    0.00   55.83
14:53:54     all   29.49    0.00   11.53    0.00    0.00    0.00    0.00    0.00    0.00   58.98
14:53:55     all   32.13    0.00   10.76    0.00    0.00    0.00    0.00    0.00    0.00   57.11
14:53:56     all   31.30    0.00   12.30    0.00    0.00    0.00    0.00    0.00    0.00   56.40
14:53:57     all   21.68    0.00    8.82    0.00    0.00    0.00    0.00    0.00    0.00   69.50
14:53:58     all   36.07    0.00   12.35    0.00    0.00    0.03    0.00    0.00    0.00   51.54
14:53:59     all   19.10    0.00    9.34    0.00    0.00    0.00    0.00    0.00    0.00   71.56
14:54:00     all   22.36    0.00    8.72    0.00    0.00    0.00    0.00    0.00    0.00   68.92
14:54:01     all   29.28    0.00   10.65    0.00    0.00    0.00    0.00    0.00    0.00   60.07
14:54:02     all   30.97    0.00   11.38    0.00    0.00    0.01    0.00    0.00    0.00   57.64
14:54:03     all   29.51    0.00    9.92    0.00    0.00    0.00    0.00    0.00    0.00   60.57
14:54:04     all   31.09    0.00   11.23    0.00    0.00    0.01    0.00    0.00    0.00   57.66
14:54:05     all   26.37    0.00    9.75    0.00    0.00    0.01    0.00    0.00    0.00   63.87
14:54:06     all   27.38    0.00    7.77    0.00    0.00    0.00    0.00    0.00    0.00   64.85
14:54:07     all   27.40    0.00    8.97    0.00    0.00    0.00    0.00    0.00    0.00   63.63
14:54:08     all   26.37    0.00    8.19    0.00    0.00    0.00    0.00    0.00    0.00   65.45
14:54:09     all   30.08    0.00   10.93    0.00    0.00    0.00    0.00    0.00    0.00   58.99
14:54:10     all   24.90    0.00   10.02    0.00    0.00    0.01    0.00    0.00    0.00   65.07
14:54:11     all   38.10    0.00   12.12    0.00    0.00    0.00    0.00    0.00    0.00   49.78
14:54:12     all   27.98    0.00   10.83    0.01    0.00    0.00    0.00    0.00    0.00   61.18
14:54:13     all   28.43    0.00   11.51    0.00    0.00    0.01    0.00    0.00    0.00   60.05
14:54:14     all   36.41    0.00   12.08    0.00    0.00    0.00    0.00    0.00    0.00   51.52
14:54:15     all   16.06    0.00    8.06    0.00    0.00    0.00    0.00    0.00    0.00   75.88
14:54:16     all   26.56    0.00    9.91    0.00    0.00    0.00    0.00    0.00    0.00   63.53
14:54:17     all   27.83    0.00    9.96    0.00    0.00    0.00    0.00    0.00    0.00   62.20
14:54:18     all   25.11    0.00   10.49    0.00    0.00    0.00    0.00    0.00    0.00   64.40
14:54:19     all   12.99    0.00    7.27    0.00    0.00    0.00    0.00    0.00    0.00   79.74
14:54:20     all   16.82    0.00    7.44    0.00    0.00    0.00    0.00    0.00    0.00   75.74
14:54:21     all   33.47    0.00   12.06    0.00    0.00    0.01    0.00    0.00    0.00   54.45
14:54:22     all   36.41    0.00   13.50    0.00    0.00    0.01    0.00    0.00    0.00   50.08
14:54:23     all   34.03    0.00   13.84    0.00    0.00    0.00    0.00    0.00    0.00   52.12
14:54:24     all   18.54    0.00    9.31    0.00    0.00    0.00    0.00    0.00    0.00   72.15
14:54:25     all   35.64    0.00   14.39    0.00    0.00    0.00    0.00    0.00    0.00   49.97
14:54:26     all   31.55    0.00   13.86    0.00    0.00    0.00    0.00    0.00    0.00   54.58
14:54:27     all   34.02    0.00   14.45    0.00    0.00    0.01    0.00    0.00    0.00   51.52
14:54:28     all   34.20    0.00   14.59    0.00    0.00    0.00    0.00    0.00    0.00   51.20
14:54:29     all   31.85    0.00   14.54    0.00    0.00    0.00    0.00    0.00    0.00   53.61
14:54:30     all   33.82    0.00   15.00    0.00    0.00    0.00    0.00    0.00    0.00   51.18
14:54:31     all   29.54    0.00   12.36    0.00    0.00    0.01    0.00    0.00    0.00   58.08
14:54:32     all   30.71    0.00   14.74    0.00    0.00    0.00    0.00    0.00    0.00   54.55
14:54:33     all   31.90    0.00   12.47    0.00    0.00    0.00    0.00    0.00    0.00   55.63
14:54:34     all   33.36    0.00   13.57    0.00    0.00    0.01    0.00    0.00    0.00   53.06
14:54:35     all   25.48    0.00   12.25    0.00    0.00    0.00    0.00    0.00    0.00   62.27
14:54:36     all   29.92    0.00   11.14    0.00    0.00    0.03    0.00    0.00    0.00   58.92
14:54:37     all   26.94    0.00   10.88    0.00    0.00    0.00    0.00    0.00    0.00   62.18
14:54:38     all   28.14    0.00   11.11    0.00    0.00    0.00    0.00    0.00    0.00   60.75
14:54:39     all   32.09    0.00   12.29    0.00    0.00    0.00    0.00    0.00    0.00   55.62
14:54:40     all   30.22    0.00   12.05    0.00    0.00    0.00    0.00    0.00    0.00   57.72
14:54:41     all   28.23    0.00   10.58    0.00    0.00    0.00    0.00    0.00    0.00   61.18
14:54:42     all   23.42    0.00   10.20    0.00    0.00    0.01    0.00    0.00    0.00   66.37
14:54:43     all   29.02    0.00   11.68    0.00    0.00    0.00    0.00    0.00    0.00   59.31
14:54:44     all   30.26    0.00   11.18    0.00    0.00    0.00    0.00    0.00    0.00   58.56
14:54:45     all   29.50    0.00   11.16    0.00    0.00    0.00    0.00    0.00    0.00   59.34
14:54:46     all   33.55    0.00   13.83    0.00    0.00    0.00    0.00    0.00    0.00   52.61
14:54:47     all   26.63    0.00   11.36    0.00    0.00    0.01    0.00    0.00    0.00   62.00
14:54:48     all   36.34    0.00   13.63    0.00    0.00    0.00    0.00    0.00    0.00   50.03
14:54:49     all   28.51    0.00   11.26    0.00    0.00    0.00    0.00    0.00    0.00   60.23
14:54:50     all   30.38    0.00   10.94    0.00    0.00    0.01    0.00    0.00    0.00   58.67
14:54:51     all   25.70    0.00    8.98    0.00    0.00    0.00    0.00    0.00    0.00   65.31
14:54:52     all   39.17    0.00   11.76    0.00    0.00    0.01    0.00    0.00    0.00   49.06
14:54:53     all   30.52    0.01   10.02    0.00    0.00    0.01    0.00    0.00    0.00   59.43
14:54:54     all   19.66    0.00    8.08    0.00    0.00    0.00    0.00    0.00    0.00   72.26
14:54:55     all   27.94    0.00    9.10    0.00    0.00    0.00    0.00    0.00    0.00   62.96
14:54:56     all   29.03    0.00    8.54    0.00    0.00    0.00    0.00    0.00    0.00   62.44
14:54:57     all   28.20    0.00    9.07    0.00    0.00    0.01    0.00    0.00    0.00   62.72
14:54:58     all   33.07    0.00   12.53    0.00    0.00    0.00    0.00    0.00    0.00   54.40
14:54:59     all   24.35    0.00    9.54    0.00    0.00    0.00    0.00    0.00    0.00   66.11
14:55:00     all   33.08    0.00    9.77    0.00    0.00    0.00    0.00    0.00    0.00   57.14
14:55:01     all   26.12    0.01    8.96    0.00    0.00    0.00    0.00    0.00    0.00   64.91
14:55:02     all   26.11    0.00    8.33    0.00    0.00    0.03    0.00    0.00    0.00   65.53
14:55:03     all   38.06    0.00   12.09    0.00    0.00    0.01    0.00    0.00    0.00   49.84
14:55:04     all   21.47    0.00    8.27    0.00    0.00    0.00    0.00    0.00    0.00   70.27
14:55:05     all   31.61    0.00    9.69    0.01    0.00    0.00    0.00    0.00    0.00   58.68
14:55:06     all   21.76    0.00    7.86    0.00    0.00    0.00    0.00    0.00    0.00   70.38
14:55:07     all   37.99    0.00   11.03    0.00    0.00    0.00    0.00    0.00    0.00   50.98
14:55:08     all   20.06    0.00    8.69    0.00    0.00    0.01    0.00    0.00    0.00   71.23
14:55:09     all   34.36    0.00    9.93    0.00    0.00    0.00    0.00    0.00    0.00   55.71
14:55:10     all   19.15    0.00    8.65    0.00    0.00    0.00    0.00    0.00    0.00   72.20
14:55:11     all   37.05    0.00   10.76    0.00    0.00    0.01    0.00    0.00    0.00   52.18
14:55:12     all   33.98    0.00   11.70    0.00    0.00    0.00    0.00    0.00    0.00   54.32
14:55:13     all   13.90    0.00    6.52    0.00    0.00    0.00    0.00    0.00    0.00   79.58
14:55:14     all   37.75    0.00   11.95    0.00    0.00    0.01    0.00    0.00    0.00   50.29
14:55:15     all   27.07    0.00   10.69    0.00    0.00    0.00    0.00    0.00    0.00   62.24
14:55:16     all   26.09    0.00    7.48    0.00    0.00    0.00    0.00    0.00    0.00   66.43
14:55:17     all   29.29    0.00    9.24    0.00    0.00    0.01    0.00    0.00    0.00   61.45
14:55:18     all   25.22    0.00    8.29    0.00    0.00    0.00    0.00    0.00    0.00   66.49
14:55:19     all   26.43    0.00    7.71    0.00    0.00    0.00    0.00    0.00    0.00   65.86
14:55:20     all   29.45    0.00   10.32    0.00    0.00    0.00    0.00    0.00    0.00   60.23
14:55:21     all   21.61    0.00    9.05    0.00    0.00    0.00    0.00    0.00    0.00   69.34
14:55:22     all   29.87    0.00   10.42    0.01    0.00    0.01    0.00    0.00    0.00   59.68
14:55:23     all   26.45    0.00    9.09    0.00    0.00    0.00    0.00    0.00    0.00   64.46
14:55:24     all   27.14    0.00    9.44    0.00    0.00    0.00    0.00    0.00    0.00   63.42
14:55:25     all   25.99    0.00    7.91    0.00    0.00    0.00    0.00    0.00    0.00   66.10
14:55:26     all   21.78    0.00    8.39    0.00    0.00    0.00    0.00    0.00    0.00   69.83
14:55:27     all   35.25    0.00   11.51    0.00    0.00    0.01    0.00    0.00    0.00   53.23
14:55:28     all   19.17    0.00    7.65    0.00    0.00    0.00    0.00    0.00    0.00   73.18
14:55:29     all   37.41    0.00   10.93    0.00    0.00    0.01    0.00    0.00    0.00   51.65
14:55:30     all   24.20    0.01    9.18    0.00    0.00    0.00    0.00    0.00    0.00   66.61
14:55:31     all   17.28    0.00    7.76    0.00    0.00    0.00    0.00    0.00    0.00   74.96
14:55:32     all   31.97    0.00    9.49    0.00    0.00    0.01    0.00    0.00    0.00   58.53
14:55:33     all   28.24    0.00    9.70    0.00    0.00    0.00    0.00    0.00    0.00   62.06
14:55:34     all   25.61    0.00    9.33    0.00    0.00    0.00    0.00    0.00    0.00   65.06
14:55:35     all   23.34    0.00    7.90    0.00    0.00    0.00    0.00    0.00    0.00   68.77
14:55:36     all   33.44    0.00   10.79    0.00    0.00    0.00    0.00    0.00    0.00   55.78
14:55:37     all    9.68    0.00    4.99    0.00    0.00    0.01    0.00    0.00    0.00   85.31
14:55:38     all   38.29    0.00   10.31    0.00    0.00    0.00    0.00    0.00    0.00   51.40
14:55:39     all   15.00    0.00    5.64    0.00    0.00    0.00    0.00    0.00    0.00   79.37
14:55:40     all   39.46    0.00   10.82    0.00    0.00    0.01    0.00    0.00    0.00   49.71
14:55:41     all   20.12    0.00    8.36    0.00    0.00    0.00    0.00    0.00    0.00   71.52
14:55:42     all   34.18    0.00   10.20    0.00    0.00    0.00    0.00    0.00    0.00   55.63
14:55:43     all   24.81    0.00    8.13    0.00    0.00    0.00    0.00    0.00    0.00   67.06
14:55:44     all   31.58    0.00   10.15    0.00    0.00    0.00    0.00    0.00    0.00   58.27
14:55:45     all   36.96    0.00   13.24    0.00    0.00    0.00    0.00    0.00    0.00   49.80
14:55:46     all   28.96    0.00   11.80    0.00    0.00    0.01    0.00    0.00    0.00   59.23
14:55:47     all   16.58    0.00    7.29    0.00    0.00    0.00    0.00    0.00    0.00   76.13
14:55:48     all   37.01    0.00   12.36    0.00    0.00    0.00    0.00    0.00    0.00   50.63
14:55:49     all   20.97    0.00    8.28    0.00    0.00    0.01    0.00    0.00    0.00   70.74
14:55:50     all   27.67    0.03    8.59    0.00    0.00    0.00    0.00    0.00    0.00   63.72
14:55:51     all   33.40    0.00   10.84    0.00    0.00    0.00    0.00    0.00    0.00   55.77
14:55:52     all   27.21    0.00    8.38    0.00    0.00    0.03    0.00    0.00    0.00   64.38
14:55:53     all   33.62    0.00   12.04    0.00    0.00    0.00    0.00    0.00    0.00   54.35
14:55:54     all   27.32    0.00   11.98    0.00    0.00    0.00    0.00    0.00    0.00   60.70
14:55:55     all   36.94    0.00   13.50    0.00    0.00    0.00    0.00    0.00    0.00   49.55
14:55:56     all   22.37    0.00   10.55    0.00    0.00    0.00    0.00    0.00    0.00   67.08
14:55:57     all   36.01    0.00   12.73    0.00    0.00    0.00    0.00    0.00    0.00   51.27
14:55:58     all   26.87    0.00   11.81    0.00    0.00    0.03    0.00    0.00    0.00   61.29
14:55:59     all   32.88    0.00   12.66    0.00    0.00    0.00    0.00    0.00    0.00   54.46
14:56:00     all   30.22    0.00   11.00    0.00    0.00    0.00    0.00    0.00    0.00   58.79
14:56:01     all   18.04    0.00    7.40    0.00    0.00    0.00    0.00    0.00    0.00   74.56
14:56:02     all   31.76    0.01    9.72    0.00    0.00    0.01    0.00    0.00    0.00   58.50
14:56:03     all   19.84    0.00    6.32    0.00    0.00    0.00    0.00    0.00    0.00   73.84
14:56:04     all   36.85    0.00   11.41    0.00    0.00    0.00    0.00    0.00    0.00   51.74
14:56:05     all   21.42    0.00    8.28    0.00    0.00    0.00    0.00    0.00    0.00   70.29
14:56:06     all   26.02    0.00   11.43    0.00    0.00    0.00    0.00    0.00    0.00   62.55
14:56:07     all   35.81    0.00   12.55    0.00    0.00    0.01    0.00    0.00    0.00   51.63
14:56:08     all   22.76    0.00    9.00    0.00    0.00    0.00    0.00    0.00    0.00   68.23
14:56:09     all   18.19    0.00    8.08    0.00    0.00    0.01    0.00    0.00    0.00   73.72
14:56:10     all   34.42    0.00   12.67    0.00    0.00    0.00    0.00    0.00    0.00   52.91
14:56:11     all   19.39    0.00    8.35    0.00    0.00    0.00    0.00    0.00    0.00   72.26
14:56:12     all   34.65    0.00   13.90    0.00    0.00    0.01    0.00    0.00    0.00   51.43
14:56:13     all   25.91    0.00   13.91    0.00    0.00    0.00    0.00    0.00    0.00   60.18
14:56:14     all   34.04    0.01   13.67    0.00    0.00    0.00    0.00    0.00    0.00   52.28
14:56:15     all   35.47    0.00   12.22    0.00    0.00    0.01    0.00    0.00    0.00   52.30
14:56:16     all   24.63    0.00   10.11    0.00    0.00    0.00    0.00    0.00    0.00   65.26
14:56:17     all   12.30    0.00   15.13    0.00    0.00    0.01    0.00    0.00    0.00   72.55
14:56:18     all    7.30    0.00    4.11    0.00    0.00    0.00    0.00    0.00    0.00   88.59
14:56:19     all    5.46    0.00    3.43    0.00    0.00    0.00    0.00    0.00    0.00   91.10
14:56:20     all    5.02    0.00    3.54    0.00    0.00    0.00    0.00    0.00    0.00   91.44
14:56:21     all    5.79    0.00    3.15    0.00    0.00    0.00    0.00    0.00    0.00   91.05
14:56:22     all    5.48    0.00    3.62    0.00    0.00    0.00    0.00    0.00    0.00   90.90
14:56:23     all    5.49    0.00    3.39    0.00    0.00    0.00    0.00    0.00    0.00   91.12
14:56:24     all    5.14    0.00    3.63    0.00    0.00    0.01    0.00    0.00    0.00   91.22
14:56:25     all    5.60    0.00    2.78    0.01    0.00    0.00    0.00    0.00    0.00   91.60
14:56:26     all    4.40    0.00    2.85    0.00    0.00    0.00    0.00    0.00    0.00   92.75
14:56:27     all    4.30    0.00    2.20    0.00    0.00    0.00    0.00    0.00    0.00   93.51
14:56:28     all    4.03    0.00    2.03    0.00    0.00    0.00    0.00    0.00    0.00   93.94
14:56:29     all    3.53    0.00    2.13    0.00    0.00    0.00    0.00    0.00    0.00   94.34
14:56:30     all    2.86    0.01    1.79    0.00    0.00    0.00    0.00    0.00    0.00   95.33
14:56:31     all    2.89    0.00    1.99    0.00    0.00    0.00    0.00    0.00    0.00   95.12
14:56:32     all    2.89    0.00    2.06    0.00    0.00    0.00    0.00    0.00    0.00   95.05
14:56:33     all    2.75    0.00    1.84    0.00    0.00    0.00    0.00    0.00    0.00   95.41
14:56:34     all    3.10    0.00    1.75    0.00    0.00    0.00    0.00    0.00    0.00   95.15
14:56:35     all    2.99    0.00    1.39    0.00    0.00    0.00    0.00    0.00    0.00   95.62
14:56:36     all    3.21    0.00    1.50    0.00    0.00    0.00    0.00    0.00    0.00   95.29
14:56:37     all    3.18    0.00    1.43    0.00    0.00    0.00    0.00    0.00    0.00   95.39
14:56:38     all    3.02    0.00    1.36    0.00    0.00    0.00    0.00    0.00    0.00   95.62
14:56:39     all    3.54    0.00    1.78    0.00    0.00    0.00    0.00    0.00    0.00   94.68
14:56:40     all    3.59    0.00    1.57    0.00    0.00    0.00    0.00    0.00    0.00   94.84
14:56:41     all    1.99    0.00    0.97    0.00    0.00    0.00    0.00    0.00    0.00   97.04
14:56:42     all    2.64    0.00    0.83    0.00    0.00    0.00    0.00    0.00    0.00   96.52
14:56:43     all    2.33    0.00    1.17    0.00    0.00    0.00    0.00    0.00    0.00   96.50
14:56:44     all    2.22    0.00    0.92    0.00    0.00    0.00    0.00    0.00    0.00   96.86
14:56:45     all    2.47    0.00    0.78    0.00    0.00    0.00    0.00    0.00    0.00   96.75
14:56:46     all    1.15    0.00    0.58    0.00    0.00    0.00    0.00    0.00    0.00   98.26
14:56:47     all    1.28    0.00    0.39    0.00    0.00    0.00    0.00    0.00    0.00   98.33
14:56:48     all    1.31    0.00    0.46    0.00    0.00    0.00    0.00    0.00    0.00   98.24
14:56:49     all    1.28    0.00    0.58    0.00    0.00    0.00    0.00    0.00    0.00   98.14
14:56:50     all    1.04    0.01    0.50    0.00    0.00    0.00    0.00    0.00    0.00   98.44
14:56:51     all    1.20    0.00    0.58    0.00    0.00    0.00    0.00    0.00    0.00   98.22
14:56:52     all    1.47    0.00    0.56    0.00    0.00    0.00    0.00    0.00    0.00   97.97
14:56:53     all    1.46    0.00    0.60    0.00    0.00    0.00    0.00    0.00    0.00   97.94
14:56:54     all    1.35    0.00    0.51    0.00    0.00    0.00    0.00    0.00    0.00   98.14
14:56:55     all    1.26    0.00    0.53    0.00    0.00    0.00    0.00    0.00    0.00   98.21
14:56:56     all    1.10    0.00    0.43    0.00    0.00    0.00    0.00    0.00    0.00   98.47
14:56:57     all    1.29    0.00    0.61    0.00    0.00    0.00    0.00    0.00    0.00   98.10
14:56:58     all    1.39    0.00    0.64    0.00    0.00    0.00    0.00    0.00    0.00   97.97
14:56:59     all    1.26    0.00    0.63    0.00    0.00    0.00    0.00    0.00    0.00   98.11
14:57:00     all    1.24    0.00    0.68    0.00    0.00    0.00    0.00    0.00    0.00   98.08
14:57:01     all    1.22    0.00    0.54    0.00    0.00    0.00    0.00    0.00    0.00   98.24
Average:     all   25.43    0.00   11.14    0.00    0.00    0.00    0.00    0.00    0.00   63.42
