Linux 6.8.0-136-generic (856a17914eb3) 	08/10/26 	_x86_64_	(72 CPU)

07:04:56     CPU    %usr   %nice    %sys %iowait    %irq   %soft  %steal  %guest  %gnice   %idle
07:04:57     all   11.56    0.00    0.39    0.00    0.00    0.00    0.00    0.00    0.00   88.05
07:04:58     all    1.08    0.00    0.70    0.01    0.00    0.00    0.00    0.00    0.00   98.21
07:04:59     all    1.52    0.00    0.14    0.00    0.00    0.00    0.00    0.00    0.00   98.35
07:05:00     all    1.56    0.00    0.15    0.00    0.00    0.00    0.00    0.00    0.00   98.29
07:05:01     all    1.55    0.00    0.22    0.00    0.00    0.00    0.00    0.00    0.00   98.22
07:05:02     all    2.63    0.00    0.96    0.00    0.00    0.00    0.00    0.00    0.00   96.41
07:05:03     all    2.59    0.00    0.70    0.00    0.00    0.00    0.00    0.00    0.00   96.72
07:05:04     all    1.58    0.00    0.25    0.00    0.00    0.00    0.00    0.00    0.00   98.17
07:05:05     all    1.13    0.00    0.44    0.00    0.00    0.00    0.00    0.00    0.00   98.43
07:05:06     all    1.57    0.00    0.17    0.00    0.00    0.00    0.00    0.00    0.00   98.26
07:05:07     all    1.74    0.00    0.22    0.00    0.00    0.00    0.00    0.00    0.00   98.04
07:05:08     all    1.57    0.01    0.33    0.00    0.00    0.00    0.00    0.00    0.00   98.08
07:05:09     all    1.58    0.00    0.24    0.00    0.00    0.00    0.00    0.00    0.00   98.18
07:05:10     all    1.54    0.00    0.18    0.00    0.00    0.00    0.00    0.00    0.00   98.28
07:05:11     all    1.40    0.00    0.13    0.00    0.00    0.00    0.00    0.00    0.00   98.47
07:05:12     all   16.33    0.00    3.49    0.00    0.00    0.00    0.00    0.00    0.00   80.17
07:05:13     all   30.34    0.00    1.43    0.00    0.00    0.00    0.00    0.00    0.00   68.22
07:05:14     all   28.64    0.00    0.72    0.00    0.00    0.00    0.00    0.00    0.00   70.63
07:05:15     all   44.12    0.00    3.23    0.00    0.00    0.00    0.00    0.00    0.00   52.65
07:05:16     all   31.02    0.00    2.37    0.00    0.00    0.00    0.00    0.00    0.00   66.62
07:05:17     all   34.31    0.00    2.26    0.00    0.00    0.01    0.00    0.00    0.00   63.42
07:05:18     all   31.79    0.00    1.85    0.00    0.00    0.01    0.00    0.00    0.00   66.35
07:05:19     all   30.82    0.00    0.73    0.00    0.00    0.00    0.00    0.00    0.00   68.46
07:05:20     all   32.31    0.00    0.70    0.00    0.00    0.00    0.00    0.00    0.00   67.00
07:05:21     all   27.02    0.00    0.43    0.00    0.00    0.00    0.00    0.00    0.00   72.55
07:05:22     all   31.27    0.00    0.34    0.00    0.00    0.01    0.00    0.00    0.00   68.38
07:05:23     all   33.81    0.00    0.50    0.00    0.00    0.00    0.00    0.00    0.00   65.69
07:05:24     all   39.71    0.00    0.95    0.00    0.00    0.00    0.00    0.00    0.00   59.34
07:05:25     all   33.19    0.00    0.78    0.00    0.00    0.00    0.00    0.00    0.00   66.03
07:05:26     all   29.96    0.00    0.54    0.00    0.00    0.01    0.00    0.00    0.00   69.48
07:05:27     all   37.15    0.00    0.59    0.00    0.00    0.01    0.00    0.00    0.00   62.25
07:05:28     all   45.07    0.00    0.82    0.00    0.00    0.00    0.00    0.00    0.00   54.11
07:05:29     all   33.12    0.00    1.73    0.00    0.00    0.00    0.00    0.00    0.00   65.16
07:05:30     all   28.66    0.00    1.86    0.00    0.00    0.00    0.00    0.00    0.00   69.47
07:05:31     all   27.08    0.00    1.07    0.00    0.00    0.00    0.00    0.00    0.00   71.85
07:05:32     all   21.62    0.00    1.28    0.00    0.00    0.00    0.00    0.00    0.00   77.10
07:05:33     all   25.33    0.00    1.63    0.00    0.00    0.00    0.00    0.00    0.00   73.04
07:05:34     all   32.67    0.00    1.85    0.00    0.00    0.00    0.00    0.00    0.00   65.47
07:05:35     all   29.40    0.00    2.09    0.00    0.00    0.00    0.00    0.00    0.00   68.51
07:05:36     all   36.63    0.00    1.45    0.00    0.00    0.00    0.00    0.00    0.00   61.92
07:05:37     all   36.94    0.00    2.56    0.00    0.00    0.00    0.00    0.00    0.00   60.50
07:05:38     all   40.48    0.00    3.10    0.00    0.00    0.00    0.00    0.00    0.00   56.42
07:05:39     all   39.62    0.00    3.80    0.00    0.00    0.00    0.00    0.00    0.00   56.58
07:05:40     all   38.94    0.00    4.68    0.00    0.00    0.00    0.00    0.00    0.00   56.38
07:05:41     all   37.44    0.00    4.86    0.00    0.00    0.00    0.00    0.00    0.00   57.70
07:05:42     all   37.96    0.00    4.54    0.00    0.00    0.03    0.00    0.00    0.00   57.47
07:05:43     all   35.15    0.00    3.57    0.00    0.00    0.00    0.00    0.00    0.00   61.28
07:05:44     all   39.47    0.01    3.42    0.00    0.00    0.00    0.00    0.00    0.00   57.09
07:05:45     all   27.81    0.00    3.90    0.00    0.00    0.00    0.00    0.00    0.00   68.28
07:05:46     all   20.17    0.00    2.58    0.00    0.00    0.00    0.00    0.00    0.00   77.25
07:05:47     all   30.21    0.00    2.42    0.00    0.00    0.00    0.00    0.00    0.00   67.36
07:05:48     all   24.90    0.00    1.88    0.00    0.00    0.00    0.00    0.00    0.00   73.22
07:05:49     all   24.98    0.00    2.47    0.00    0.00    0.00    0.00    0.00    0.00   72.56
07:05:50     all   29.37    0.00    1.80    0.00    0.00    0.00    0.00    0.00    0.00   68.83
07:05:51     all   27.82    0.00    2.03    0.00    0.00    0.00    0.00    0.00    0.00   70.15
07:05:52     all   25.53    0.00    2.76    0.00    0.00    0.01    0.00    0.00    0.00   71.70
07:05:53     all   24.08    0.00    2.10    0.00    0.00    0.00    0.00    0.00    0.00   73.82
07:05:54     all   24.41    0.00    2.06    0.00    0.00    0.00    0.00    0.00    0.00   73.53
07:05:55     all   22.49    0.00    2.28    0.00    0.00    0.00    0.00    0.00    0.00   75.23
07:05:56     all   19.16    0.00    2.38    0.00    0.00    0.01    0.00    0.00    0.00   78.44
07:05:57     all   25.93    0.00    1.67    0.00    0.00    0.01    0.00    0.00    0.00   72.38
07:05:58     all   31.31    0.00    1.24    0.00    0.00    0.01    0.00    0.00    0.00   67.44
07:05:59     all   33.31    0.00    2.31    0.00    0.00    0.00    0.00    0.00    0.00   64.37
07:06:00     all   40.78    0.00    2.18    0.00    0.00    0.00    0.00    0.00    0.00   57.04
07:06:01     all   35.36    0.00    2.43    0.00    0.00    0.00    0.00    0.00    0.00   62.21
07:06:02     all   36.33    0.00    2.36    0.00    0.00    0.00    0.00    0.00    0.00   61.32
07:06:03     all   47.02    0.00    2.58    0.00    0.00    0.00    0.00    0.00    0.00   50.40
07:06:04     all   38.13    0.00    2.45    0.00    0.00    0.00    0.00    0.00    0.00   59.43
07:06:05     all   40.32    0.00    2.23    0.01    0.00    0.01    0.00    0.00    0.00   57.42
07:06:06     all   48.27    0.00    2.62    0.00    0.00    0.00    0.00    0.00    0.00   49.12
07:06:07     all   38.09    0.00    2.36    0.00    0.00    0.00    0.00    0.00    0.00   59.55
07:06:08     all   29.54    0.00    2.37    0.00    0.00    0.00    0.00    0.00    0.00   68.09
07:06:09     all   28.41    0.00    2.03    0.00    0.00    0.00    0.00    0.00    0.00   69.56
07:06:10     all   26.78    0.00    2.09    0.00    0.00    0.00    0.00    0.00    0.00   71.14
07:06:11     all   27.54    0.00    2.13    0.00    0.00    0.00    0.00    0.00    0.00   70.33
07:06:12     all   44.49    0.00    2.80    0.00    0.00    0.00    0.00    0.00    0.00   52.71
07:06:13     all   36.50    0.00    1.77    0.00    0.00    0.01    0.00    0.00    0.00   61.72
07:06:14     all   11.39    0.00    1.31    0.00    0.00    0.00    0.00    0.00    0.00   87.31
07:06:15     all    3.63    0.00    0.83    0.00    0.00    0.00    0.00    0.00    0.00   95.54
07:06:16     all    2.26    0.00    0.76    0.00    0.00    0.00    0.00    0.00    0.00   96.97
07:06:17     all    2.56    0.00    0.54    0.00    0.00    0.00    0.00    0.00    0.00   96.90
07:06:18     all    2.63    0.00    0.51    0.00    0.00    0.00    0.00    0.00    0.00   96.86
07:06:19     all    2.32    0.00    0.53    0.00    0.00    0.00    0.00    0.00    0.00   97.15
07:06:20     all    2.57    0.00    0.51    0.00    0.00    0.00    0.00    0.00    0.00   96.92
07:06:21     all    2.71    0.00    0.50    0.00    0.00    0.00    0.00    0.00    0.00   96.79
07:06:22     all    2.37    0.00    0.49    0.00    0.00    0.00    0.00    0.00    0.00   97.14
07:06:23     all    2.57    0.00    0.54    0.00    0.00    0.00    0.00    0.00    0.00   96.89
07:06:24     all    2.76    0.00    0.44    0.00    0.00    0.00    0.00    0.00    0.00   96.79
07:06:25     all    2.38    0.00    0.50    0.00    0.00    0.00    0.00    0.00    0.00   97.12
07:06:26     all    2.67    0.00    0.58    0.00    0.00    0.00    0.00    0.00    0.00   96.75
07:06:27     all    2.64    0.00    0.64    0.00    0.00    0.00    0.00    0.00    0.00   96.72
07:06:28     all    2.28    0.00    0.75    0.00    0.00    0.00    0.00    0.00    0.00   96.97
07:06:29     all    2.75    0.00    0.58    0.00    0.00    0.00    0.00    0.00    0.00   96.67
07:06:30     all    2.32    0.00    0.44    0.00    0.00    0.00    0.00    0.00    0.00   97.23
07:06:31     all    1.36    0.00    0.42    0.00    0.00    0.00    0.00    0.00    0.00   98.22
07:06:32     all    1.78    0.00    0.50    0.00    0.00    0.00    0.00    0.00    0.00   97.72
07:06:33     all    1.53    0.00    0.33    0.01    0.00    0.00    0.00    0.00    0.00   98.12
07:06:34     all    1.22    0.00    0.28    0.00    0.00    0.00    0.00    0.00    0.00   98.50
07:06:35     all    1.43    0.00    0.32    0.00    0.00    0.00    0.00    0.00    0.00   98.25
07:06:36     all    1.56    0.00    0.29    0.00    0.00    0.00    0.00    0.00    0.00   98.15
Average:     all   21.01    0.00    1.49    0.00    0.00    0.00    0.00    0.00    0.00   77.49
