Linux 6.8.0-136-generic (856a17914eb3) 	08/10/26 	_x86_64_	(72 CPU)

07:40:10     CPU    %usr   %nice    %sys %iowait    %irq   %soft  %steal  %guest  %gnice   %idle
07:40:11     all   11.50    0.00    0.39    0.00    0.00    0.00    0.00    0.00    0.00   88.11
07:40:12     all    1.04    0.00    0.78    0.00    0.00    0.00    0.00    0.00    0.00   98.18
07:40:13     all    1.32    0.00    0.18    0.00    0.00    0.00    0.00    0.00    0.00   98.50
07:40:14     all    1.61    0.00    0.21    0.00    0.00    0.00    0.00    0.00    0.00   98.18
07:40:15     all    1.62    0.00    0.31    0.00    0.00    0.00    0.00    0.00    0.00   98.07
07:40:16     all    1.43    0.00    0.14    0.00    0.00    0.00    0.00    0.00    0.00   98.43
07:40:17     all    2.08    0.00    0.28    0.00    0.00    0.00    0.00    0.00    0.00   97.64
07:40:18     all    1.68    0.00    0.21    0.00    0.00    0.00    0.00    0.00    0.00   98.11
07:40:19     all    1.14    0.00    0.53    0.00    0.00    0.00    0.00    0.00    0.00   98.33
07:40:20     all    1.67    0.00    0.42    0.00    0.00    0.00    0.00    0.00    0.00   97.91
07:40:21     all    1.54    0.00    0.13    0.00    0.00    0.00    0.00    0.00    0.00   98.33
07:40:22     all    1.35    0.00    0.15    0.00    0.00    0.00    0.00    0.00    0.00   98.50
07:40:23     all    1.63    0.00    0.22    0.00    0.00    0.00    0.00    0.00    0.00   98.15
07:40:24     all    1.63    0.00    0.19    0.00    0.00    0.00    0.00    0.00    0.00   98.18
07:40:25     all    1.40    0.00    0.12    0.00    0.00    0.00    0.00    0.00    0.00   98.47
07:40:26     all   15.48    0.00    3.52    0.01    0.00    0.00    0.00    0.00    0.00   80.98
07:40:27     all   34.11    0.00    1.62    0.00    0.00    0.01    0.00    0.00    0.00   64.26
07:40:28     all   40.68    0.00    1.87    0.00    0.00    0.00    0.00    0.00    0.00   57.45
07:40:29     all   43.52    0.00    2.73    0.00    0.00    0.00    0.00    0.00    0.00   53.74
07:40:30     all   43.07    0.00    1.89    0.00    0.00    0.00    0.00    0.00    0.00   55.04
07:40:31     all   37.47    0.00    1.77    0.00    0.00    0.00    0.00    0.00    0.00   60.76
07:40:32     all   37.21    0.00    0.88    0.00    0.00    0.00    0.00    0.00    0.00   61.91
07:40:33     all   36.45    0.00    0.82    0.00    0.00    0.00    0.00    0.00    0.00   62.73
07:40:34     all   34.94    0.00    0.77    0.00    0.00    0.00    0.00    0.00    0.00   64.29
07:40:35     all   41.75    0.00    0.71    0.00    0.00    0.01    0.00    0.00    0.00   57.52
07:40:36     all   46.44    0.00    0.75    0.00    0.00    0.00    0.00    0.00    0.00   52.81
07:40:37     all   37.21    0.00    0.54    0.00    0.00    0.00    0.00    0.00    0.00   62.25
07:40:38     all   39.09    0.00    0.92    0.00    0.00    0.04    0.00    0.00    0.00   59.95
07:40:39     all   51.05    0.00    0.87    0.01    0.00    0.00    0.00    0.00    0.00   48.07
07:40:40     all   45.33    0.00    2.13    0.00    0.00    0.00    0.00    0.00    0.00   52.54
07:40:41     all   34.87    0.00    1.67    0.00    0.00    0.00    0.00    0.00    0.00   63.46
07:40:42     all   31.38    0.00    1.39    0.00    0.00    0.00    0.00    0.00    0.00   67.23
07:40:43     all   36.20    0.00    1.70    0.00    0.00    0.01    0.00    0.00    0.00   62.09
07:40:44     all   39.39    0.00    2.16    0.00    0.00    0.00    0.00    0.00    0.00   58.45
07:40:45     all   42.19    0.00    1.44    0.00    0.00    0.00    0.00    0.00    0.00   56.38
07:40:46     all   47.49    0.00    2.14    0.00    0.00    0.00    0.00    0.00    0.00   50.37
07:40:47     all   49.41    0.00    2.23    0.00    0.00    0.00    0.00    0.00    0.00   48.36
07:40:48     all   53.79    0.00    3.37    0.00    0.00    0.01    0.00    0.00    0.00   42.83
07:40:49     all   51.71    0.00    3.66    0.00    0.00    0.00    0.00    0.00    0.00   44.63
07:40:50     all   46.97    0.00    3.59    0.00    0.00    0.00    0.00    0.00    0.00   49.44
07:40:51     all   49.17    0.00    3.16    0.00    0.00    0.00    0.00    0.00    0.00   47.67
07:40:52     all   44.44    0.00    3.84    0.00    0.00    0.00    0.00    0.00    0.00   51.72
07:40:53     all   44.65    0.00    1.92    0.00    0.00    0.01    0.00    0.00    0.00   53.41
07:40:54     all   38.44    0.00    1.47    0.00    0.00    0.00    0.00    0.00    0.00   60.09
07:40:55     all   33.10    0.00    1.21    0.01    0.00    0.00    0.00    0.00    0.00   65.68
07:40:56     all   36.36    0.00    2.20    0.00    0.00    0.00    0.00    0.00    0.00   61.44
07:40:57     all   38.88    0.00    1.94    0.00    0.00    0.00    0.00    0.00    0.00   59.18
07:40:58     all   32.99    0.01    1.52    0.00    0.00    0.03    0.00    0.00    0.00   65.46
07:40:59     all   33.94    0.00    1.56    0.00    0.00    0.00    0.00    0.00    0.00   64.49
07:41:00     all   39.96    0.00    2.00    0.00    0.00    0.00    0.00    0.00    0.00   58.04
07:41:01     all   38.69    0.00    1.95    0.00    0.00    0.00    0.00    0.00    0.00   59.36
07:41:02     all   36.94    0.00    1.96    0.00    0.00    0.00    0.00    0.00    0.00   61.10
07:41:03     all   39.99    0.00    1.24    0.00    0.00    0.00    0.00    0.00    0.00   58.77
07:41:04     all   51.54    0.00    1.63    0.00    0.00    0.00    0.00    0.00    0.00   46.83
07:41:05     all   53.03    0.00    1.53    0.00    0.00    0.03    0.00    0.00    0.00   45.41
07:41:06     all   54.43    0.00    1.81    0.00    0.00    0.00    0.00    0.00    0.00   43.76
07:41:07     all   48.69    0.00    2.19    0.00    0.00    0.00    0.00    0.00    0.00   49.12
07:41:08     all   47.39    0.01    2.08    0.00    0.00    0.00    0.00    0.00    0.00   50.52
07:41:09     all   37.91    0.00    1.83    0.00    0.00    0.00    0.00    0.00    0.00   60.27
07:41:10     all   42.48    0.00    2.34    0.00    0.00    0.00    0.00    0.00    0.00   55.18
07:41:11     all   50.15    0.00    2.08    0.00    0.00    0.00    0.00    0.00    0.00   47.77
07:41:12     all   43.52    0.00    1.57    0.00    0.00    0.00    0.00    0.00    0.00   54.90
07:41:13     all   45.59    0.00    1.52    0.00    0.00    0.00    0.00    0.00    0.00   52.89
07:41:14     all   43.24    0.00    1.67    0.00    0.00    0.00    0.00    0.00    0.00   55.09
07:41:15     all   42.39    0.00    1.85    0.00    0.00    0.01    0.00    0.00    0.00   55.74
07:41:16     all   49.00    0.00    1.48    0.00    0.00    0.00    0.00    0.00    0.00   49.52
07:41:17     all   49.05    0.00    2.06    0.00    0.00    0.00    0.00    0.00    0.00   48.89
07:41:18     all   53.87    0.00    2.03    0.00    0.00    0.00    0.00    0.00    0.00   44.09
07:41:19     all   49.77    0.00    2.78    0.00    0.00    0.01    0.00    0.00    0.00   47.43
07:41:20     all   51.99    0.00    2.15    0.00    0.00    0.00    0.00    0.00    0.00   45.87
07:41:21     all   49.99    0.00    2.25    0.00    0.00    0.00    0.00    0.00    0.00   47.76
07:41:22     all   50.90    0.00    1.91    0.00    0.00    0.03    0.00    0.00    0.00   47.17
07:41:23     all   47.83    0.00    2.32    0.00    0.00    0.00    0.00    0.00    0.00   49.85
07:41:24     all   53.76    0.00    2.93    0.00    0.00    0.01    0.00    0.00    0.00   43.30
07:41:25     all   50.95    0.01    3.07    0.00    0.00    0.01    0.00    0.00    0.00   45.94
07:41:26     all   40.58    0.00    1.72    0.00    0.00    0.00    0.00    0.00    0.00   57.70
07:41:27     all   28.65    0.00    1.07    0.00    0.00    0.00    0.00    0.00    0.00   70.28
07:41:28     all   11.88    0.00    0.61    0.00    0.00    0.00    0.00    0.00    0.00   87.50
07:41:29     all    2.43    0.00    0.43    0.00    0.00    0.00    0.00    0.00    0.00   97.14
07:41:30     all    0.53    0.00    1.42    0.00    0.00    0.00    0.00    0.00    0.00   98.05
07:41:31     all    0.50    0.00    2.17    0.00    0.00    0.00    0.00    0.00    0.00   97.33
07:41:32     all   10.95    0.00    0.93    0.00    0.00    0.00    0.00    0.00    0.00   88.12
07:41:33     all    1.74    0.00    0.35    0.00    0.00    0.00    0.00    0.00    0.00   97.91
07:41:34     all    1.28    0.00    0.69    0.00    0.00    0.00    0.00    0.00    0.00   98.03
07:41:35     all    1.49    0.00    0.25    0.00    0.00    0.00    0.00    0.00    0.00   98.26
07:41:36     all    1.47    0.00    0.32    0.00    0.00    0.00    0.00    0.00    0.00   98.21
07:41:37     all    1.58    0.00    0.17    0.00    0.00    0.00    0.00    0.00    0.00   98.25
07:41:38     all    1.63    0.00    0.17    0.00    0.00    0.00    0.00    0.00    0.00   98.21
07:41:39     all    1.40    0.00    0.22    0.00    0.00    0.00    0.00    0.00    0.00   98.38
07:41:40     all    1.47    0.00    0.54    0.00    0.00    0.00    0.00    0.00    0.00   97.98
07:41:41     all    1.53    0.00    0.31    0.00    0.00    0.00    0.00    0.00    0.00   98.17
07:41:42     all    1.35    0.00    0.15    0.00    0.00    0.00    0.00    0.00    0.00   98.50
07:41:43     all    1.61    0.00    0.17    0.01    0.00    0.00    0.00    0.00    0.00   98.21
07:41:44     all    1.49    0.01    0.22    0.00    0.00    0.00    0.00    0.00    0.00   98.28
07:41:45     all    1.39    0.00    0.10    0.00    0.00    0.00    0.00    0.00    0.00   98.51
07:41:46     all    1.78    0.00    0.25    0.00    0.00    0.00    0.00    0.00    0.00   97.97
07:41:47     all   11.99    0.00    3.56    0.00    0.00    0.01    0.00    0.00    0.00   84.44
07:41:48     all   36.23    0.00    1.88    0.00    0.00    0.00    0.00    0.00    0.00   61.89
07:41:49     all   43.29    0.00    2.15    0.00    0.00    0.00    0.00    0.00    0.00   54.56
07:41:50     all   48.88    0.00    2.88    0.00    0.00    0.01    0.00    0.00    0.00   48.23
Average:     all   28.80    0.00    1.43    0.00    0.00    0.00    0.00    0.00    0.00   69.77
