Linux 6.8.0-136-generic (856a17914eb3) 	08/10/26 	_x86_64_	(72 CPU)

07:23:17     CPU    %usr   %nice    %sys %iowait    %irq   %soft  %steal  %guest  %gnice   %idle
07:23:18     all   11.38    0.00    0.40    0.00    0.00    0.00    0.00    0.00    0.00   88.22
07:23:19     all    1.33    0.00    0.79    0.00    0.00    0.00    0.00    0.00    0.00   97.88
07:23:20     all    1.58    0.00    0.14    0.00    0.00    0.00    0.00    0.00    0.00   98.28
07:23:21     all    1.38    0.00    0.13    0.00    0.00    0.00    0.00    0.00    0.00   98.50
07:23:22     all    1.60    0.00    0.18    0.00    0.00    0.00    0.00    0.00    0.00   98.22
07:23:23     all    1.58    0.00    0.17    0.00    0.00    0.00    0.00    0.00    0.00   98.25
07:23:24     all    1.40    0.00    0.21    0.00    0.00    0.00    0.00    0.00    0.00   98.39
07:23:25     all    1.58    0.00    0.17    0.00    0.00    0.00    0.00    0.00    0.00   98.25
07:23:26     all    1.57    0.00    0.15    0.00    0.00    0.00    0.00    0.00    0.00   98.28
07:23:27     all    1.42    0.00    0.19    0.00    0.00    0.00    0.00    0.00    0.00   98.39
07:23:28     all    1.49    0.00    0.22    0.00    0.00    0.00    0.00    0.00    0.00   98.29
07:23:29     all    1.42    0.00    0.39    0.00    0.00    0.00    0.00    0.00    0.00   98.19
07:23:30     all    1.32    0.00    0.21    0.00    0.00    0.00    0.00    0.00    0.00   98.47
07:23:31     all    1.51    0.00    0.22    0.00    0.00    0.00    0.00    0.00    0.00   98.26
07:23:32     all    1.60    0.00    0.19    0.00    0.00    0.00    0.00    0.00    0.00   98.21
07:23:33     all    1.42    0.00    0.18    0.00    0.00    0.00    0.00    0.00    0.00   98.40
07:23:34     all    1.62    0.01    0.24    0.01    0.00    0.01    0.00    0.00    0.00   98.10
07:23:35     all    1.56    0.00    0.21    0.00    0.00    0.00    0.00    0.00    0.00   98.24
07:23:36     all    1.36    0.00    0.19    0.00    0.00    0.00    0.00    0.00    0.00   98.45
07:23:37     all    1.58    0.00    0.08    0.00    0.00    0.00    0.00    0.00    0.00   98.33
07:23:38     all   14.18    0.00    3.59    0.00    0.00    0.00    0.00    0.00    0.00   82.22
07:23:39     all   32.56    0.00    1.65    0.00    0.00    0.00    0.00    0.00    0.00   65.80
07:23:40     all   32.76    0.00    1.13    0.00    0.00    0.00    0.00    0.00    0.00   66.11
07:23:41     all   46.69    0.00    2.48    0.00    0.00    0.03    0.00    0.00    0.00   50.80
07:23:42     all   33.53    0.00    1.20    0.00    0.00    0.00    0.00    0.00    0.00   65.27
07:23:43     all   33.57    0.00    1.48    0.00    0.00    0.00    0.00    0.00    0.00   64.95
07:23:44     all   29.87    0.00    1.45    0.00    0.00    0.00    0.00    0.00    0.00   68.68
07:23:45     all   30.75    0.00    0.93    0.00    0.00    0.00    0.00    0.00    0.00   68.31
07:23:46     all   30.81    0.00    0.86    0.00    0.00    0.00    0.00    0.00    0.00   68.33
07:23:47     all   29.08    0.00    0.75    0.00    0.00    0.01    0.00    0.00    0.00   70.15
07:23:48     all   28.45    0.00    0.93    0.00    0.00    0.00    0.00    0.00    0.00   70.62
07:23:49     all   32.98    0.00    0.68    0.00    0.00    0.00    0.00    0.00    0.00   66.34
07:23:50     all   37.88    0.00    0.59    0.00    0.00    0.00    0.00    0.00    0.00   61.54
07:23:51     all   38.34    0.00    0.66    0.00    0.00    0.01    0.00    0.00    0.00   60.99
07:23:52     all   28.96    0.00    0.78    0.00    0.00    0.00    0.00    0.00    0.00   70.26
07:23:53     all   28.41    0.00    0.88    0.00    0.00    0.01    0.00    0.00    0.00   70.69
07:23:54     all   38.54    0.00    0.87    0.00    0.00    0.00    0.00    0.00    0.00   60.60
07:23:55     all   42.94    0.00    1.08    0.00    0.00    0.00    0.00    0.00    0.00   55.98
07:23:56     all   32.98    0.00    1.35    0.00    0.00    0.00    0.00    0.00    0.00   65.67
07:23:57     all   27.15    0.00    1.85    0.00    0.00    0.00    0.00    0.00    0.00   71.00
07:23:58     all   28.70    0.00    1.49    0.00    0.00    0.03    0.00    0.00    0.00   69.79
07:23:59     all   23.48    0.00    1.53    0.00    0.00    0.00    0.00    0.00    0.00   74.99
07:24:00     all   27.79    0.00    1.11    0.00    0.00    0.00    0.00    0.00    0.00   71.09
07:24:01     all   29.67    0.00    1.18    0.00    0.00    0.01    0.00    0.00    0.00   69.14
07:24:02     all   31.96    0.00    1.78    0.00    0.00    0.01    0.00    0.00    0.00   66.24
07:24:03     all   31.61    0.00    1.78    0.00    0.00    0.00    0.00    0.00    0.00   66.60
07:24:04     all   44.57    0.00    1.84    0.00    0.00    0.00    0.00    0.00    0.00   53.59
07:24:05     all   43.86    0.00    3.01    0.01    0.00    0.00    0.00    0.00    0.00   53.12
07:24:06     all   47.61    0.00    2.94    0.00    0.00    0.00    0.00    0.00    0.00   49.46
07:24:07     all   45.98    0.00    3.25    0.00    0.00    0.00    0.00    0.00    0.00   50.76
07:24:08     all   44.70    0.00    3.32    0.00    0.00    0.00    0.00    0.00    0.00   51.99
07:24:09     all   44.97    0.00    3.31    0.00    0.00    0.00    0.00    0.00    0.00   51.72
07:24:10     all   39.79    0.00    4.00    0.00    0.00    0.00    0.00    0.00    0.00   56.22
07:24:11     all   42.66    0.00    2.63    0.00    0.00    0.00    0.00    0.00    0.00   54.71
07:24:12     all   39.41    0.00    3.53    0.00    0.00    0.00    0.00    0.00    0.00   57.06
07:24:13     all   29.34    0.00    3.01    0.00    0.00    0.00    0.00    0.00    0.00   67.66
07:24:14     all   29.62    0.00    2.28    0.00    0.00    0.00    0.00    0.00    0.00   68.10
07:24:15     all   24.09    0.00    2.34    0.00    0.00    0.01    0.00    0.00    0.00   73.56
07:24:16     all   27.77    0.00    1.49    0.00    0.00    0.00    0.00    0.00    0.00   70.74
07:24:17     all   29.65    0.00    1.32    0.01    0.00    0.00    0.00    0.00    0.00   69.02
07:24:18     all   30.43    0.00    1.77    0.00    0.00    0.00    0.00    0.00    0.00   67.80
07:24:19     all   27.45    0.00    1.06    0.00    0.00    0.00    0.00    0.00    0.00   71.49
07:24:20     all   29.89    0.00    1.88    0.00    0.00    0.03    0.00    0.00    0.00   68.20
07:24:21     all   30.86    0.00    2.10    0.00    0.00    0.00    0.00    0.00    0.00   67.04
07:24:22     all   28.33    0.00    1.92    0.00    0.00    0.00    0.00    0.00    0.00   69.75
07:24:23     all   21.91    0.00    1.99    0.00    0.00    0.00    0.00    0.00    0.00   76.10
07:24:24     all   29.20    0.00    1.38    0.00    0.00    0.01    0.00    0.00    0.00   69.41
07:24:25     all   35.68    0.00    1.46    0.00    0.00    0.00    0.00    0.00    0.00   62.86
07:24:26     all   41.31    0.00    1.92    0.00    0.00    0.00    0.00    0.00    0.00   56.76
07:24:27     all   43.21    0.00    1.59    0.00    0.00    0.00    0.00    0.00    0.00   55.20
07:24:28     all   42.16    0.00    1.84    0.00    0.00    0.00    0.00    0.00    0.00   56.00
07:24:29     all   42.25    0.00    1.24    0.00    0.00    0.00    0.00    0.00    0.00   56.51
07:24:30     all   38.56    0.00    2.20    0.00    0.00    0.00    0.00    0.00    0.00   59.24
07:24:31     all   35.63    0.00    2.12    0.00    0.00    0.01    0.00    0.00    0.00   62.24
07:24:32     all   43.82    0.00    1.99    0.00    0.00    0.00    0.00    0.00    0.00   54.19
07:24:33     all   43.50    0.00    2.08    0.00    0.00    0.00    0.00    0.00    0.00   54.42
07:24:34     all   38.26    0.00    1.85    0.00    0.00    0.00    0.00    0.00    0.00   59.89
07:24:35     all   33.97    0.00    2.27    0.00    0.00    0.00    0.00    0.00    0.00   63.76
07:24:36     all   31.00    0.00    1.96    0.00    0.00    0.00    0.00    0.00    0.00   67.04
07:24:37     all   27.59    0.00    1.45    0.00    0.00    0.00    0.00    0.00    0.00   70.96
07:24:38     all   33.48    0.00    1.57    0.00    0.00    0.00    0.00    0.00    0.00   64.95
07:24:39     all   24.68    0.00    1.52    0.00    0.00    0.00    0.00    0.00    0.00   73.80
07:24:40     all    8.87    0.00    0.88    0.00    0.00    0.00    0.00    0.00    0.00   90.26
07:24:41     all    4.39    0.00    0.93    0.00    0.00    0.00    0.00    0.00    0.00   94.68
07:24:42     all    3.10    0.00    0.53    0.00    0.00    0.00    0.00    0.00    0.00   96.37
07:24:43     all    1.61    0.00    0.33    0.00    0.00    0.00    0.00    0.00    0.00   98.06
07:24:44     all    1.36    0.00    0.28    0.00    0.00    0.00    0.00    0.00    0.00   98.36
07:24:45     all    1.17    0.00    0.40    0.00    0.00    0.00    0.00    0.00    0.00   98.43
07:24:46     all    1.46    0.00    0.49    0.00    0.00    0.00    0.00    0.00    0.00   98.05
07:24:47     all    1.35    0.00    0.28    0.00    0.00    0.00    0.00    0.00    0.00   98.37
07:24:48     all    1.32    0.00    0.22    0.00    0.00    0.00    0.00    0.00    0.00   98.46
07:24:49     all    1.51    0.00    0.25    0.00    0.00    0.00    0.00    0.00    0.00   98.24
07:24:50     all    1.43    0.00    0.36    0.00    0.00    0.00    0.00    0.00    0.00   98.21
07:24:51     all    1.36    0.00    0.31    0.00    0.00    0.00    0.00    0.00    0.00   98.33
07:24:52     all    1.56    0.00    0.56    0.00    0.00    0.00    0.00    0.00    0.00   97.89
07:24:53     all    1.51    0.00    0.35    0.00    0.00    0.00    0.00    0.00    0.00   98.14
07:24:54     all    1.25    0.00    0.32    0.00    0.00    0.00    0.00    0.00    0.00   98.43
07:24:55     all    1.45    0.00    0.28    0.01    0.00    0.00    0.00    0.00    0.00   98.26
07:24:56     all    1.38    0.00    0.38    0.00    0.00    0.00    0.00    0.00    0.00   98.25
07:24:57     all    1.14    0.00    0.40    0.00    0.00    0.00    0.00    0.00    0.00   98.46
Average:     all   21.86    0.00    1.24    0.00    0.00    0.00    0.00    0.00    0.00   76.90
