Linux 6.8.0-136-generic (856a17914eb3) 	08/10/26 	_x86_64_	(72 CPU)

11:12:13     CPU    %usr   %nice    %sys %iowait    %irq   %soft  %steal  %guest  %gnice   %idle
11:12:14     all    6.78    0.00    0.47    0.00    0.00    0.00    0.00    0.00    0.00   92.74
11:12:15     all    1.22    0.00    0.79    0.00    0.00    0.00    0.00    0.00    0.00   97.98
11:12:16     all    1.64    0.00    0.28    0.00    0.00    0.00    0.00    0.00    0.00   98.08
11:12:17     all    1.40    0.00    0.22    0.00    0.00    0.00    0.00    0.00    0.00   98.37
11:12:18     all    1.63    0.00    0.26    0.00    0.00    0.00    0.00    0.00    0.00   98.11
11:12:19     all    1.57    0.00    0.25    0.00    0.00    0.00    0.00    0.00    0.00   98.18
11:12:20     all    1.36    0.00    0.17    0.00    0.00    0.00    0.00    0.00    0.00   98.47
11:12:21     all    1.83    0.00    0.33    0.00    0.00    0.01    0.00    0.00    0.00   97.82
11:12:22     all    1.74    0.00    0.53    0.00    0.00    0.00    0.00    0.00    0.00   97.74
11:12:23     all    1.54    0.00    0.29    0.00    0.00    0.01    0.00    0.00    0.00   98.15
11:12:24     all    2.06    0.00    0.33    0.00    0.00    0.00    0.00    0.00    0.00   97.61
11:12:25     all    1.57    0.00    0.21    0.00    0.00    0.00    0.00    0.00    0.00   98.22
11:12:26     all    1.42    0.00    0.25    0.00    0.00    0.00    0.00    0.00    0.00   98.33
11:12:27     all    1.58    0.00    0.22    0.00    0.00    0.00    0.00    0.00    0.00   98.19
11:12:28     all    1.58    0.00    0.21    0.00    0.00    0.00    0.00    0.00    0.00   98.21
11:12:29     all    1.08    0.00    0.49    0.00    0.00    0.00    0.00    0.00    0.00   98.43
11:12:30     all    1.61    0.00    0.28    0.00    0.00    0.00    0.00    0.00    0.00   98.11
11:12:31     all    1.88    0.00    0.32    0.00    0.00    0.00    0.00    0.00    0.00   97.80
11:12:32     all    1.40    0.00    0.18    0.00    0.00    0.00    0.00    0.00    0.00   98.42
11:12:33     all    1.69    0.00    0.28    0.00    0.00    0.00    0.00    0.00    0.00   98.03
11:12:34     all    1.57    0.00    0.22    0.00    0.00    0.00    0.00    0.00    0.00   98.21
11:12:35     all    1.39    0.00    0.24    0.00    0.00    0.00    0.00    0.00    0.00   98.38
11:12:36     all    1.54    0.00    0.19    0.00    0.00    0.00    0.00    0.00    0.00   98.26
11:12:37     all    1.72    0.01    0.28    0.00    0.00    0.00    0.00    0.00    0.00   97.99
11:12:38     all    1.49    0.00    0.38    0.00    0.00    0.00    0.00    0.00    0.00   98.14
11:12:39     all    1.54    0.00    0.21    0.00    0.00    0.00    0.00    0.00    0.00   98.25
11:12:40     all    1.58    0.00    0.18    0.00    0.00    0.00    0.00    0.00    0.00   98.24
11:12:41     all    1.38    0.00    0.21    0.00    0.00    0.00    0.00    0.00    0.00   98.42
11:12:42     all    5.74    0.00    2.10    0.00    0.00    0.00    0.00    0.00    0.00   92.16
11:12:43     all   30.94    0.00    1.61    0.00    0.00    0.01    0.00    0.00    0.00   67.44
11:12:44     all   35.88    0.00    1.21    0.00    0.00    0.01    0.00    0.00    0.00   62.89
11:12:45     all   47.10    0.00    2.95    0.00    0.00    0.01    0.00    0.00    0.00   49.94
11:12:46     all   46.31    0.00    2.41    0.00    0.00    0.00    0.00    0.00    0.00   51.28
11:12:47     all   39.37    0.00    2.42    0.00    0.00    0.00    0.00    0.00    0.00   58.21
11:12:48     all   38.24    0.00    1.12    0.00    0.00    0.00    0.00    0.00    0.00   60.64
11:12:49     all   37.77    0.00    0.95    0.00    0.00    0.00    0.00    0.00    0.00   61.28
11:12:50     all   34.07    0.00    1.00    0.00    0.00    0.00    0.00    0.00    0.00   64.93
11:12:51     all   41.29    0.00    0.63    0.00    0.00    0.01    0.00    0.00    0.00   58.07
11:12:52     all   44.96    0.00    0.99    0.00    0.00    0.00    0.00    0.00    0.00   54.05
11:12:53     all   28.95    0.00    0.85    0.00    0.00    0.00    0.00    0.00    0.00   70.19
11:12:54     all   24.61    0.00    1.03    0.00    0.00    0.00    0.00    0.00    0.00   74.36
11:12:55     all   41.38    0.00    1.07    0.00    0.00    0.00    0.00    0.00    0.00   57.55
11:12:56     all   46.96    0.00    1.95    0.00    0.00    0.01    0.00    0.00    0.00   51.08
11:12:57     all   40.08    0.00    2.31    0.00    0.00    0.01    0.00    0.00    0.00   57.59
11:12:58     all   26.35    0.00    1.22    0.00    0.00    0.00    0.00    0.00    0.00   72.43
11:12:59     all   30.01    0.00    1.39    0.00    0.00    0.00    0.00    0.00    0.00   68.60
11:13:00     all   32.18    0.00    1.48    0.00    0.00    0.00    0.00    0.00    0.00   66.34
11:13:01     all   41.25    0.00    2.62    0.00    0.00    0.00    0.00    0.00    0.00   56.12
11:13:02     all   39.84    0.00    2.19    0.00    0.00    0.00    0.00    0.00    0.00   57.98
11:13:03     all   44.79    0.00    2.89    0.00    0.00    0.03    0.00    0.00    0.00   52.29
11:13:04     all   46.82    0.00    3.06    0.00    0.00    0.00    0.00    0.00    0.00   50.12
11:13:05     all   46.52    0.00    3.38    0.00    0.00    0.00    0.00    0.00    0.00   50.10
11:13:06     all   46.70    0.00    3.45    0.00    0.00    0.01    0.00    0.00    0.00   49.84
11:13:07     all   46.44    0.00    3.41    0.00    0.00    0.01    0.00    0.00    0.00   50.15
11:13:08     all   47.16    0.00    2.82    0.00    0.00    0.01    0.00    0.00    0.00   50.01
11:13:09     all   47.62    0.00    3.20    0.00    0.00    0.01    0.00    0.00    0.00   49.16
11:13:10     all   47.98    0.00    3.22    0.00    0.00    0.00    0.00    0.00    0.00   48.79
11:13:11     all   46.40    0.00    3.60    0.00    0.00    0.00    0.00    0.00    0.00   50.00
11:13:12     all   46.39    0.00    3.34    0.00    0.00    0.01    0.00    0.00    0.00   50.25
11:13:13     all   43.78    0.00    3.60    0.00    0.00    0.00    0.00    0.00    0.00   52.62
11:13:14     all   40.23    0.00    3.27    0.00    0.00    0.00    0.00    0.00    0.00   56.49
11:13:15     all   44.27    0.00    2.71    0.00    0.00    0.00    0.00    0.00    0.00   53.01
11:13:16     all   35.08    0.00    1.71    0.00    0.00    0.00    0.00    0.00    0.00   63.22
11:13:17     all   31.69    0.00    1.80    0.00    0.00    0.00    0.00    0.00    0.00   66.52
11:13:18     all   37.26    0.00    1.82    0.00    0.00    0.03    0.00    0.00    0.00   60.89
11:13:19     all   41.41    0.03    2.32    0.00    0.00    0.00    0.00    0.00    0.00   56.24
11:13:20     all   42.01    0.00    1.45    0.00    0.00    0.00    0.00    0.00    0.00   56.54
11:13:21     all   35.83    0.00    1.75    0.00    0.00    0.00    0.00    0.00    0.00   62.41
11:13:22     all   39.00    0.00    2.02    0.00    0.00    0.00    0.00    0.00    0.00   58.98
11:13:23     all   44.97    0.00    1.97    0.00    0.00    0.00    0.00    0.00    0.00   53.06
11:13:24     all   43.96    0.00    2.52    0.00    0.00    0.00    0.00    0.00    0.00   53.52
11:13:25     all   47.51    0.00    2.15    0.00    0.00    0.00    0.00    0.00    0.00   50.34
11:13:26     all   47.98    0.00    2.15    0.00    0.00    0.01    0.00    0.00    0.00   49.86
11:13:27     all   43.71    0.00    3.04    0.00    0.00    0.00    0.00    0.00    0.00   53.26
11:13:28     all   46.53    0.00    2.79    0.00    0.00    0.01    0.00    0.00    0.00   50.66
11:13:29     all   47.77    0.00    1.93    0.00    0.00    0.00    0.00    0.00    0.00   50.31
11:13:30     all   47.17    0.00    2.34    0.00    0.00    0.00    0.00    0.00    0.00   50.49
11:13:31     all   39.26    0.00    2.01    0.00    0.00    0.00    0.00    0.00    0.00   58.73
11:13:32     all   39.90    0.01    2.07    0.00    0.00    0.01    0.00    0.00    0.00   58.00
11:13:33     all   42.33    0.00    1.88    0.00    0.00    0.01    0.00    0.00    0.00   55.78
11:13:34     all   45.40    0.00    2.86    0.00    0.00    0.00    0.00    0.00    0.00   51.75
11:13:35     all   44.79    0.00    2.64    0.00    0.00    0.01    0.00    0.00    0.00   52.56
11:13:36     all   40.74    0.00    1.74    0.00    0.00    0.00    0.00    0.00    0.00   57.52
11:13:37     all   38.92    0.00    1.93    0.00    0.00    0.00    0.00    0.00    0.00   59.14
11:13:38     all   42.70    0.00    2.16    0.00    0.00    0.00    0.00    0.00    0.00   55.13
11:13:39     all   46.18    0.00    3.32    0.00    0.00    0.00    0.00    0.00    0.00   50.49
11:13:40     all   46.28    0.00    3.16    0.00    0.00    0.00    0.00    0.00    0.00   50.56
11:13:41     all   45.16    0.00    3.30    0.00    0.00    0.00    0.00    0.00    0.00   51.54
11:13:42     all   46.29    0.00    2.89    0.00    0.00    0.03    0.00    0.00    0.00   50.79
11:13:43     all   42.99    0.00    2.81    0.01    0.00    0.00    0.00    0.00    0.00   54.19
11:13:44     all   44.70    0.00    2.65    0.00    0.00    0.01    0.00    0.00    0.00   52.64
11:13:45     all   44.39    0.00    3.60    0.00    0.00    0.00    0.00    0.00    0.00   52.02
11:13:46     all   46.30    0.00    3.38    0.00    0.00    0.01    0.00    0.00    0.00   50.31
11:13:47     all   46.43    0.00    3.40    0.00    0.00    0.00    0.00    0.00    0.00   50.17
11:13:48     all   46.54    0.00    2.39    0.00    0.00    0.00    0.00    0.00    0.00   51.06
11:13:49     all   46.16    0.00    3.30    0.00    0.00    0.00    0.00    0.00    0.00   50.54
11:13:50     all   46.88    0.00    3.03    0.00    0.00    0.01    0.00    0.00    0.00   50.08
11:13:51     all   46.98    0.00    2.89    0.00    0.00    0.00    0.00    0.00    0.00   50.13
11:13:52     all   45.70    0.00    3.38    0.00    0.00    0.01    0.00    0.00    0.00   50.90
11:13:53     all   45.95    0.00    2.32    0.00    0.00    0.01    0.00    0.00    0.00   51.72
11:13:54     all   45.31    0.00    3.25    0.00    0.00    0.00    0.00    0.00    0.00   51.44
11:13:55     all   47.34    0.00    3.28    0.00    0.00    0.01    0.00    0.00    0.00   49.37
11:13:56     all   47.66    0.00    2.87    0.00    0.00    0.00    0.00    0.00    0.00   49.48
11:13:57     all   45.37    0.00    3.37    0.00    0.00    0.01    0.00    0.00    0.00   51.25
11:13:58     all   44.52    0.00    3.61    0.00    0.00    0.00    0.00    0.00    0.00   51.87
11:13:59     all   45.78    0.00    3.76    0.00    0.00    0.00    0.00    0.00    0.00   50.46
11:14:00     all   44.76    0.00    3.92    0.00    0.00    0.00    0.00    0.00    0.00   51.31
11:14:01     all   43.88    0.00    3.87    0.00    0.00    0.00    0.00    0.00    0.00   52.25
11:14:02     all   46.14    0.00    3.27    0.00    0.00    0.00    0.00    0.00    0.00   50.59
11:14:03     all   47.01    0.00    3.33    0.00    0.00    0.01    0.00    0.00    0.00   49.64
11:14:04     all   46.39    0.01    3.92    0.00    0.00    0.00    0.00    0.00    0.00   49.67
11:14:05     all   46.24    0.00    3.75    0.00    0.00    0.00    0.00    0.00    0.00   50.01
11:14:06     all   45.67    0.00    4.20    0.00    0.00    0.00    0.00    0.00    0.00   50.13
11:14:07     all   46.29    0.00    3.48    0.00    0.00    0.01    0.00    0.00    0.00   50.22
11:14:08     all   45.89    0.00    3.81    0.00    0.00    0.00    0.00    0.00    0.00   50.30
11:14:09     all   46.08    0.00    3.86    0.00    0.00    0.00    0.00    0.00    0.00   50.06
11:14:10     all   46.27    0.00    3.67    0.00    0.00    0.00    0.00    0.00    0.00   50.06
11:14:11     all   45.86    0.00    4.12    0.00    0.00    0.00    0.00    0.00    0.00   50.01
11:14:12     all   46.75    0.00    3.26    0.00    0.00    0.01    0.00    0.00    0.00   49.98
11:14:13     all   46.28    0.00    3.93    0.00    0.00    0.00    0.00    0.00    0.00   49.79
11:14:14     all   46.53    0.00    3.22    0.00    0.00    0.00    0.00    0.00    0.00   50.25
11:14:15     all   45.72    0.00    4.08    0.00    0.00    0.00    0.00    0.00    0.00   50.20
11:14:16     all   41.74    0.00    3.09    0.00    0.00    0.01    0.00    0.00    0.00   55.16
11:14:17     all   46.00    0.00    4.14    0.00    0.00    0.01    0.00    0.00    0.00   49.85
11:14:18     all   46.80    0.00    3.41    0.00    0.00    0.00    0.00    0.00    0.00   49.79
11:14:19     all   46.80    0.00    4.18    0.00    0.00    0.00    0.00    0.00    0.00   49.02
11:14:20     all   46.66    0.01    3.70    0.00    0.00    0.00    0.00    0.00    0.00   49.62
11:14:21     all   46.81    0.00    2.95    0.00    0.00    0.00    0.00    0.00    0.00   50.24
11:14:22     all   47.09    0.00    2.60    0.00    0.00    0.01    0.00    0.00    0.00   50.29
11:14:23     all   47.38    0.00    2.89    0.00    0.00    0.00    0.00    0.00    0.00   49.74
11:14:24     all   46.51    0.00    3.23    0.00    0.00    0.00    0.00    0.00    0.00   50.26
11:14:25     all   47.02    0.00    3.49    0.00    0.00    0.01    0.00    0.00    0.00   49.47
11:14:26     all   46.27    0.00    3.22    0.00    0.00    0.00    0.00    0.00    0.00   50.52
11:14:27     all   43.98    0.00    3.45    0.00    0.00    0.00    0.00    0.00    0.00   52.57
11:14:28     all   46.27    0.00    3.55    0.00    0.00    0.00    0.00    0.00    0.00   50.19
11:14:29     all   47.30    0.00    2.85    0.00    0.00    0.01    0.00    0.00    0.00   49.84
11:14:30     all   47.03    0.00    2.14    0.00    0.00    0.00    0.00    0.00    0.00   50.83
11:14:31     all   46.23    0.00    2.63    0.00    0.00    0.00    0.00    0.00    0.00   51.15
11:14:32     all   46.39    0.00    2.98    0.00    0.00    0.01    0.00    0.00    0.00   50.62
11:14:33     all   46.36    0.00    3.50    0.00    0.00    0.00    0.00    0.00    0.00   50.15
11:14:34     all   47.07    0.00    3.09    0.00    0.00    0.00    0.00    0.00    0.00   49.84
11:14:35     all   44.92    0.00    3.77    0.00    0.00    0.00    0.00    0.00    0.00   51.31
11:14:36     all   45.92    0.00    4.01    0.00    0.00    0.00    0.00    0.00    0.00   50.08
11:14:37     all   46.81    0.01    3.38    0.00    0.00    0.01    0.00    0.00    0.00   49.78
11:14:38     all   39.11    0.00    2.97    0.00    0.00    0.00    0.00    0.00    0.00   57.92
11:14:39     all   45.00    0.00    3.88    0.00    0.00    0.00    0.00    0.00    0.00   51.12
11:14:40     all   46.45    0.00    3.09    0.00    0.00    0.01    0.00    0.00    0.00   50.45
11:14:41     all   47.50    0.00    3.28    0.00    0.00    0.01    0.00    0.00    0.00   49.20
11:14:42     all   47.18    0.00    3.58    0.00    0.00    0.00    0.00    0.00    0.00   49.25
11:14:43     all   45.69    0.00    3.10    0.00    0.00    0.00    0.00    0.00    0.00   51.20
11:14:44     all   46.37    0.00    3.29    0.00    0.00    0.00    0.00    0.00    0.00   50.33
11:14:45     all   46.99    0.00    3.14    0.00    0.00    0.00    0.00    0.00    0.00   49.87
11:14:46     all   43.60    0.00    3.16    0.00    0.00    0.01    0.00    0.00    0.00   53.23
11:14:47     all   46.27    0.00    3.42    0.00    0.00    0.00    0.00    0.00    0.00   50.31
11:14:48     all   46.40    0.00    3.14    0.00    0.00    0.00    0.00    0.00    0.00   50.46
11:14:49     all   47.22    0.00    2.62    0.01    0.00    0.00    0.00    0.00    0.00   50.14
11:14:50     all   46.15    0.00    2.57    0.00    0.00    0.00    0.00    0.00    0.00   51.28
11:14:51     all   46.88    0.00    3.37    0.00    0.00    0.00    0.00    0.00    0.00   49.75
11:14:52     all   45.98    0.00    3.23    0.00    0.00    0.01    0.00    0.00    0.00   50.78
11:14:53     all   46.93    0.00    3.19    0.00    0.00    0.00    0.00    0.00    0.00   49.88
11:14:54     all   47.01    0.00    3.11    0.00    0.00    0.00    0.00    0.00    0.00   49.88
11:14:55     all   45.80    0.00    3.91    0.00    0.00    0.00    0.00    0.00    0.00   50.29
11:14:56     all   46.20    0.00    3.48    0.00    0.00    0.01    0.00    0.00    0.00   50.31
11:14:57     all   45.78    0.00    3.81    0.00    0.00    0.00    0.00    0.00    0.00   50.40
11:14:58     all   46.87    0.00    3.06    0.00    0.00    0.00    0.00    0.00    0.00   50.06
11:14:59     all   46.06    0.00    3.33    0.00    0.00    0.00    0.00    0.00    0.00   50.60
11:15:00     all   46.19    0.00    3.91    0.00    0.00    0.01    0.00    0.00    0.00   49.89
11:15:01     all   47.67    0.00    3.59    0.00    0.00    0.00    0.00    0.00    0.00   48.74
11:15:02     all   48.05    0.00    5.65    0.00    0.00    0.01    0.00    0.00    0.00   46.28
11:15:03     all   48.02    0.00    5.97    0.01    0.00    0.00    0.00    0.00    0.00   46.00
11:15:04     all   49.34    0.00    4.99    0.00    0.00    0.01    0.00    0.00    0.00   45.66
11:15:05     all   49.04    0.00    5.11    0.00    0.00    0.01    0.00    0.00    0.00   45.83
11:15:06     all   47.94    0.00    4.62    0.00    0.00    0.00    0.00    0.00    0.00   47.44
11:15:07     all   46.40    0.00    4.34    0.00    0.00    0.00    0.00    0.00    0.00   49.26
11:15:08     all   45.49    0.00    4.11    0.00    0.00    0.00    0.00    0.00    0.00   50.40
11:15:09     all   45.31    0.00    4.17    0.01    0.00    0.00    0.00    0.00    0.00   50.50
11:15:10     all   45.17    0.00    4.59    0.07    0.00    0.00    0.00    0.00    0.00   50.17
11:15:11     all   46.22    0.00    3.62    0.00    0.00    0.03    0.00    0.00    0.00   50.13
11:15:12     all   46.92    0.00    2.84    0.00    0.00    0.00    0.00    0.00    0.00   50.24
11:15:13     all   40.30    0.00    3.67    0.00    0.00    0.00    0.00    0.00    0.00   56.03
11:15:14     all   44.39    0.00    3.18    0.00    0.00    0.00    0.00    0.00    0.00   52.43
11:15:15     all   45.91    0.01    3.48    0.10    0.00    0.00    0.00    0.00    0.00   50.50
11:15:16     all   45.76    0.00    4.15    0.00    0.00    0.00    0.00    0.00    0.00   50.09
11:15:17     all   44.79    0.00    5.33    0.00    0.00    0.00    0.00    0.00    0.00   49.88
11:15:18     all   43.93    0.00    4.87    0.00    0.00    0.01    0.00    0.00    0.00   51.19
11:15:19     all   43.71    0.01    5.04    0.00    0.00    0.00    0.00    0.00    0.00   51.24
11:15:20     all   43.78    0.00    4.57    0.00    0.00    0.00    0.00    0.00    0.00   51.65
11:15:21     all   43.42    0.00    4.55    0.07    0.00    0.00    0.00    0.00    0.00   51.96
11:15:22     all   44.29    0.00    4.87    0.00    0.00    0.00    0.00    0.00    0.00   50.84
11:15:23     all   45.30    0.01    4.36    0.00    0.00    0.00    0.00    0.00    0.00   50.32
11:15:24     all   44.17    0.00    4.45    0.00    0.00    0.00    0.00    0.00    0.00   51.38
11:15:25     all   43.68    0.00    4.25    0.00    0.00    0.00    0.00    0.00    0.00   52.07
11:15:26     all   43.80    0.00    4.83    0.00    0.00    0.01    0.00    0.00    0.00   51.36
11:15:27     all   43.43    0.00    5.12    0.00    0.00    0.00    0.00    0.00    0.00   51.45
11:15:28     all   46.05    0.00    4.16    0.00    0.00    0.00    0.00    0.00    0.00   49.79
11:15:29     all   45.73    0.00    3.60    0.00    0.00    0.00    0.00    0.00    0.00   50.67
11:15:30     all   45.84    0.00    3.89    0.00    0.00    0.00    0.00    0.00    0.00   50.27
11:15:31     all   45.77    0.00    4.02    0.00    0.00    0.00    0.00    0.00    0.00   50.21
11:15:32     all   45.87    0.00    3.69    0.00    0.00    0.01    0.00    0.00    0.00   50.42
11:15:33     all   46.28    0.00    3.88    0.00    0.00    0.00    0.00    0.00    0.00   49.84
11:15:34     all   44.59    0.00    4.24    0.00    0.00    0.01    0.00    0.00    0.00   51.15
11:15:35     all   44.54    0.00    4.44    0.00    0.00    0.01    0.00    0.00    0.00   51.01
11:15:36     all   45.51    0.00    4.11    0.00    0.00    0.00    0.00    0.00    0.00   50.38
11:15:37     all   45.09    0.00    4.11    0.00    0.00    0.00    0.00    0.00    0.00   50.79
11:15:38     all   45.18    0.00    3.93    0.00    0.00    0.00    0.00    0.00    0.00   50.89
11:15:39     all   45.21    0.00    3.73    0.00    0.00    0.00    0.00    0.00    0.00   51.06
11:15:40     all   45.28    0.00    3.60    0.00    0.00    0.01    0.00    0.00    0.00   51.11
11:15:41     all   45.02    0.00    4.23    0.00    0.00    0.01    0.00    0.00    0.00   50.73
11:15:42     all   44.30    0.00    4.05    0.00    0.00    0.00    0.00    0.00    0.00   51.65
11:15:43     all   41.95    0.00    3.86    0.00    0.00    0.00    0.00    0.00    0.00   54.18
11:15:44     all   24.82    0.00    3.13    0.00    0.00    0.00    0.00    0.00    0.00   72.05
11:15:45     all   12.91    0.00    2.42    0.00    0.00    0.00    0.00    0.00    0.00   84.67
11:15:46     all   11.38    0.00    2.36    0.00    0.00    0.00    0.00    0.00    0.00   86.26
11:15:47     all   11.76    0.00    2.14    0.00    0.00    0.00    0.00    0.00    0.00   86.10
11:15:48     all   11.08    0.00    2.04    0.00    0.00    0.00    0.00    0.00    0.00   86.88
11:15:49     all   10.09    0.00    1.83    0.00    0.00    0.00    0.00    0.00    0.00   88.08
11:15:50     all    9.66    0.00    1.95    0.00    0.00    0.00    0.00    0.00    0.00   88.39
11:15:51     all   10.18    0.00    2.17    0.00    0.00    0.01    0.00    0.00    0.00   87.64
11:15:52     all    9.19    0.00    1.57    0.00    0.00    0.00    0.00    0.00    0.00   89.24
11:15:53     all    8.45    0.00    1.63    0.00    0.00    0.00    0.00    0.00    0.00   89.92
Average:     all   37.29    0.00    2.78    0.00    0.00    0.00    0.00    0.00    0.00   59.93
