Linux 6.8.0-136-generic (856a17914eb3) 	08/10/26 	_x86_64_	(72 CPU)

07:50:36     CPU    %usr   %nice    %sys %iowait    %irq   %soft  %steal  %guest  %gnice   %idle
07:50:37     all   11.63    0.00    0.33    0.00    0.00    0.00    0.00    0.00    0.00   88.03
07:50:38     all    0.92    0.00    0.78    0.00    0.00    0.00    0.00    0.00    0.00   98.30
07:50:39     all    1.70    0.00    0.26    0.00    0.00    0.00    0.00    0.00    0.00   98.04
07:50:40     all    1.97    0.00    0.24    0.00    0.00    0.00    0.00    0.00    0.00   97.79
07:50:41     all    1.32    0.00    0.21    0.00    0.00    0.00    0.00    0.00    0.00   98.47
07:50:42     all    1.70    0.00    0.26    0.00    0.00    0.00    0.00    0.00    0.00   98.04
07:50:43     all    1.63    0.00    0.22    0.00    0.00    0.00    0.00    0.00    0.00   98.15
07:50:44     all    1.58    0.03    0.40    0.00    0.00    0.00    0.00    0.00    0.00   97.99
07:50:45     all    1.22    0.00    0.50    0.00    0.00    0.00    0.00    0.00    0.00   98.28
07:50:46     all    1.58    0.00    0.14    0.00    0.00    0.00    0.00    0.00    0.00   98.28
07:50:47     all    1.47    0.00    0.21    0.00    0.00    0.00    0.00    0.00    0.00   98.32
07:50:48     all    1.46    0.01    0.11    0.00    0.00    0.00    0.00    0.00    0.00   98.42
07:50:49     all    1.60    0.00    0.21    0.01    0.00    0.00    0.00    0.00    0.00   98.18
07:50:50     all    1.65    0.00    0.42    0.00    0.00    0.00    0.00    0.00    0.00   97.93
07:50:51     all    2.34    0.00    0.89    0.00    0.00    0.00    0.00    0.00    0.00   96.77
07:50:52     all   19.33    0.00    2.63    0.00    0.00    0.00    0.00    0.00    0.00   78.03
07:50:53     all   29.01    0.00    1.35    0.00    0.00    0.00    0.00    0.00    0.00   69.63
07:50:54     all   36.84    0.00    1.59    0.00    0.00    0.00    0.00    0.00    0.00   61.57
07:50:55     all   40.16    0.00    2.46    0.00    0.00    0.00    0.00    0.00    0.00   57.38
07:50:56     all   34.96    0.00    1.74    0.00    0.00    0.00    0.00    0.00    0.00   63.30
07:50:57     all   34.92    0.00    1.28    0.00    0.00    0.00    0.00    0.00    0.00   63.80
07:50:58     all   32.58    0.00    1.06    0.00    0.00    0.00    0.00    0.00    0.00   66.36
07:50:59     all   31.99    0.00    0.65    0.00    0.00    0.00    0.00    0.00    0.00   67.36
07:51:00     all   30.33    0.00    0.67    0.00    0.00    0.01    0.00    0.00    0.00   68.99
07:51:01     all   28.56    0.00    0.47    0.00    0.00    0.00    0.00    0.00    0.00   70.97
07:51:02     all   31.95    0.00    0.46    0.00    0.00    0.00    0.00    0.00    0.00   67.59
07:51:03     all   37.78    0.00    0.47    0.00    0.00    0.01    0.00    0.00    0.00   61.74
07:51:04     all   39.15    0.00    0.50    0.00    0.00    0.00    0.00    0.00    0.00   60.35
07:51:05     all   29.26    0.00    0.74    0.00    0.00    0.00    0.00    0.00    0.00   70.00
07:51:06     all   27.90    0.00    0.75    0.00    0.00    0.00    0.00    0.00    0.00   71.35
07:51:07     all   42.82    0.00    0.70    0.00    0.00    0.00    0.00    0.00    0.00   56.49
07:51:08     all   40.50    0.03    1.38    0.00    0.00    0.00    0.00    0.00    0.00   58.10
07:51:09     all   29.65    0.00    1.70    0.00    0.00    0.00    0.00    0.00    0.00   68.65
07:51:10     all   28.59    0.00    1.78    0.00    0.00    0.00    0.00    0.00    0.00   69.62
07:51:11     all   21.59    0.00    1.27    0.00    0.00    0.00    0.00    0.00    0.00   77.14
07:51:12     all   22.63    0.00    0.65    0.00    0.00    0.01    0.00    0.00    0.00   76.70
07:51:13     all   28.79    0.00    0.96    0.00    0.00    0.00    0.00    0.00    0.00   70.25
07:51:14     all   31.90    0.00    2.13    0.00    0.00    0.00    0.00    0.00    0.00   65.97
07:51:15     all   32.67    0.00    1.67    0.00    0.00    0.01    0.00    0.00    0.00   65.64
07:51:16     all   35.10    0.00    2.06    0.00    0.00    0.00    0.00    0.00    0.00   62.84
07:51:17     all   35.77    0.00    1.88    0.00    0.00    0.00    0.00    0.00    0.00   62.35
07:51:18     all   45.63    0.00    2.56    0.00    0.00    0.00    0.00    0.00    0.00   51.81
07:51:19     all   44.52    0.00    4.05    0.00    0.00    0.00    0.00    0.00    0.00   51.43
07:51:20     all   43.80    0.00    3.13    0.00    0.00    0.00    0.00    0.00    0.00   53.07
07:51:21     all   44.93    0.00    3.88    0.00    0.00    0.01    0.00    0.00    0.00   51.17
07:51:22     all   36.31    0.00    3.29    0.00    0.00    0.01    0.00    0.00    0.00   60.38
07:51:23     all   40.31    0.00    2.24    0.00    0.00    0.00    0.00    0.00    0.00   57.44
07:51:24     all   28.81    0.00    2.41    0.00    0.00    0.00    0.00    0.00    0.00   68.78
07:51:25     all   29.30    0.00    1.96    0.00    0.00    0.00    0.00    0.00    0.00   68.74
07:51:26     all   26.34    0.00    1.74    0.00    0.00    0.00    0.00    0.00    0.00   71.92
07:51:27     all   31.88    0.00    1.77    0.00    0.00    0.00    0.00    0.00    0.00   66.35
07:51:28     all   23.31    0.00    1.75    0.00    0.00    0.00    0.00    0.00    0.00   74.94
07:51:29     all   26.86    0.00    1.84    0.00    0.00    0.00    0.00    0.00    0.00   71.31
07:51:30     all   25.06    0.00    1.50    0.00    0.00    0.00    0.00    0.00    0.00   73.44
07:51:31     all   23.21    0.00    0.82    0.00    0.00    0.00    0.00    0.00    0.00   75.96
07:51:32     all   32.96    0.00    2.25    0.00    0.00    0.00    0.00    0.00    0.00   64.79
07:51:33     all   23.76    0.00    1.43    0.00    0.00    0.00    0.00    0.00    0.00   74.80
07:51:34     all   27.01    0.00    2.09    0.00    0.00    0.00    0.00    0.00    0.00   70.90
07:51:35     all   26.99    0.00    1.56    0.00    0.00    0.00    0.00    0.00    0.00   71.45
07:51:36     all   24.02    0.00    1.63    0.00    0.00    0.00    0.00    0.00    0.00   74.35
07:51:37     all   34.82    0.00    0.77    0.00    0.00    0.00    0.00    0.00    0.00   64.41
07:51:38     all   37.44    0.00    1.14    0.00    0.00    0.00    0.00    0.00    0.00   61.42
07:51:39     all   44.88    0.00    1.88    0.00    0.00    0.00    0.00    0.00    0.00   53.24
07:51:40     all   46.25    0.00    1.76    0.00    0.00    0.00    0.00    0.00    0.00   51.99
07:51:41     all   40.28    0.00    1.80    0.00    0.00    0.00    0.00    0.00    0.00   57.93
07:51:42     all   40.09    0.00    1.63    0.00    0.00    0.01    0.00    0.00    0.00   58.27
07:51:43     all   42.72    0.00    1.91    0.00    0.00    0.00    0.00    0.00    0.00   55.37
07:51:44     all   41.07    0.00    1.98    0.00    0.00    0.00    0.00    0.00    0.00   56.95
07:51:45     all   36.70    0.00    2.63    0.00    0.00    0.00    0.00    0.00    0.00   60.67
07:51:46     all   37.97    0.00    1.60    0.00    0.00    0.00    0.00    0.00    0.00   60.43
07:51:47     all   30.38    0.00    1.99    0.00    0.00    0.00    0.00    0.00    0.00   67.63
07:51:48     all   28.87    0.00    1.85    0.00    0.00    0.01    0.00    0.00    0.00   69.27
07:51:49     all   29.17    0.00    1.13    0.00    0.00    0.01    0.00    0.00    0.00   69.68
07:51:50     all   27.59    0.00    1.70    0.00    0.00    0.00    0.00    0.00    0.00   70.71
07:51:51     all   30.12    0.00    1.74    0.00    0.00    0.00    0.00    0.00    0.00   68.14
07:51:52     all   31.70    0.00    1.80    0.00    0.00    0.00    0.00    0.00    0.00   66.50
07:51:53     all   13.08    0.00    1.29    0.00    0.00    0.00    0.00    0.00    0.00   85.63
07:51:54     all    2.08    0.00    0.36    0.00    0.00    0.00    0.00    0.00    0.00   97.55
07:51:55     all    1.42    0.00    0.31    0.00    0.00    0.01    0.00    0.00    0.00   98.26
07:51:56     all    1.24    0.00    0.38    0.00    0.00    0.00    0.00    0.00    0.00   98.39
07:51:57     all    1.33    0.00    0.42    0.00    0.00    0.00    0.00    0.00    0.00   98.25
07:51:58     all    1.53    0.00    0.28    0.00    0.00    0.00    0.00    0.00    0.00   98.19
07:51:59     all    1.18    0.00    0.35    0.00    0.00    0.00    0.00    0.00    0.00   98.47
07:52:00     all    1.51    0.00    0.28    0.00    0.00    0.00    0.00    0.00    0.00   98.21
07:52:01     all    1.51    0.00    0.38    0.00    0.00    0.00    0.00    0.00    0.00   98.11
07:52:02     all    1.79    0.00    0.39    0.00    0.00    0.00    0.00    0.00    0.00   97.82
07:52:03     all    1.42    0.00    0.31    0.00    0.00    0.00    0.00    0.00    0.00   98.28
07:52:04     all    1.43    0.00    0.31    0.00    0.00    0.00    0.00    0.00    0.00   98.26
07:52:05     all    1.18    0.00    0.25    0.00    0.00    0.00    0.00    0.00    0.00   98.57
07:52:06     all    1.53    0.00    0.31    0.00    0.00    0.00    0.00    0.00    0.00   98.16
07:52:07     all    1.53    0.00    0.37    0.00    0.00    0.00    0.00    0.00    0.00   98.10
07:52:08     all    1.17    0.00    0.47    0.00    0.00    0.00    0.00    0.00    0.00   98.36
07:52:09     all    1.40    0.00    0.26    0.00    0.00    0.00    0.00    0.00    0.00   98.33
07:52:10     all    1.44    0.00    0.33    0.00    0.00    0.00    0.00    0.00    0.00   98.22
07:52:11     all    1.22    0.00    0.42    0.00    0.00    0.00    0.00    0.00    0.00   98.36
07:52:12     all    1.28    0.00    0.46    0.01    0.00    0.00    0.00    0.00    0.00   98.25
07:52:13     all    1.36    0.00    0.42    0.00    0.00    0.00    0.00    0.00    0.00   98.22
07:52:14     all    1.28    0.00    0.31    0.00    0.00    0.00    0.00    0.00    0.00   98.42
07:52:15     all    1.44    0.00    0.28    0.00    0.00    0.00    0.00    0.00    0.00   98.28
07:52:16     all    1.49    0.00    0.38    0.00    0.00    0.00    0.00    0.00    0.00   98.14
Average:     all   20.98    0.00    1.17    0.00    0.00    0.00    0.00    0.00    0.00   77.85
