Linux 6.8.0-136-generic (856a17914eb3) 	08/10/26 	_x86_64_	(72 CPU)

06:58:56     CPU    %usr   %nice    %sys %iowait    %irq   %soft  %steal  %guest  %gnice   %idle
06:58:57     all   11.48    0.00    0.40    0.00    0.00    0.00    0.00    0.00    0.00   88.12
06:58:58     all    1.26    0.00    0.79    0.00    0.00    0.00    0.00    0.00    0.00   97.94
06:58:59     all    1.88    0.00    0.25    0.00    0.00    0.00    0.00    0.00    0.00   97.87
06:59:00     all    1.72    0.01    0.32    0.00    0.00    0.00    0.00    0.00    0.00   97.94
06:59:01     all    1.61    0.00    0.28    0.00    0.00    0.00    0.00    0.00    0.00   98.11
06:59:02     all    1.38    0.00    0.22    0.00    0.00    0.00    0.00    0.00    0.00   98.40
06:59:03     all    1.60    0.00    0.24    0.00    0.00    0.00    0.00    0.00    0.00   98.17
06:59:04     all    1.65    0.00    0.19    0.00    0.00    0.00    0.00    0.00    0.00   98.15
06:59:05     all    1.10    0.00    0.46    0.00    0.00    0.00    0.00    0.00    0.00   98.44
06:59:06     all    1.61    0.00    0.25    0.00    0.00    0.00    0.00    0.00    0.00   98.14
06:59:07     all    1.60    0.00    0.14    0.00    0.00    0.00    0.00    0.00    0.00   98.26
06:59:08     all    1.36    0.01    0.14    0.00    0.00    0.00    0.00    0.00    0.00   98.49
06:59:09     all    1.56    0.00    0.21    0.00    0.00    0.00    0.00    0.00    0.00   98.24
06:59:10     all    1.56    0.00    0.19    0.00    0.00    0.00    0.00    0.00    0.00   98.25
06:59:11     all    1.39    0.00    0.18    0.00    0.00    0.00    0.00    0.00    0.00   98.43
06:59:12     all   23.26    0.00   14.02    0.01    0.00    0.00    0.00    0.00    0.00   62.70
06:59:13     all   30.69    0.00    0.88    0.00    0.00    0.01    0.00    0.00    0.00   68.42
06:59:14     all   69.29    0.00    5.24    0.00    0.00    0.00    0.00    0.00    0.00   25.47
06:59:15     all   57.20    0.00    4.64    0.00    0.00    0.00    0.00    0.00    0.00   38.16
06:59:16     all   31.99    0.00    2.16    0.00    0.00    0.00    0.00    0.00    0.00   65.85
06:59:17     all   35.12    0.00    1.57    0.00    0.00    0.00    0.00    0.00    0.00   63.31
06:59:18     all   32.64    0.00    1.45    0.00    0.00    0.00    0.00    0.00    0.00   65.91
06:59:19     all   28.64    0.00    0.75    0.00    0.00    0.00    0.00    0.00    0.00   70.61
06:59:20     all   26.34    0.00    0.78    0.00    0.00    0.00    0.00    0.00    0.00   72.88
06:59:21     all   31.74    0.00    0.82    0.00    0.00    0.01    0.00    0.00    0.00   67.43
06:59:22     all   43.62    0.00    0.93    0.00    0.00    0.00    0.00    0.00    0.00   55.45
06:59:23     all   39.74    0.00    0.75    0.00    0.00    0.00    0.00    0.00    0.00   59.51
06:59:24     all   30.44    0.00    0.93    0.00    0.00    0.01    0.00    0.00    0.00   68.61
06:59:25     all   26.95    0.00    0.62    0.00    0.00    0.01    0.00    0.00    0.00   72.42
06:59:26     all   44.76    0.00    0.63    0.00    0.00    0.00    0.00    0.00    0.00   54.61
06:59:27     all   70.76    0.00    2.21    0.00    0.00    0.00    0.00    0.00    0.00   27.04
06:59:28     all   73.93    0.00    5.26    0.00    0.00    0.00    0.00    0.00    0.00   20.81
06:59:29     all   46.71    0.00    3.20    0.00    0.00    0.00    0.00    0.00    0.00   50.09
06:59:30     all   33.47    0.00    1.87    0.00    0.00    0.01    0.00    0.00    0.00   64.65
06:59:31     all   34.66    0.00    1.94    0.00    0.00    0.00    0.00    0.00    0.00   63.40
06:59:32     all   22.80    0.00    2.31    0.00    0.00    0.00    0.00    0.00    0.00   74.89
06:59:33     all   56.65    0.00    2.66    0.00    0.00    0.00    0.00    0.00    0.00   40.69
06:59:34     all   49.09    0.00    3.48    0.00    0.00    0.00    0.00    0.00    0.00   47.43
06:59:35     all   70.10    0.00    3.66    0.00    0.00    0.01    0.00    0.00    0.00   26.23
06:59:36     all   69.28    0.00    4.53    0.00    0.00    0.01    0.00    0.00    0.00   26.17
06:59:37     all   67.08    0.00    4.65    0.00    0.00    0.01    0.00    0.00    0.00   28.25
06:59:38     all   49.64    0.00    4.29    0.00    0.00    0.00    0.00    0.00    0.00   46.07
06:59:39     all   44.98    0.00    4.20    0.00    0.00    0.00    0.00    0.00    0.00   50.82
06:59:40     all   39.53    0.00    3.80    0.00    0.00    0.00    0.00    0.00    0.00   56.68
06:59:41     all   36.81    0.00    4.39    0.00    0.00    0.00    0.00    0.00    0.00   58.80
06:59:42     all   33.61    0.00    4.37    0.00    0.00    0.00    0.00    0.00    0.00   62.02
06:59:43     all   35.58    0.00    3.64    0.00    0.00    0.00    0.00    0.00    0.00   60.78
06:59:44     all   34.12    0.00    3.06    0.00    0.00    0.01    0.00    0.00    0.00   62.80
06:59:45     all   21.38    0.00    2.26    0.00    0.00    0.00    0.00    0.00    0.00   76.36
06:59:46     all   29.29    0.00    2.83    0.00    0.00    0.00    0.00    0.00    0.00   67.88
06:59:47     all   27.92    0.00    2.60    0.00    0.00    0.00    0.00    0.00    0.00   69.48
06:59:48     all   23.93    0.01    3.15    0.00    0.00    0.00    0.00    0.00    0.00   72.90
06:59:49     all   25.97    0.00    2.90    0.01    0.00    0.00    0.00    0.00    0.00   71.11
06:59:50     all   26.61    0.00    4.11    0.00    0.00    0.01    0.00    0.00    0.00   69.27
06:59:51     all   30.97    0.00    2.95    0.00    0.00    0.00    0.00    0.00    0.00   66.07
06:59:52     all   28.63    0.00    2.09    0.01    0.00    0.00    0.00    0.00    0.00   69.27
06:59:53     all   26.22    0.00    1.72    0.00    0.00    0.00    0.00    0.00    0.00   72.07
06:59:54     all   36.76    0.00    2.96    0.00    0.00    0.04    0.00    0.00    0.00   60.24
06:59:55     all   25.75    0.00    2.40    0.00    0.00    0.00    0.00    0.00    0.00   71.85
06:59:56     all    4.78    0.00    1.59    0.00    0.00    0.00    0.00    0.00    0.00   93.63
06:59:57     all    0.25    0.00    1.45    0.00    0.00    0.00    0.00    0.00    0.00   98.30
06:59:58     all    0.11    0.00    0.79    0.00    0.00    0.00    0.00    0.00    0.00   99.10
06:59:59     all    0.32    0.00    0.11    0.00    0.00    0.00    0.00    0.00    0.00   99.57
07:00:00     all    0.28    0.00    0.04    0.00    0.00    0.00    0.00    0.00    0.00   99.68
07:00:01     all    0.90    0.00    0.69    0.00    0.00    0.00    0.00    0.00    0.00   98.40
07:00:02     all    1.21    0.00    0.53    0.00    0.00    0.00    0.00    0.00    0.00   98.26
07:00:03     all    0.46    0.00    0.32    0.00    0.00    0.00    0.00    0.00    0.00   99.22
07:00:04     all    0.10    0.00    0.10    0.00    0.00    0.00    0.00    0.00    0.00   99.81
07:00:05     all    0.32    0.00    0.06    0.00    0.00    0.00    0.00    0.00    0.00   99.63
07:00:06     all    0.76    0.00    0.18    0.00    0.00    0.00    0.00    0.00    0.00   99.06
07:00:07     all    0.12    0.00    0.06    0.00    0.00    0.00    0.00    0.00    0.00   99.82
07:00:08     all    0.36    0.00    0.18    0.00    0.00    0.00    0.00    0.00    0.00   99.46
07:00:09     all    0.64    0.00    0.14    0.00    0.00    0.00    0.00    0.00    0.00   99.22
07:00:10     all    0.14    0.00    0.12    0.00    0.00    0.00    0.00    0.00    0.00   99.74
07:00:11     all    0.24    0.00    0.04    0.00    0.00    0.01    0.00    0.00    0.00   99.71
07:00:12     all    0.22    0.00    0.01    0.00    0.00    0.00    0.00    0.00    0.00   99.76
07:00:13     all    0.13    0.01    0.08    0.00    0.00    0.00    0.00    0.00    0.00   99.78
07:00:14     all    0.25    0.00    0.04    0.00    0.00    0.00    0.00    0.00    0.00   99.71
07:00:15     all    0.24    0.00    0.04    0.00    0.00    0.00    0.00    0.00    0.00   99.72
07:00:16     all    0.01    0.00    0.01    0.00    0.00    0.00    0.00    0.00    0.00   99.97
07:00:17     all    0.26    0.00    0.06    0.00    0.00    0.00    0.00    0.00    0.00   99.68
07:00:18     all    0.51    0.00    0.19    0.00    0.00    0.00    0.00    0.00    0.00   99.29
07:00:19     all    0.08    0.00    0.14    0.00    0.00    0.00    0.00    0.00    0.00   99.78
07:00:20     all    0.29    0.00    0.21    0.00    0.00    0.00    0.00    0.00    0.00   99.50
07:00:21     all    0.24    0.00    0.04    0.00    0.00    0.00    0.00    0.00    0.00   99.72
07:00:22     all    0.13    0.00    0.07    0.00    0.00    0.00    0.00    0.00    0.00   99.81
07:00:23     all    0.32    0.00    0.10    0.01    0.00    0.00    0.00    0.00    0.00   99.57
07:00:24     all    0.21    0.00    0.06    0.00    0.00    0.00    0.00    0.00    0.00   99.74
07:00:25     all    0.08    0.00    0.00    0.00    0.00    0.00    0.00    0.00    0.00   99.92
07:00:26     all    0.25    0.00    0.03    0.00    0.00    0.00    0.00    0.00    0.00   99.72
07:00:27     all    0.18    0.00    0.08    0.00    0.00    0.00    0.00    0.00    0.00   99.74
07:00:28     all    0.18    0.00    0.07    0.00    0.00    0.00    0.00    0.00    0.00   99.75
07:00:29     all    0.22    0.00    0.01    0.00    0.00    0.00    0.00    0.00    0.00   99.76
07:00:30     all    0.19    0.00    0.04    0.00    0.00    0.00    0.00    0.00    0.00   99.76
07:00:31     all    0.18    0.00    0.29    0.00    0.00    0.00    0.00    0.00    0.00   99.53
07:00:32     all    0.29    0.00    0.07    0.00    0.00    0.00    0.00    0.00    0.00   99.64
07:00:33     all    0.31    0.00    0.14    0.01    0.00    0.00    0.00    0.00    0.00   99.54
07:00:34     all    0.11    0.00    0.06    0.00    0.00    0.00    0.00    0.00    0.00   99.83
07:00:35     all    0.24    0.00    0.04    0.00    0.00    0.00    0.00    0.00    0.00   99.72
07:00:36     all    0.24    0.00    0.04    0.00    0.00    0.00    0.00    0.00    0.00   99.72
Average:     all   17.71    0.00    1.42    0.00    0.00    0.00    0.00    0.00    0.00   80.87
