1787386522 13232 60575416
1787386527 904040 59963776
1787386532 931700 59921404
1787386537 946348 59927664
1787386542 959468 59928344
1787386547 2464960 58293148
1787386552 4799828 55209120
1787386557 7151276 52645176
1787386562 9241712 50185332
1787386568 11309788 48054256
1787386573 13120476 46467760
1787386578 14966940 44578300
1787386583 16727340 43145132
1787386588 18513560 41083488
1787386593 19658012 40196180
1787386598 20419156 39325220
1787386603 20263172 39561320
1787386608 20920836 38950076
1787386613 20585264 39248180
1787386618 19258200 40486200
1787386623 20240232 39618168
1787386628 20925968 38823112
1787386633 21592160 37827184
1787386638 23322828 36286696
1787386643 23595712 36245204
1787386648 24295604 35636556
1787386653 24849692 34798336
1787386658 26330180 33336864
1787386664 26800120 33076588
1787386669 27562760 32365916
1787386674 27756008 32029284
1787386679 28870052 31044080
1787386684 28474156 31465896
1787386689 28794076 30998280
1787386694 28528936 31299876
1787386699 23727808 35994248
1787386704 19275940 40723088
1787386709 16888944 42989436
1787386714 15973324 44080068
1787386719 15920076 43929172
1787386724 16255556 43592160
1787386729 15941720 43535496
1787386734 15403304 44415756
1787386739 15232496 44660784
1787386744 14993324 45024084
1787386749 14605420 45499388
1787386754 13498768 46591484
1787386759 13180200 47074664
1787386764 13139544 47270648
1787386770 13134052 47343732
1787386775 13153888 47317624
1787386780 13144300 47329848
1787386785 13138088 47316712
1787386790 13128252 47359728
1787386795 13139656 47336300
1787386800 13146892 47308724
1787386805 13143280 47306684
1787386810 13162036 47326964
1787386815 13164004 47289584
1787386820 13165212 47281516
1787386825 13169872 47334512
1787386830 13162520 47394920
1787386835 13200876 47408400
1787386840 13175968 47329064
1787386845 13179528 47347252
1787386850 13224852 47258272
