1787385474 12444 60433304
1787385480 903716 59886132
1787385485 934416 59886480
1787385490 946468 59818772
1787385495 954432 59849724
1787385500 3141692 57557636
1787385505 5703136 54014260
1787385510 7266268 52100380
1787385515 9043904 49918972
1787385520 10828084 48483656
1787385525 12992720 46577084
1787385530 15061828 44110328
1787385535 16335236 43088524
1787385540 18084560 41110660
1787385545 20097388 39192208
1787385550 21733888 37781880
1787385555 21845416 37386836
1787385560 23290640 36058044
1787385565 24250288 35381460
1787385570 24793888 34748212
1787385576 26273532 33143644
1787385581 26617408 32851264
1787385586 27072732 32403232
1787385591 28194320 31354700
1787385596 28705804 30650148
1787385601 30292816 29435468
1787385606 30839916 28911072
1787385611 31282832 28448376
1787385616 31533872 27954320
1787385621 32657536 27303560
1787385626 32600080 26828288
1787385631 33135000 26862436
1787385636 32646500 27069668
1787385641 32875996 27196248
1787385647 33795256 25861620
1787385652 34792548 25212912
1787385657 35213096 24203984
1787385662 35023480 24480548
1787385667 35132352 24322512
1787385672 35948632 24043880
1787385677 35612760 23840812
1787385682 36109144 23455720
1787385687 36471324 23140884
1787385692 36385168 23225376
1787385697 36346508 23421764
1787385702 36629120 22943492
1787385707 37103060 22587284
1787385712 37535016 22228888
1787385718 39084620 20660448
1787385723 39292512 20347808
1787385728 39157380 20643336
1787385733 39236044 20459656
1787385738 39442632 20081700
1787385743 40480564 19198332
1787385748 40121372 19528396
1787385753 39462136 19994856
1787385758 39409380 20292380
1787385763 40007472 19506760
1787385768 40227360 19238992
1787385773 40095012 19256000
1787385778 40191408 19216856
1787385783 37865428 21443820
1787385788 37572612 21951732
1787385793 37048256 22738164
1787385799 37015128 22549272
1787385804 37868580 21537048
1787385809 37071812 22622008
1787385814 37196448 22364480
1787385819 36607208 23029132
1787385824 37489940 22077572
1787385829 36659040 22951684
1787385834 37156976 22616116
1787385839 37909388 22115944
1787385844 39012124 20511520
1787385849 38401536 20958164
1787385854 38154836 21487872
1787385859 38861468 20673656
1787385864 38874920 20985716
1787385869 40336020 19198012
1787385874 40709588 18962244
1787385879 41414368 17875892
1787385884 39860864 19451660
1787385890 40678920 19003220
1787385895 42253880 17445484
1787385900 42282864 16940320
1787385905 44262436 15241820
1787385910 44231032 14920844
1787385915 44912700 14844580
1787385920 45825944 13712384
1787385925 43913184 15184284
1787385930 43989004 15592724
1787385935 43743200 15577160
1787385940 44734516 14801180
1787385945 45654572 13734496
1787385950 46510784 12806916
1787385955 47118088 12398616
1787385960 45232208 14407628
1787385966 44365668 15074376
1787385971 44934260 14578348
1787385976 45147768 14291200
1787385981 45516676 13840716
1787385986 46206120 13211220
1787385991 46018316 13249052
1787385996 46906480 12708148
1787386001 46898048 12286820
1787386006 48485584 10945772
1787386011 49848348 9486432
1787386016 47800296 11478856
1787386021 47114088 12431776
1787386026 47554624 11607288
1787386031 46864748 12343124
1787386036 48174744 11234732
1787386041 48892740 10229664
1787386046 49111876 10321620
1787386051 49138620 9967188
1787386057 47733876 11629084
1787386062 48861424 10376464
1787386067 49266052 9972188
1787386072 49748652 9642680
1787386077 49138428 9912488
1787386082 46395424 12855528
1787386087 45468956 13966412
1787386092 46157340 13313804
1787386097 45904328 13457480
1787386102 46333132 12989804
1787386107 46093780 12497688
1787386112 46076804 13095016
1787386117 46090056 13072348
1787386122 46247076 13195108
1787386127 47055816 12286284
1787386132 47200936 12086964
1787386137 46918056 12392480
1787386142 47440156 12042096
1787386147 47403516 11763844
1787386152 49158192 10366928
1787386157 48132328 10621180
1787386162 48024040 11163992
1787386167 50399392 9157840
1787386172 48546660 10289504
1787386178 49044836 9864004
1787386183 48975032 10169552
1787386188 50897340 8545008
1787386193 48737732 9920564
1787386198 48479600 10726848
1787386203 35451824 22726780
1787386208 22537028 36177348
