1787383475 13752 60126112
1787383480 903956 59513940
1787383485 934268 59591956
1787383490 952880 59644588
1787383495 956816 59651860
1787383500 3126788 57256568
1787383505 5629108 53996220
1787383510 7489500 51336580
1787383516 9181316 50148888
1787383521 11248820 47783492
1787383526 12769584 46411452
1787383531 15058144 44259104
1787383536 16926436 42516648
1787383541 18420188 40942840
1787383546 20312612 39293188
1787383551 22202888 37336500
1787383556 22630860 36215176
1787383561 24231744 35103164
1787383566 24976044 34333504
1787383571 25920372 33685688
1787383576 26562616 32919328
1787383581 26957736 32811540
1787383586 28063600 31737672
1787383592 28498448 31339756
1787383597 29608768 29872072
1787383602 30611912 28846992
1787383607 31553536 28038012
1787383612 32949756 26583620
1787383617 33328500 26056640
1787383622 34056744 25765136
1787383627 34101280 25683252
1787383632 33555784 26125336
1787383637 33677544 26108648
1787383642 34301748 25450944
1787383647 35017432 24555708
1787383652 34999344 24940856
1787383657 35548740 23999216
1787383663 35946004 23589656
1787383668 36695456 23127048
1787383673 35999668 23110696
1787383678 36369936 23511960
1787383683 36353900 23202664
1787383688 36750984 22945516
1787383693 36690644 22905780
1787383698 36934428 22788620
1787383703 36582184 22880868
1787383708 38261376 21372756
1787383713 37233560 22306292
1787383718 39280992 20557760
1787383723 39288840 20196684
1787383728 39706328 19672660
1787383733 39978692 19643972
1787383739 40725136 19109648
1787383744 40641672 19085160
1787383749 40350768 19138060
1787383754 40584452 19190068
1787383759 40534512 18779624
1787383764 41116264 18273144
1787383769 40710164 18229612
1787383774 40579428 18870392
1787383779 40377656 18846520
1787383784 40976996 18718160
1787383789 40195892 19038880
1787383794 39741448 19479876
1787383799 39139184 20342464
1787383804 39610008 19828828
1787383809 40305172 19410036
1787383814 39654444 19663172
1787383820 40898744 18764124
1787383825 40065572 19715664
1787383830 39771204 19857312
1787383835 40047268 19806592
1787383840 39964976 19590112
1787383845 40466752 19435712
1787383850 40730292 18962244
1787383855 40814612 18615500
1787383860 41351276 18227872
1787383865 42506756 17138076
1787383870 42241984 17207376
1787383875 42375624 17338164
1787383880 42459420 17170932
1787383885 42547756 17266488
1787383890 42892016 16738840
1787383895 43268480 16372108
1787383901 44337072 15484944
1787383906 44038804 15621504
1787383911 43680284 15752228
1787383916 44918124 14428284
1787383921 44770292 15046972
1787383926 44355160 14923176
1787383931 46390592 13003652
1787383936 46241128 13339260
1787383941 47039704 12443848
1787383946 46079000 13422008
1787383951 46604204 12944060
1787383956 47754656 11798536
1787383961 49302524 10261976
1787383966 50279024 9380988
1787383971 50158936 9244704
1787383976 45887288 13367444
1787383981 46441592 13010956
1787383986 44077172 15051752
1787383991 43641528 15791128
1787383996 44204040 15308696
1787384002 41220288 18021232
1787384007 42389856 16719932
1787384012 42814960 16694892
1787384017 42748000 16194376
1787384022 41770640 17570468
1787384027 41892196 17264952
1787384032 41855696 17515020
1787384037 42309644 16880792
1787384042 43922872 15446628
1787384047 45125528 13856640
1787384052 44172772 14903984
1787384057 44310824 14678360
1787384062 43344028 15820704
1787384067 43621952 15925852
1787384072 43567976 15795628
1787384077 43236756 15908860
1787384082 44122840 14778268
1787384087 45253524 14099020
1787384092 43419688 15424856
1787384097 45320392 13854072
1787384102 44346892 14709652
1787384107 44703440 14055704
1787384112 47105820 12076892
1787384118 45582292 13408252
1787384123 45575760 13497648
1787384128 45877388 12718856
1787384133 45830984 12934840
1787384138 45419508 13610840
1787384143 46855524 12479556
1787384148 47060988 11976060
1787384153 44191328 14806128
1787384158 44540016 14753420
1787384163 43952176 15428840
1787384168 43544076 15328936
1787384173 44566152 14513768
1787384178 43710900 15472884
1787384183 43927560 15146440
1787384188 44468800 14624460
1787384193 44334256 14727492
1787384198 44070380 14982056
1787384203 37106576 20819352
1787384208 19830124 38287820
