Linux 6.8.0-136-generic (856a17914eb3) 	08/10/26 	_x86_64_	(72 CPU)

16:02:11     CPU    %usr   %nice    %sys %iowait    %irq   %soft  %steal  %guest  %gnice   %idle
16:02:12     all   11.58    0.00    0.40    0.00    0.00    0.00    0.00    0.00    0.00   88.02
16:02:13     all    1.03    0.00    0.87    0.01    0.00    0.00    0.00    0.00    0.00   98.08
16:02:14     all    1.61    0.00    0.21    0.00    0.00    0.00    0.00    0.00    0.00   98.18
16:02:15     all    1.61    0.00    0.25    0.00    0.00    0.00    0.00    0.00    0.00   98.14
16:02:16     all    1.35    0.00    0.21    0.00    0.00    0.00    0.00    0.00    0.00   98.44
16:02:17     all    1.57    0.00    0.22    0.00    0.00    0.00    0.00    0.00    0.00   98.21
16:02:18     all    1.61    0.00    0.28    0.00    0.00    0.00    0.00    0.00    0.00   98.11
16:02:19     all    1.43    0.00    0.24    0.00    0.00    0.00    0.00    0.00    0.00   98.33
16:02:20     all    1.63    0.00    0.29    0.00    0.00    0.00    0.00    0.00    0.00   98.08
16:02:21     all    1.74    0.00    0.56    0.00    0.00    0.00    0.00    0.00    0.00   97.71
16:02:22     all    1.54    0.00    0.31    0.00    0.00    0.00    0.00    0.00    0.00   98.15
16:02:23     all    1.71    0.00    0.26    0.00    0.00    0.00    0.00    0.00    0.00   98.03
16:02:24     all    2.13    0.00    0.46    0.00    0.00    0.00    0.00    0.00    0.00   97.42
16:02:25     all    1.81    0.00    0.32    0.00    0.00    0.00    0.00    0.00    0.00   97.87
16:02:26     all    1.56    0.00    0.22    0.00    0.00    0.00    0.00    0.00    0.00   98.22
16:02:27     all    1.35    0.00    0.56    0.00    0.00    0.00    0.00    0.00    0.00   98.09
16:02:28     all    1.39    0.00    0.22    0.00    0.00    0.00    0.00    0.00    0.00   98.39
16:02:29     all    2.03    0.00    0.28    0.00    0.00    0.01    0.00    0.00    0.00   97.68
16:02:30     all    1.72    0.00    0.36    0.00    0.00    0.00    0.00    0.00    0.00   97.92
16:02:31     all    1.36    0.00    0.14    0.00    0.00    0.00    0.00    0.00    0.00   98.50
16:02:32     all    1.56    0.00    0.22    0.00    0.00    0.01    0.00    0.00    0.00   98.21
16:02:33     all    1.62    0.00    0.24    0.00    0.00    0.00    0.00    0.00    0.00   98.14
16:02:34     all    1.36    0.00    0.17    0.00    0.00    0.00    0.00    0.00    0.00   98.47
16:02:35     all    1.71    0.01    0.22    0.00    0.00    0.00    0.00    0.00    0.00   98.05
16:02:36     all    1.67    0.00    0.21    0.00    0.00    0.00    0.00    0.00    0.00   98.12
16:02:37     all    1.43    0.00    0.24    0.00    0.00    0.00    0.00    0.00    0.00   98.33
16:02:38     all    1.63    0.00    0.28    0.00    0.00    0.00    0.00    0.00    0.00   98.10
16:02:39     all    1.61    0.00    0.18    0.00    0.00    0.00    0.00    0.00    0.00   98.21
16:02:40     all    8.05    0.00    1.67    0.00    0.00    0.00    0.00    0.00    0.00   90.28
16:02:41     all   39.64    0.00    3.63    0.00    0.00    0.03    0.00    0.00    0.00   56.70
16:02:42     all   48.20    0.00    3.58    0.00    0.00    0.00    0.00    0.00    0.00   48.22
16:02:43     all   48.55    0.00    6.94    0.00    0.00    0.00    0.00    0.00    0.00   44.51
16:02:44     all   42.34    0.00    5.73    0.00    0.00    0.01    0.00    0.00    0.00   51.91
16:02:45     all   35.10    0.00    4.17    0.00    0.00    0.00    0.00    0.00    0.00   60.74
16:02:46     all   41.45    0.00    4.11    0.00    0.00    0.01    0.00    0.00    0.00   54.43
16:02:47     all   37.52    0.00    3.51    0.00    0.00    0.00    0.00    0.00    0.00   58.98
16:02:48     all   36.89    0.00    3.06    0.00    0.00    0.00    0.00    0.00    0.00   60.05
16:02:49     all   38.85    0.00    2.16    0.00    0.00    0.00    0.00    0.00    0.00   58.99
16:02:50     all   52.14    0.00    1.59    0.00    0.00    0.00    0.00    0.00    0.00   46.28
16:02:51     all   33.79    0.00    1.35    0.00    0.00    0.00    0.00    0.00    0.00   64.86
16:02:52     all   36.63    0.00    1.77    0.00    0.00    0.00    0.00    0.00    0.00   61.60
16:02:53     all   52.71    0.00    2.36    0.00    0.00    0.00    0.00    0.00    0.00   44.93
16:02:54     all   43.97    0.00    7.26    0.00    0.00    0.01    0.00    0.00    0.00   48.76
16:02:55     all   37.65    0.00    7.77    0.00    0.00    0.01    0.00    0.00    0.00   54.56
16:02:56     all   30.19    0.00    5.76    0.00    0.00    0.00    0.00    0.00    0.00   64.05
16:02:57     all   27.80    0.00    5.37    0.00    0.00    0.00    0.00    0.00    0.00   66.83
16:02:58     all   36.35    0.00    6.37    0.00    0.00    0.00    0.00    0.00    0.00   57.28
16:02:59     all   39.01    0.00    8.45    0.01    0.00    0.00    0.00    0.00    0.00   52.53
16:03:00     all   46.15    0.00    9.13    0.00    0.00    0.00    0.00    0.00    0.00   44.72
16:03:01     all   52.52    0.00   11.23    0.00    0.00    0.00    0.00    0.00    0.00   36.26
16:03:02     all   52.72    0.00   12.97    0.00    0.00    0.01    0.00    0.00    0.00   34.30
16:03:03     all   50.41    0.00   13.60    0.00    0.00    0.00    0.00    0.00    0.00   35.99
16:03:04     all   52.78    0.00   13.00    0.00    0.00    0.00    0.00    0.00    0.00   34.22
16:03:05     all   45.68    0.00   14.44    0.00    0.00    0.00    0.00    0.00    0.00   39.88
16:03:06     all   47.36    0.00   12.84    0.00    0.00    0.00    0.00    0.00    0.00   39.80
16:03:07     all   43.95    0.00   11.92    0.00    0.00    0.00    0.00    0.00    0.00   44.12
16:03:08     all   40.36    0.00   10.57    0.00    0.00    0.00    0.00    0.00    0.00   49.07
16:03:09     all   31.85    0.00    8.33    0.00    0.00    0.03    0.00    0.00    0.00   59.79
16:03:10     all   36.31    0.00   10.45    0.00    0.00    0.00    0.00    0.00    0.00   53.24
16:03:11     all   38.34    0.00   10.14    0.00    0.00    0.01    0.00    0.00    0.00   51.50
16:03:12     all   30.11    0.00    8.61    0.00    0.00    0.00    0.00    0.00    0.00   61.28
16:03:13     all   23.85    0.00    7.12    0.00    0.00    0.00    0.00    0.00    0.00   69.03
16:03:14     all   31.35    0.00    7.52    0.00    0.00    0.00    0.00    0.00    0.00   61.13
16:03:15     all   33.11    0.00    7.54    0.00    0.00    0.01    0.00    0.00    0.00   59.34
16:03:16     all   37.45    0.00    8.59    0.00    0.00    0.00    0.00    0.00    0.00   53.96
16:03:17     all   31.11    0.00    9.64    0.00    0.00    0.00    0.00    0.00    0.00   59.24
16:03:18     all   42.63    0.00    9.82    0.00    0.00    0.00    0.00    0.00    0.00   47.54
16:03:19     all   37.44    0.00    9.42    0.00    0.00    0.00    0.00    0.00    0.00   53.14
16:03:20     all   33.86    0.00    7.95    0.00    0.00    0.00    0.00    0.00    0.00   58.19
16:03:21     all   40.34    0.00    9.56    0.00    0.00    0.00    0.00    0.00    0.00   50.10
16:03:22     all   39.28    0.00    9.67    0.00    0.00    0.01    0.00    0.00    0.00   51.04
16:03:23     all   50.06    0.00   11.34    0.00    0.00    0.00    0.00    0.00    0.00   38.60
16:03:24     all   42.75    0.00   10.07    0.00    0.00    0.00    0.00    0.00    0.00   47.18
16:03:25     all   39.57    0.00   10.70    0.00    0.00    0.01    0.00    0.00    0.00   49.71
16:03:26     all   38.69    0.00   10.04    0.00    0.00    0.00    0.00    0.00    0.00   51.27
16:03:27     all   39.43    0.00   10.03    0.00    0.00    0.00    0.00    0.00    0.00   50.54
16:03:28     all   42.82    0.00   11.97    0.00    0.00    0.01    0.00    0.00    0.00   45.20
16:03:29     all   36.32    0.00   10.28    0.00    0.00    0.00    0.00    0.00    0.00   53.40
16:03:30     all   34.37    0.00    9.91    0.00    0.00    0.01    0.00    0.00    0.00   55.70
16:03:31     all   34.91    0.00    8.85    0.00    0.00    0.00    0.00    0.00    0.00   56.25
16:03:32     all   39.23    0.00   12.69    0.00    0.00    0.00    0.00    0.00    0.00   48.07
16:03:33     all   43.39    0.00   13.52    0.00    0.00    0.00    0.00    0.00    0.00   43.09
16:03:34     all   36.31    0.00   10.06    0.00    0.00    0.00    0.00    0.00    0.00   53.63
16:03:35     all   33.49    0.01    9.13    0.00    0.00    0.00    0.00    0.00    0.00   57.37
16:03:36     all   46.18    0.00   12.00    0.00    0.00    0.01    0.00    0.00    0.00   41.80
16:03:37     all   45.18    0.00   13.15    0.00    0.00    0.00    0.00    0.00    0.00   41.67
16:03:38     all   40.35    0.00   13.19    0.00    0.00    0.00    0.00    0.00    0.00   46.46
16:03:39     all   44.14    0.00   13.17    0.00    0.00    0.00    0.00    0.00    0.00   42.69
16:03:40     all   41.95    0.00   12.63    0.00    0.00    0.00    0.00    0.00    0.00   45.42
16:03:41     all   40.60    0.00   12.67    0.00    0.00    0.00    0.00    0.00    0.00   46.74
16:03:42     all   43.61    0.00   14.63    0.00    0.00    0.01    0.00    0.00    0.00   41.75
16:03:43     all   39.17    0.00   12.08    0.00    0.00    0.00    0.00    0.00    0.00   48.75
16:03:44     all   42.20    0.00   15.32    0.00    0.00    0.00    0.00    0.00    0.00   42.48
16:03:45     all   42.17    0.00   13.45    0.00    0.00    0.01    0.00    0.00    0.00   44.36
16:03:46     all   40.90    0.00   12.87    0.00    0.00    0.00    0.00    0.00    0.00   46.23
16:03:47     all   44.01    0.00   12.81    0.00    0.00    0.00    0.00    0.00    0.00   43.18
16:03:48     all   46.41    0.00   13.50    0.00    0.00    0.01    0.00    0.00    0.00   40.08
16:03:49     all   50.91    0.01   13.99    0.00    0.00    0.00    0.00    0.00    0.00   35.08
16:03:50     all   50.13    0.00   15.05    0.00    0.00    0.00    0.00    0.00    0.00   34.82
16:03:51     all   45.27    0.00   15.23    0.00    0.00    0.00    0.00    0.00    0.00   39.50
16:03:52     all   46.92    0.00   17.42    0.00    0.00    0.01    0.00    0.00    0.00   35.65
16:03:53     all   39.91    0.00   16.17    0.00    0.00    0.00    0.00    0.00    0.00   43.92
16:03:54     all   48.04    0.00   16.40    0.00    0.00    0.00    0.00    0.00    0.00   35.56
16:03:55     all   42.50    0.00   15.99    0.00    0.00    0.00    0.00    0.00    0.00   41.50
16:03:56     all   38.85    0.00   14.40    0.00    0.00    0.00    0.00    0.00    0.00   46.75
16:03:57     all   38.45    0.00   13.75    0.00    0.00    0.00    0.00    0.00    0.00   47.80
16:03:58     all   35.08    0.00   12.59    0.00    0.00    0.01    0.00    0.00    0.00   52.32
16:03:59     all   44.56    0.00   16.40    0.00    0.00    0.01    0.00    0.00    0.00   39.03
16:04:00     all   46.85    0.00   16.04    0.00    0.00    0.00    0.00    0.00    0.00   37.11
16:04:01     all   50.44    0.00   14.55    0.00    0.00    0.00    0.00    0.00    0.00   35.01
16:04:02     all   48.13    0.00   17.02    0.00    0.00    0.01    0.00    0.00    0.00   34.84
16:04:03     all   46.27    0.00   16.81    0.00    0.00    0.01    0.00    0.00    0.00   36.90
16:04:04     all   47.31    0.00   15.29    0.00    0.00    0.01    0.00    0.00    0.00   37.39
16:04:05     all   45.74    0.00   14.74    0.00    0.00    0.00    0.00    0.00    0.00   39.52
16:04:06     all   44.14    0.00   16.97    0.00    0.00    0.00    0.00    0.00    0.00   38.89
16:04:07     all   46.15    0.00   15.92    0.01    0.00    0.01    0.00    0.00    0.00   37.91
16:04:08     all   45.85    0.00   14.85    0.00    0.00    0.00    0.00    0.00    0.00   39.30
16:04:09     all   44.86    0.00   16.49    0.00    0.00    0.00    0.00    0.00    0.00   38.65
16:04:10     all   47.44    0.00   16.19    0.00    0.00    0.00    0.00    0.00    0.00   36.37
16:04:11     all   45.29    0.00   15.15    0.00    0.00    0.01    0.00    0.00    0.00   39.54
16:04:12     all   41.12    0.00   15.14    0.00    0.00    0.01    0.00    0.00    0.00   43.73
16:04:13     all   43.29    0.00   14.12    0.00    0.00    0.00    0.00    0.00    0.00   42.59
16:04:14     all   38.10    0.01   14.83    0.00    0.00    0.00    0.00    0.00    0.00   47.05
16:04:15     all   35.53    0.00   12.62    0.00    0.00    0.00    0.00    0.00    0.00   51.84
16:04:16     all   42.35    0.00   14.01    0.00    0.00    0.00    0.00    0.00    0.00   43.64
16:04:17     all   47.75    0.00   13.85    0.00    0.00    0.00    0.00    0.00    0.00   38.40
16:04:18     all   47.18    0.00   14.75    0.00    0.00    0.01    0.00    0.00    0.00   38.06
16:04:19     all   41.38    0.00   14.76    0.00    0.00    0.00    0.00    0.00    0.00   43.86
16:04:20     all   46.99    0.00   14.90    0.00    0.00    0.00    0.00    0.00    0.00   38.11
16:04:21     all   45.30    0.00   17.28    0.00    0.00    0.00    0.00    0.00    0.00   37.41
16:04:22     all   47.55    0.00   16.22    0.00    0.00    0.00    0.00    0.00    0.00   36.23
16:04:23     all   46.49    0.00   14.77    0.00    0.00    0.00    0.00    0.00    0.00   38.74
16:04:24     all   43.63    0.00   17.48    0.00    0.00    0.03    0.00    0.00    0.00   38.86
16:04:25     all   46.32    0.00   16.07    0.00    0.00    0.00    0.00    0.00    0.00   37.61
16:04:26     all   47.13    0.00   16.70    0.00    0.00    0.00    0.00    0.00    0.00   36.17
16:04:27     all   45.90    0.00   17.17    0.00    0.00    0.00    0.00    0.00    0.00   36.93
16:04:28     all   43.93    0.00   17.51    0.00    0.00    0.00    0.00    0.00    0.00   38.56
16:04:29     all   42.18    0.00   18.21    0.00    0.00    0.01    0.00    0.00    0.00   39.59
16:04:30     all   45.89    0.00   19.01    0.00    0.00    0.00    0.00    0.00    0.00   35.10
16:04:31     all   45.46    0.00   16.29    0.00    0.00    0.00    0.00    0.00    0.00   38.25
16:04:32     all   47.47    0.00   15.13    0.00    0.00    0.00    0.00    0.00    0.00   37.40
16:04:33     all   46.51    0.00   16.78    0.00    0.00    0.03    0.00    0.00    0.00   36.69
16:04:34     all   45.51    0.00   16.48    0.00    0.00    0.00    0.00    0.00    0.00   38.02
16:04:35     all   45.11    0.00   17.24    0.00    0.00    0.00    0.00    0.00    0.00   37.65
16:04:36     all   44.55    0.00   18.36    0.01    0.00    0.00    0.00    0.00    0.00   37.07
16:04:37     all   44.86    0.00   16.31    0.00    0.00    0.00    0.00    0.00    0.00   38.83
16:04:38     all   44.63    0.00   17.39    0.00    0.00    0.01    0.00    0.00    0.00   37.97
16:04:39     all   43.14    0.00   16.26    0.00    0.00    0.00    0.00    0.00    0.00   40.60
16:04:40     all   37.70    0.00   15.30    0.00    0.00    0.03    0.00    0.00    0.00   46.97
16:04:41     all   23.81    0.00   16.18    0.00    0.00    0.00    0.00    0.00    0.00   60.01
16:04:42     all   17.62    0.00    7.86    0.00    0.00    0.00    0.00    0.00    0.00   74.52
16:04:43     all   12.35    0.00    5.99    0.00    0.00    0.00    0.00    0.00    0.00   81.66
16:04:44     all   10.20    0.00    5.12    0.00    0.00    0.01    0.00    0.00    0.00   84.67
16:04:45     all    9.49    0.00    4.76    0.00    0.00    0.00    0.00    0.00    0.00   85.75
16:04:46     all    9.86    0.00    4.47    0.00    0.00    0.00    0.00    0.00    0.00   85.67
16:04:47     all    9.15    0.00    4.10    0.00    0.00    0.00    0.00    0.00    0.00   86.75
16:04:48     all    6.83    0.00    2.84    0.00    0.00    0.00    0.00    0.00    0.00   90.34
16:04:49     all    4.70    0.00    2.11    0.00    0.00    0.00    0.00    0.00    0.00   93.19
16:04:50     all    2.98    0.00    1.68    0.00    0.00    0.00    0.00    0.00    0.00   95.34
16:04:51     all    2.85    0.00    1.63    0.00    0.00    0.00    0.00    0.00    0.00   95.52
Average:     all   32.74    0.00    9.49    0.00    0.00    0.00    0.00    0.00    0.00   57.77
