Linux 6.8.0-136-generic (856a17914eb3) 	08/10/26 	_x86_64_	(72 CPU)

09:50:43     CPU    %usr   %nice    %sys %iowait    %irq   %soft  %steal  %guest  %gnice   %idle
09:50:44     all   11.49    0.00    0.40    0.00    0.00    0.00    0.00    0.00    0.00   88.10
09:50:45     all    1.10    0.00    0.83    0.00    0.00    0.00    0.00    0.00    0.00   98.07
09:50:46     all    1.39    0.00    0.28    0.00    0.00    0.00    0.00    0.00    0.00   98.33
09:50:47     all    1.74    0.00    0.33    0.00    0.00    0.00    0.00    0.00    0.00   97.93
09:50:48     all    1.57    0.00    0.24    0.00    0.00    0.00    0.00    0.00    0.00   98.19
09:50:49     all    1.82    0.00    0.53    0.00    0.00    0.00    0.00    0.00    0.00   97.65
09:50:50     all    2.22    0.00    0.39    0.00    0.00    0.00    0.00    0.00    0.00   97.39
09:50:51     all    1.51    0.00    0.18    0.00    0.00    0.00    0.00    0.00    0.00   98.31
09:50:52     all    1.50    0.00    0.25    0.00    0.00    0.00    0.00    0.00    0.00   98.25
09:50:53     all    1.50    0.00    0.18    0.00    0.00    0.00    0.00    0.00    0.00   98.32
09:50:54     all    1.50    0.00    0.25    0.00    0.00    0.00    0.00    0.00    0.00   98.25
09:50:55     all    1.43    0.00    0.18    0.00    0.00    0.00    0.00    0.00    0.00   98.39
09:50:56     all    1.33    0.00    0.47    0.00    0.00    0.00    0.00    0.00    0.00   98.19
09:50:57     all    1.67    0.00    0.35    0.00    0.00    0.00    0.00    0.00    0.00   97.99
09:50:58     all    1.40    0.00    0.18    0.00    0.00    0.00    0.00    0.00    0.00   98.42
09:50:59     all    1.58    0.00    0.26    0.00    0.00    0.00    0.00    0.00    0.00   98.15
09:51:00     all    1.57    0.00    0.19    0.00    0.00    0.00    0.00    0.00    0.00   98.24
09:51:01     all    1.44    0.00    0.22    0.00    0.00    0.00    0.00    0.00    0.00   98.33
09:51:02     all    1.72    0.00    0.26    0.00    0.00    0.00    0.00    0.00    0.00   98.01
09:51:03     all    2.15    0.00    0.42    0.01    0.00    0.00    0.00    0.00    0.00   97.41
09:51:04     all    1.99    0.00    0.31    0.00    0.00    0.00    0.00    0.00    0.00   97.71
09:51:05     all    1.61    0.01    0.19    0.00    0.00    0.00    0.00    0.00    0.00   98.18
09:51:06     all    8.45    0.00    5.91    0.00    0.00    0.00    0.00    0.00    0.00   85.64
09:51:07     all   40.79    0.00    1.97    0.00    0.00    0.00    0.00    0.00    0.00   57.24
09:51:08     all   49.19    0.00    1.73    0.00    0.00    0.00    0.00    0.00    0.00   49.08
09:51:09     all   60.17    0.00    4.73    0.00    0.00    0.01    0.00    0.00    0.00   35.09
09:51:10     all   48.03    0.03    2.58    0.00    0.00    0.00    0.00    0.00    0.00   49.37
09:51:11     all   45.04    0.00    2.24    0.00    0.00    0.01    0.00    0.00    0.00   52.70
09:51:12     all   40.92    0.00    1.45    0.00    0.00    0.00    0.00    0.00    0.00   57.63
09:51:13     all   41.94    0.00    1.18    0.00    0.00    0.00    0.00    0.00    0.00   56.88
09:51:14     all   38.28    0.00    1.10    0.00    0.00    0.00    0.00    0.00    0.00   60.62
09:51:15     all   37.13    0.00    0.80    0.00    0.00    0.00    0.00    0.00    0.00   62.08
09:51:16     all   43.18    0.00    0.77    0.00    0.00    0.00    0.00    0.00    0.00   56.05
09:51:17     all   57.24    0.00    1.07    0.00    0.00    0.00    0.00    0.00    0.00   41.68
09:51:18     all   44.31    0.00    0.73    0.00    0.00    0.00    0.00    0.00    0.00   54.96
09:51:19     all   38.12    0.00    0.74    0.00    0.00    0.00    0.00    0.00    0.00   61.14
09:51:20     all   53.94    0.00    0.92    0.00    0.00    0.00    0.00    0.00    0.00   45.14
09:51:21     all   64.60    0.00    1.54    0.00    0.00    0.00    0.00    0.00    0.00   33.87
09:51:22     all   50.22    0.00    2.38    0.00    0.00    0.01    0.00    0.00    0.00   47.38
09:51:23     all   36.62    0.00    1.78    0.00    0.00    0.00    0.00    0.00    0.00   61.60
09:51:24     all   29.61    0.00    1.60    0.00    0.00    0.00    0.00    0.00    0.00   68.79
09:51:25     all   32.64    0.00    1.38    0.00    0.00    0.00    0.00    0.00    0.00   65.98
09:51:26     all   38.10    0.00    1.97    0.00    0.00    0.00    0.00    0.00    0.00   59.93
09:51:27     all   51.48    0.00    2.81    0.00    0.00    0.00    0.00    0.00    0.00   45.70
09:51:28     all   56.44    0.00    2.54    0.00    0.00    0.00    0.00    0.00    0.00   41.03
09:51:29     all   66.85    0.00    2.69    0.00    0.00    0.01    0.00    0.00    0.00   30.45
09:51:30     all   63.62    0.00    4.10    0.00    0.00    0.00    0.00    0.00    0.00   32.28
09:51:31     all   72.21    0.00    4.33    0.00    0.00    0.00    0.00    0.00    0.00   23.46
09:51:32     all   69.95    0.00    4.55    0.00    0.00    0.00    0.00    0.00    0.00   25.50
09:51:33     all   62.65    0.00    5.24    0.00    0.00    0.00    0.00    0.00    0.00   32.11
09:51:34     all   64.79    0.00    5.39    0.00    0.00    0.01    0.00    0.00    0.00   29.81
09:51:35     all   54.61    0.00    4.51    0.00    0.00    0.01    0.00    0.00    0.00   40.87
09:51:36     all   56.10    0.00    4.37    0.00    0.00    0.00    0.00    0.00    0.00   39.53
09:51:37     all   43.82    0.00    3.26    0.00    0.00    0.01    0.00    0.00    0.00   52.90
09:51:38     all   44.44    0.00    2.00    0.00    0.00    0.00    0.00    0.00    0.00   53.56
09:51:39     all   34.87    0.00    2.92    0.00    0.00    0.00    0.00    0.00    0.00   62.21
09:51:40     all   33.60    0.00    2.27    0.00    0.00    0.00    0.00    0.00    0.00   64.13
09:51:41     all   46.12    0.00    2.06    0.00    0.00    0.01    0.00    0.00    0.00   51.80
09:51:42     all   38.39    0.00    2.88    0.00    0.00    0.00    0.00    0.00    0.00   58.73
09:51:43     all   36.12    0.00    2.34    0.00    0.00    0.00    0.00    0.00    0.00   61.53
09:51:44     all   28.18    0.00    1.84    0.00    0.00    0.00    0.00    0.00    0.00   69.98
09:51:45     all   33.41    0.00    1.07    0.00    0.00    0.00    0.00    0.00    0.00   65.52
09:51:46     all   32.86    0.00    1.95    0.00    0.00    0.00    0.00    0.00    0.00   65.19
09:51:47     all   45.99    0.00    1.91    0.00    0.00    0.00    0.00    0.00    0.00   52.10
09:51:48     all   56.77    0.00    1.93    0.00    0.00    0.00    0.00    0.00    0.00   41.30
09:51:49     all   56.77    0.00    2.80    0.00    0.00    0.01    0.00    0.00    0.00   40.42
09:51:50     all   53.98    0.00    1.45    0.00    0.00    0.00    0.00    0.00    0.00   44.57
09:51:51     all   51.65    0.00    2.40    0.00    0.00    0.00    0.00    0.00    0.00   45.95
09:51:52     all   58.51    0.00    2.06    0.00    0.00    0.00    0.00    0.00    0.00   39.43
09:51:53     all   59.31    0.00    2.09    0.00    0.00    0.00    0.00    0.00    0.00   38.60
09:51:54     all   61.99    0.00    3.35    0.00    0.00    0.01    0.00    0.00    0.00   34.65
09:51:55     all   56.45    0.00    3.26    0.00    0.00    0.00    0.00    0.00    0.00   40.29
09:51:56     all   52.90    0.00    2.44    0.00    0.00    0.00    0.00    0.00    0.00   44.66
09:51:57     all   37.56    0.00    1.70    0.00    0.00    0.01    0.00    0.00    0.00   60.73
09:51:58     all   39.11    0.00    1.84    0.00    0.00    0.00    0.00    0.00    0.00   59.05
09:51:59     all   40.67    0.00    1.39    0.00    0.00    0.00    0.00    0.00    0.00   57.93
09:52:00     all   31.04    0.00    1.31    0.00    0.00    0.00    0.00    0.00    0.00   67.65
09:52:01     all   40.02    0.01    1.78    0.00    0.00    0.00    0.00    0.00    0.00   58.19
09:52:02     all   42.78    0.00    2.05    0.00    0.00    0.01    0.00    0.00    0.00   55.15
09:52:03     all   42.06    0.00    2.05    0.00    0.00    0.01    0.00    0.00    0.00   55.87
09:52:04     all   47.31    0.00    2.67    0.00    0.00    0.00    0.00    0.00    0.00   50.03
09:52:05     all   57.16    0.00    2.79    0.00    0.00    0.00    0.00    0.00    0.00   40.06
09:52:06     all   63.63    0.00    4.31    0.00    0.00    0.00    0.00    0.00    0.00   32.07
09:52:07     all   67.27    0.00    3.22    0.00    0.00    0.00    0.00    0.00    0.00   29.52
09:52:08     all   66.12    0.00    3.87    0.00    0.00    0.00    0.00    0.00    0.00   30.01
09:52:09     all   65.33    0.00    4.38    0.00    0.00    0.00    0.00    0.00    0.00   30.30
09:52:10     all   57.39    0.00    4.01    0.00    0.00    0.01    0.00    0.00    0.00   38.59
09:52:11     all   62.54    0.00    3.29    0.00    0.00    0.00    0.00    0.00    0.00   34.18
09:52:12     all   58.28    0.00    3.45    0.00    0.00    0.00    0.00    0.00    0.00   38.27
09:52:13     all   58.94    0.00    2.58    0.00    0.00    0.00    0.00    0.00    0.00   38.48
09:52:14     all   53.32    0.00    2.76    0.00    0.00    0.01    0.00    0.00    0.00   43.91
09:52:15     all   47.50    0.00    2.69    0.00    0.00    0.00    0.00    0.00    0.00   49.80
09:52:16     all   41.69    0.00    2.16    0.00    0.00    0.00    0.00    0.00    0.00   56.15
09:52:17     all   49.41    0.00    2.27    0.00    0.00    0.00    0.00    0.00    0.00   48.32
09:52:18     all   48.89    0.01    2.58    0.01    0.00    0.00    0.00    0.00    0.00   48.51
09:52:19     all   46.71    0.00    2.91    0.00    0.00    0.00    0.00    0.00    0.00   50.38
09:52:20     all   60.21    0.00    2.76    0.00    0.00    0.03    0.00    0.00    0.00   37.00
09:52:21     all   57.02    0.00    3.15    0.00    0.00    0.00    0.00    0.00    0.00   39.83
09:52:22     all   58.05    0.00    3.59    0.00    0.00    0.00    0.00    0.00    0.00   38.36
09:52:23     all   59.23    0.00    3.55    0.00    0.00    0.01    0.00    0.00    0.00   37.20
09:52:24     all   64.35    0.00    3.98    0.00    0.00    0.00    0.00    0.00    0.00   31.67
09:52:25     all   68.79    0.00    4.37    0.00    0.00    0.01    0.00    0.00    0.00   26.83
09:52:26     all   67.02    0.00    4.21    0.00    0.00    0.00    0.00    0.00    0.00   28.77
09:52:27     all   63.08    0.00    3.24    0.00    0.00    0.00    0.00    0.00    0.00   33.67
09:52:28     all   67.22    0.00    4.44    0.00    0.00    0.01    0.00    0.00    0.00   28.32
09:52:29     all   64.22    0.00    4.04    0.00    0.00    0.00    0.00    0.00    0.00   31.74
09:52:30     all   65.04    0.00    3.88    0.00    0.00    0.01    0.00    0.00    0.00   31.06
09:52:31     all   56.67    0.00    3.86    0.00    0.00    0.00    0.00    0.00    0.00   39.48
09:52:32     all   53.14    0.00    2.79    0.00    0.00    0.00    0.00    0.00    0.00   44.07
09:52:33     all   63.12    0.00    3.52    0.00    0.00    0.00    0.00    0.00    0.00   33.37
09:52:34     all   56.15    0.00    2.87    0.00    0.00    0.00    0.00    0.00    0.00   40.98
09:52:35     all   60.74    0.00    4.12    0.00    0.00    0.01    0.00    0.00    0.00   35.13
09:52:36     all   57.86    0.00    3.61    0.00    0.00    0.00    0.00    0.00    0.00   38.53
09:52:37     all   59.03    0.00    4.77    0.00    0.00    0.00    0.00    0.00    0.00   36.20
09:52:38     all   62.99    0.00    4.17    0.00    0.00    0.01    0.00    0.00    0.00   32.83
09:52:39     all   57.93    0.00    4.18    0.00    0.00    0.01    0.00    0.00    0.00   37.88
09:52:40     all   56.49    0.00    3.80    0.00    0.00    0.00    0.00    0.00    0.00   39.70
09:52:41     all   60.47    0.00    4.04    0.00    0.00    0.01    0.00    0.00    0.00   35.47
09:52:42     all   50.93    0.00    3.61    0.00    0.00    0.00    0.00    0.00    0.00   45.46
09:52:43     all   62.10    0.00    4.15    0.00    0.00    0.00    0.00    0.00    0.00   33.74
09:52:44     all   63.01    0.00    4.38    0.00    0.00    0.03    0.00    0.00    0.00   32.58
09:52:45     all   65.17    0.00    4.88    0.00    0.00    0.00    0.00    0.00    0.00   29.94
09:52:46     all   60.86    0.00    4.29    0.00    0.00    0.00    0.00    0.00    0.00   34.85
09:52:47     all   63.97    0.00    3.58    0.00    0.00    0.00    0.00    0.00    0.00   32.44
09:52:48     all   65.19    0.00    4.61    0.00    0.00    0.00    0.00    0.00    0.00   30.19
09:52:49     all   69.34    0.00    4.89    0.00    0.00    0.00    0.00    0.00    0.00   25.77
09:52:50     all   54.45    0.00    3.61    0.00    0.00    0.01    0.00    0.00    0.00   41.93
09:52:51     all   62.60    0.00    3.50    0.01    0.00    0.00    0.00    0.00    0.00   33.89
09:52:52     all   58.91    0.00    4.16    0.01    0.00    0.00    0.00    0.00    0.00   36.92
09:52:53     all   63.57    0.00    4.70    0.00    0.00    0.00    0.00    0.00    0.00   31.73
09:52:54     all   62.47    0.00    4.09    0.00    0.00    0.03    0.00    0.00    0.00   33.41
09:52:55     all   62.43    0.00    3.30    0.00    0.00    0.00    0.00    0.00    0.00   34.27
09:52:56     all   55.85    0.00    4.33    0.00    0.00    0.00    0.00    0.00    0.00   39.82
09:52:57     all   42.14    0.00    2.36    0.00    0.00    0.00    0.00    0.00    0.00   55.50
09:52:58     all   56.39    0.00    3.95    0.00    0.00    0.00    0.00    0.00    0.00   39.66
09:52:59     all   59.54    0.00    4.59    0.00    0.00    0.01    0.00    0.00    0.00   35.86
09:53:00     all   62.70    0.00    3.71    0.00    0.00    0.00    0.00    0.00    0.00   33.59
09:53:01     all   58.37    0.00    4.27    0.00    0.00    0.01    0.00    0.00    0.00   37.34
09:53:02     all   58.45    0.00    4.45    0.01    0.00    0.00    0.00    0.00    0.00   37.09
09:53:03     all   60.16    0.00    3.68    0.00    0.00    0.00    0.00    0.00    0.00   36.16
09:53:04     all   61.24    0.00    4.11    0.00    0.00    0.00    0.00    0.00    0.00   34.65
09:53:05     all   55.53    0.00    4.29    0.00    0.00    0.01    0.00    0.00    0.00   40.16
09:53:06     all   52.78    0.00    4.21    0.00    0.00    0.00    0.00    0.00    0.00   43.02
09:53:07     all   65.37    0.00    4.72    0.00    0.00    0.03    0.00    0.00    0.00   29.88
09:53:08     all   55.65    0.00    4.45    0.00    0.00    0.00    0.00    0.00    0.00   39.90
09:53:09     all   58.93    0.00    4.52    0.00    0.00    0.01    0.00    0.00    0.00   36.53
09:53:10     all   58.35    0.00    3.76    0.00    0.00    0.00    0.00    0.00    0.00   37.89
09:53:11     all   59.17    0.00    5.58    0.00    0.00    0.01    0.00    0.00    0.00   35.23
09:53:12     all   68.48    0.00    4.47    0.00    0.00    0.00    0.00    0.00    0.00   27.05
09:53:13     all   68.36    0.00    4.09    0.01    0.00    0.00    0.00    0.00    0.00   27.53
09:53:14     all   63.68    0.00    3.54    0.00    0.00    0.03    0.00    0.00    0.00   32.75
09:53:15     all   66.38    0.00    4.13    0.00    0.00    0.01    0.00    0.00    0.00   29.48
09:53:16     all   70.49    0.00    4.84    0.00    0.00    0.00    0.00    0.00    0.00   24.67
09:53:17     all   64.81    0.00    4.67    0.00    0.00    0.01    0.00    0.00    0.00   30.51
09:53:18     all   63.33    0.00    4.07    0.00    0.00    0.00    0.00    0.00    0.00   32.60
09:53:19     all   65.26    0.00    5.11    0.00    0.00    0.00    0.00    0.00    0.00   29.63
09:53:20     all   67.15    0.00    4.39    0.00    0.00    0.00    0.00    0.00    0.00   28.45
09:53:21     all   67.50    0.00    5.87    0.00    0.00    0.01    0.00    0.00    0.00   26.62
09:53:22     all   60.86    0.00    4.84    0.00    0.00    0.00    0.00    0.00    0.00   34.30
09:53:23     all   56.73    0.00    5.23    0.00    0.00    0.01    0.00    0.00    0.00   38.03
09:53:24     all   62.61    0.00    4.57    0.00    0.00    0.00    0.00    0.00    0.00   32.81
09:53:25     all   55.78    0.00    6.28    0.00    0.00    0.00    0.00    0.00    0.00   37.94
09:53:26     all   62.80    0.00    4.83    0.00    0.00    0.01    0.00    0.00    0.00   32.36
09:53:27     all   69.58    0.00    5.77    0.00    0.00    0.01    0.00    0.00    0.00   24.64
09:53:28     all   65.64    0.00    4.10    0.00    0.00    0.00    0.00    0.00    0.00   30.27
09:53:29     all   68.35    0.00    5.74    0.00    0.00    0.00    0.00    0.00    0.00   25.90
09:53:30     all   63.28    0.00    5.29    0.00    0.00    0.01    0.00    0.00    0.00   31.41
09:53:31     all   63.09    0.00    5.53    0.00    0.00    0.01    0.00    0.00    0.00   31.36
09:53:32     all   65.33    0.00    5.20    0.00    0.00    0.00    0.00    0.00    0.00   29.47
09:53:33     all   68.81    0.00    5.06    0.00    0.00    0.00    0.00    0.00    0.00   26.13
09:53:34     all   68.00    0.00    5.40    0.00    0.00    0.01    0.00    0.00    0.00   26.58
09:53:35     all   65.50    0.00    4.97    0.00    0.00    0.00    0.00    0.00    0.00   29.53
09:53:36     all   67.53    0.00    4.43    0.00    0.00    0.00    0.00    0.00    0.00   28.04
09:53:37     all   61.54    0.00    3.96    0.00    0.00    0.00    0.00    0.00    0.00   34.50
09:53:38     all   58.11    0.00    5.07    0.00    0.00    0.01    0.00    0.00    0.00   36.80
09:53:39     all   60.48    0.00    5.21    0.00    0.00    0.00    0.00    0.00    0.00   34.31
09:53:40     all   51.65    0.00    4.85    0.00    0.00    0.00    0.00    0.00    0.00   43.49
09:53:41     all   58.26    0.00    4.48    0.00    0.00    0.03    0.00    0.00    0.00   37.24
09:53:42     all   61.78    0.00    5.31    0.00    0.00    0.00    0.00    0.00    0.00   32.92
09:53:43     all   60.88    0.00    5.29    0.00    0.00    0.00    0.00    0.00    0.00   33.83
09:53:44     all   64.64    0.00    5.65    0.00    0.00    0.00    0.00    0.00    0.00   29.71
09:53:45     all   69.23    0.00    4.91    0.00    0.00    0.00    0.00    0.00    0.00   25.86
09:53:46     all   61.17    0.00    4.47    0.00    0.00    0.01    0.00    0.00    0.00   34.35
09:53:47     all   62.53    0.00    4.92    0.00    0.00    0.00    0.00    0.00    0.00   32.54
09:53:48     all   68.10    0.00    5.09    0.00    0.00    0.00    0.00    0.00    0.00   26.81
09:53:49     all   61.79    0.00    4.07    0.00    0.00    0.01    0.00    0.00    0.00   34.13
09:53:50     all   56.90    0.00    4.66    0.00    0.00    0.00    0.00    0.00    0.00   38.43
09:53:51     all   52.85    0.00    3.90    0.00    0.00    0.00    0.00    0.00    0.00   43.25
09:53:52     all   55.16    0.00    5.79    0.00    0.00    0.00    0.00    0.00    0.00   39.05
09:53:53     all   62.67    0.00    5.83    0.00    0.00    0.00    0.00    0.00    0.00   31.50
09:53:54     all   67.40    0.00    5.42    0.00    0.00    0.01    0.00    0.00    0.00   27.17
09:53:55     all   52.68    0.00    5.55    0.00    0.00    0.00    0.00    0.00    0.00   41.78
09:53:56     all   67.90    0.00    5.79    0.00    0.00    0.00    0.00    0.00    0.00   26.31
09:53:57     all   64.72    0.00    5.72    0.00    0.00    0.01    0.00    0.00    0.00   29.54
09:53:58     all   65.17    0.00    6.11    0.00    0.00    0.00    0.00    0.00    0.00   28.72
09:53:59     all   65.00    0.00    5.60    0.00    0.00    0.01    0.00    0.00    0.00   29.38
09:54:00     all   67.64    0.00    7.12    0.00    0.00    0.00    0.00    0.00    0.00   25.24
09:54:01     all   54.27    0.00    5.56    0.00    0.00    0.01    0.00    0.00    0.00   40.16
09:54:02     all   64.48    0.00    6.28    0.00    0.00    0.00    0.00    0.00    0.00   29.24
09:54:03     all   62.54    0.00    6.53    0.00    0.00    0.00    0.00    0.00    0.00   30.92
09:54:04     all   64.26    0.00    6.43    0.00    0.00    0.00    0.00    0.00    0.00   29.31
09:54:05     all   61.20    0.00    6.06    0.00    0.00    0.01    0.00    0.00    0.00   32.73
09:54:06     all   65.82    0.00    7.00    0.00    0.00    0.00    0.00    0.00    0.00   27.18
09:54:07     all   46.58    0.00    5.47    0.00    0.00    0.00    0.00    0.00    0.00   47.95
09:54:08     all   26.42    0.00    5.25    0.00    0.00    0.00    0.00    0.00    0.00   68.33
09:54:09     all   22.12    0.00    4.81    0.00    0.00    0.00    0.00    0.00    0.00   73.07
09:54:10     all   19.00    0.00    4.08    0.00    0.00    0.00    0.00    0.00    0.00   76.92
09:54:11     all   16.05    0.00    3.38    0.00    0.00    0.00    0.00    0.00    0.00   80.58
09:54:12     all   15.98    0.00    3.27    0.00    0.00    0.00    0.00    0.00    0.00   80.75
09:54:13     all   13.95    0.00    2.92    0.00    0.00    0.00    0.00    0.00    0.00   83.13
09:54:14     all   11.91    0.00    2.61    0.00    0.00    0.00    0.00    0.00    0.00   85.47
09:54:15     all   11.93    0.00    2.00    0.00    0.00    0.00    0.00    0.00    0.00   86.06
09:54:16     all    8.79    0.00    2.00    0.00    0.00    0.00    0.00    0.00    0.00   89.20
09:54:17     all    7.92    0.00    1.79    0.00    0.00    0.00    0.00    0.00    0.00   90.29
09:54:18     all    6.95    0.00    1.70    0.00    0.00    0.00    0.00    0.00    0.00   91.35
09:54:19     all    7.01    0.00    1.40    0.00    0.00    0.01    0.00    0.00    0.00   91.58
09:54:20     all    5.77    0.01    1.27    0.00    0.00    0.00    0.00    0.00    0.00   92.95
09:54:21     all    5.54    0.00    1.24    0.00    0.00    0.00    0.00    0.00    0.00   93.22
09:54:22     all    4.74    0.00    1.11    0.00    0.00    0.00    0.00    0.00    0.00   94.15
09:54:23     all    4.70    0.00    1.04    0.00    0.00    0.00    0.00    0.00    0.00   94.26
Average:     all   47.68    0.00    3.33    0.00    0.00    0.00    0.00    0.00    0.00   48.99
