Linux 6.8.0-136-generic (856a17914eb3) 	08/10/26 	_x86_64_	(72 CPU)

08:34:47     CPU    %usr   %nice    %sys %iowait    %irq   %soft  %steal  %guest  %gnice   %idle
08:34:48     all   11.38    0.00    0.35    0.00    0.00    0.00    0.00    0.00    0.00   88.27
08:34:49     all    1.10    0.00    0.82    0.00    0.00    0.00    0.00    0.00    0.00   98.08
08:34:50     all    1.54    0.00    0.19    0.00    0.00    0.00    0.00    0.00    0.00   98.26
08:34:51     all    1.46    0.00    0.28    0.00    0.00    0.00    0.00    0.00    0.00   98.26
08:34:52     all    2.20    0.00    0.46    0.00    0.00    0.00    0.00    0.00    0.00   97.35
08:34:53     all    1.60    0.00    0.24    0.00    0.00    0.00    0.00    0.00    0.00   98.17
08:34:54     all    1.39    0.00    0.19    0.00    0.00    0.00    0.00    0.00    0.00   98.42
08:34:55     all    1.56    0.00    0.19    0.00    0.00    0.00    0.00    0.00    0.00   98.25
08:34:56     all    1.31    0.00    0.61    0.00    0.00    0.00    0.00    0.00    0.00   98.08
08:34:57     all    1.43    0.00    0.26    0.00    0.00    0.01    0.00    0.00    0.00   98.29
08:34:58     all    1.62    0.00    0.24    0.00    0.00    0.01    0.00    0.00    0.00   98.13
08:34:59     all    1.72    0.00    0.19    0.00    0.00    0.01    0.00    0.00    0.00   98.07
08:35:00     all    1.43    0.00    0.51    0.00    0.00    0.00    0.00    0.00    0.00   98.06
08:35:01     all    1.83    0.00    0.38    0.00    0.00    0.00    0.00    0.00    0.00   97.79
08:35:02     all    3.19    0.00    1.03    0.00    0.00    0.00    0.00    0.00    0.00   95.78
08:35:03     all   24.16    0.00    4.31    0.00    0.00    0.00    0.00    0.00    0.00   71.53
08:35:04     all   30.60    0.00    1.13    0.00    0.00    0.00    0.00    0.00    0.00   68.27
08:35:05     all   41.51    0.00    2.42    0.00    0.00    0.01    0.00    0.00    0.00   56.06
08:35:06     all   32.48    0.00    1.45    0.00    0.00    0.00    0.00    0.00    0.00   66.07
08:35:07     all   35.46    0.00    1.51    0.00    0.00    0.00    0.00    0.00    0.00   63.04
08:35:08     all   30.43    0.01    1.25    0.00    0.00    0.01    0.00    0.00    0.00   68.29
08:35:09     all   29.85    0.00    0.53    0.00    0.00    0.00    0.00    0.00    0.00   69.62
08:35:10     all   30.19    0.00    0.84    0.00    0.00    0.00    0.00    0.00    0.00   68.97
08:35:11     all   28.37    0.00    0.74    0.00    0.00    0.01    0.00    0.00    0.00   70.88
08:35:12     all   26.38    0.00    0.40    0.01    0.00    0.00    0.00    0.00    0.00   73.20
08:35:13     all   31.13    0.00    0.57    0.00    0.00    0.00    0.00    0.00    0.00   68.30
08:35:14     all   35.90    0.01    0.63    0.00    0.00    0.00    0.00    0.00    0.00   63.46
08:35:15     all   38.07    0.00    0.72    0.00    0.00    0.00    0.00    0.00    0.00   61.20
08:35:16     all   27.69    0.00    0.59    0.00    0.00    0.00    0.00    0.00    0.00   71.72
08:35:17     all   27.44    0.01    0.80    0.00    0.00    0.01    0.00    0.00    0.00   71.74
08:35:18     all   41.57    0.00    1.13    0.01    0.00    0.00    0.00    0.00    0.00   57.28
08:35:19     all   41.06    0.00    1.24    0.00    0.00    0.01    0.00    0.00    0.00   57.68
08:35:20     all   29.98    0.00    1.64    0.00    0.00    0.00    0.00    0.00    0.00   68.37
08:35:21     all   24.41    0.00    1.35    0.00    0.00    0.00    0.00    0.00    0.00   74.24
08:35:22     all   25.94    0.00    1.16    0.00    0.00    0.01    0.00    0.00    0.00   72.89
08:35:23     all   22.91    0.00    1.02    0.00    0.00    0.00    0.00    0.00    0.00   76.07
08:35:24     all   27.65    0.00    1.16    0.00    0.00    0.00    0.00    0.00    0.00   71.19
08:35:25     all   28.92    0.00    1.64    0.01    0.00    0.00    0.00    0.00    0.00   69.42
08:35:26     all   28.50    0.00    1.36    0.00    0.00    0.00    0.00    0.00    0.00   70.14
08:35:27     all   34.10    0.00    1.35    0.00    0.00    0.00    0.00    0.00    0.00   64.55
08:35:28     all   40.70    0.00    2.25    0.00    0.00    0.00    0.00    0.00    0.00   57.05
08:35:29     all   42.03    0.00    2.06    0.00    0.00    0.00    0.00    0.00    0.00   55.91
08:35:30     all   40.31    0.00    2.76    0.00    0.00    0.00    0.00    0.00    0.00   56.93
08:35:31     all   46.67    0.00    3.22    0.00    0.00    0.01    0.00    0.00    0.00   50.10
08:35:32     all   43.67    0.00    2.88    0.00    0.00    0.00    0.00    0.00    0.00   53.45
08:35:33     all   35.76    0.00    2.92    0.00    0.00    0.00    0.00    0.00    0.00   61.31
08:35:34     all   37.97    0.00    3.06    0.00    0.00    0.00    0.00    0.00    0.00   58.96
08:35:35     all   37.57    0.00    2.39    0.01    0.00    0.00    0.00    0.00    0.00   60.02
08:35:36     all   27.72    0.00    1.91    0.01    0.00    0.00    0.00    0.00    0.00   70.36
08:35:37     all   19.63    0.00    1.57    0.00    0.00    0.00    0.00    0.00    0.00   78.80
08:35:38     all   29.17    0.00    1.78    0.00    0.00    0.00    0.00    0.00    0.00   69.05
08:35:39     all   32.83    0.00    1.68    0.00    0.00    0.00    0.00    0.00    0.00   65.49
08:35:40     all   33.97    0.00    1.70    0.00    0.00    0.00    0.00    0.00    0.00   64.33
08:35:41     all   23.10    0.00    1.31    0.00    0.00    0.00    0.00    0.00    0.00   75.59
08:35:42     all   22.83    0.00    1.17    0.00    0.00    0.00    0.00    0.00    0.00   76.00
08:35:43     all   24.39    0.00    1.54    0.00    0.00    0.00    0.00    0.00    0.00   74.06
08:35:44     all   28.05    0.00    1.23    0.00    0.00    0.01    0.00    0.00    0.00   70.71
08:35:45     all   25.24    0.00    0.98    0.00    0.00    0.00    0.00    0.00    0.00   73.78
08:35:46     all   28.20    0.00    1.14    0.00    0.00    0.00    0.00    0.00    0.00   70.66
08:35:47     all   30.88    0.00    1.77    0.00    0.00    0.00    0.00    0.00    0.00   67.35
08:35:48     all   28.66    0.00    0.92    0.00    0.00    0.00    0.00    0.00    0.00   70.42
08:35:49     all   27.46    0.00    1.25    0.00    0.00    0.00    0.00    0.00    0.00   71.29
08:35:50     all   39.24    0.00    1.20    0.00    0.00    0.00    0.00    0.00    0.00   59.56
08:35:51     all   39.57    0.00    1.45    0.00    0.00    0.00    0.00    0.00    0.00   58.98
08:35:52     all   38.80    0.00    2.10    0.01    0.00    0.00    0.00    0.00    0.00   59.08
08:35:53     all   49.61    0.00    1.29    0.00    0.00    0.00    0.00    0.00    0.00   49.09
08:35:54     all   39.68    0.00    1.61    0.00    0.00    0.01    0.00    0.00    0.00   58.69
08:35:55     all   36.31    0.00    1.70    0.00    0.00    0.00    0.00    0.00    0.00   61.99
08:35:56     all   31.58    0.00    1.44    0.00    0.00    0.00    0.00    0.00    0.00   66.98
08:35:57     all   35.88    0.00    1.92    0.00    0.00    0.00    0.00    0.00    0.00   62.20
08:35:58     all   27.42    0.00    1.60    0.00    0.00    0.00    0.00    0.00    0.00   70.98
08:35:59     all   31.30    0.00    2.02    0.00    0.00    0.00    0.00    0.00    0.00   66.68
08:36:00     all   29.91    0.00    1.77    0.00    0.00    0.01    0.00    0.00    0.00   68.31
08:36:01     all   22.68    0.00    1.38    0.00    0.00    0.00    0.00    0.00    0.00   75.94
08:36:02     all   25.46    0.00    1.64    0.00    0.00    0.00    0.00    0.00    0.00   72.90
08:36:03     all   24.59    0.00    1.28    0.00    0.00    0.00    0.00    0.00    0.00   74.13
08:36:04     all   13.22    0.00    1.38    0.00    0.00    0.00    0.00    0.00    0.00   85.40
08:36:05     all    2.33    0.00    0.56    0.00    0.00    0.00    0.00    0.00    0.00   97.11
08:36:06     all    1.60    0.00    0.36    0.00    0.00    0.00    0.00    0.00    0.00   98.04
08:36:07     all    1.57    0.00    0.46    0.00    0.00    0.00    0.00    0.00    0.00   97.97
08:36:08     all    1.14    0.00    0.38    0.00    0.00    0.00    0.00    0.00    0.00   98.49
08:36:09     all    1.88    0.00    0.78    0.01    0.00    0.00    0.00    0.00    0.00   97.33
08:36:10     all    1.77    0.00    0.36    0.00    0.00    0.00    0.00    0.00    0.00   97.87
08:36:11     all    1.19    0.00    0.31    0.00    0.00    0.00    0.00    0.00    0.00   98.50
08:36:12     all    1.50    0.00    0.25    0.00    0.00    0.00    0.00    0.00    0.00   98.25
08:36:13     all    1.43    0.00    0.31    0.00    0.00    0.00    0.00    0.00    0.00   98.26
08:36:14     all    1.26    0.00    0.38    0.00    0.00    0.00    0.00    0.00    0.00   98.36
08:36:15     all    1.42    0.01    0.32    0.00    0.00    0.00    0.00    0.00    0.00   98.25
08:36:16     all    1.43    0.00    0.35    0.00    0.00    0.00    0.00    0.00    0.00   98.22
08:36:17     all    1.26    0.00    0.28    0.00    0.00    0.00    0.00    0.00    0.00   98.46
08:36:18     all    1.50    0.00    0.36    0.00    0.00    0.00    0.00    0.00    0.00   98.14
08:36:19     all    1.49    0.00    0.50    0.00    0.00    0.00    0.00    0.00    0.00   98.01
08:36:20     all    1.22    0.00    0.32    0.00    0.00    0.00    0.00    0.00    0.00   98.46
08:36:21     all    1.43    0.00    0.42    0.01    0.00    0.00    0.00    0.00    0.00   98.14
08:36:22     all    1.92    0.00    0.43    0.00    0.00    0.00    0.00    0.00    0.00   97.65
08:36:23     all    1.19    0.00    0.40    0.00    0.00    0.00    0.00    0.00    0.00   98.40
08:36:24     all    1.31    0.00    0.51    0.00    0.00    0.00    0.00    0.00    0.00   98.18
08:36:25     all    2.10    0.00    0.85    0.00    0.00    0.00    0.00    0.00    0.00   97.05
08:36:26     all    1.54    0.00    0.44    0.00    0.00    0.00    0.00    0.00    0.00   98.01
08:36:27     all    1.56    0.00    0.33    0.00    0.00    0.00    0.00    0.00    0.00   98.11
Average:     all   20.35    0.00    1.12    0.00    0.00    0.00    0.00    0.00    0.00   78.53
