Linux 6.8.0-136-generic (856a17914eb3) 	08/10/26 	_x86_64_	(72 CPU)

09:03:45     CPU    %usr   %nice    %sys %iowait    %irq   %soft  %steal  %guest  %gnice   %idle
09:03:46     all   11.35    0.00    0.46    0.00    0.00    0.00    0.00    0.00    0.00   88.19
09:03:47     all    1.15    0.00    0.85    0.00    0.00    0.00    0.00    0.00    0.00   98.00
09:03:48     all    1.62    0.00    0.25    0.00    0.00    0.00    0.00    0.00    0.00   98.13
09:03:49     all    1.90    0.00    0.38    0.00    0.00    0.00    0.00    0.00    0.00   97.72
09:03:50     all    1.61    0.00    0.31    0.00    0.00    0.00    0.00    0.00    0.00   98.08
09:03:51     all    1.58    0.00    0.21    0.00    0.00    0.00    0.00    0.00    0.00   98.21
09:03:52     all    1.46    0.00    0.25    0.00    0.00    0.01    0.00    0.00    0.00   98.28
09:03:53     all    1.54    0.00    0.18    0.00    0.00    0.00    0.00    0.00    0.00   98.28
09:03:54     all    1.28    0.00    0.70    0.00    0.00    0.00    0.00    0.00    0.00   98.03
09:03:55     all    1.50    0.00    0.21    0.00    0.00    0.00    0.00    0.00    0.00   98.29
09:03:56     all    1.39    0.00    0.18    0.00    0.00    0.00    0.00    0.00    0.00   98.43
09:03:57     all    1.62    0.00    0.18    0.00    0.00    0.00    0.00    0.00    0.00   98.19
09:03:58     all    1.47    0.00    0.22    0.00    0.00    0.00    0.00    0.00    0.00   98.30
09:03:59     all    1.45    0.00    0.28    0.00    0.00    0.00    0.00    0.00    0.00   98.28
09:04:00     all    1.58    0.00    0.15    0.00    0.00    0.00    0.00    0.00    0.00   98.26
09:04:01     all   21.85    0.00    3.79    0.00    0.00    0.01    0.00    0.00    0.00   74.35
09:04:02     all   31.01    0.00    1.24    0.00    0.00    0.00    0.00    0.00    0.00   67.75
09:04:03     all   41.77    0.00    2.47    0.00    0.00    0.00    0.00    0.00    0.00   55.76
09:04:04     all   35.61    0.00    2.09    0.00    0.00    0.00    0.00    0.00    0.00   62.30
09:04:05     all   33.08    0.00    1.74    0.00    0.00    0.00    0.00    0.00    0.00   65.18
09:04:06     all   32.01    0.00    1.23    0.00    0.00    0.00    0.00    0.00    0.00   66.76
09:04:07     all   28.84    0.00    0.72    0.00    0.00    0.00    0.00    0.00    0.00   70.44
09:04:08     all   29.50    0.00    0.91    0.00    0.00    0.00    0.00    0.00    0.00   69.59
09:04:09     all   29.37    0.00    0.84    0.00    0.00    0.00    0.00    0.00    0.00   69.79
09:04:10     all   26.55    0.00    0.47    0.00    0.00    0.00    0.00    0.00    0.00   72.98
09:04:11     all   30.33    0.00    0.53    0.00    0.00    0.00    0.00    0.00    0.00   69.14
09:04:12     all   32.71    0.00    0.42    0.00    0.00    0.00    0.00    0.00    0.00   66.88
09:04:13     all   37.08    0.00    0.63    0.00    0.00    0.03    0.00    0.00    0.00   62.26
09:04:14     all   30.57    0.00    0.57    0.00    0.00    0.00    0.00    0.00    0.00   68.86
09:04:15     all   27.62    0.00    0.68    0.00    0.00    0.00    0.00    0.00    0.00   71.70
09:04:16     all   37.91    0.00    0.75    0.00    0.00    0.00    0.00    0.00    0.00   61.34
09:04:17     all   41.60    0.00    1.06    0.00    0.00    0.00    0.00    0.00    0.00   57.34
09:04:18     all   30.04    0.00    1.88    0.00    0.00    0.01    0.00    0.00    0.00   68.06
09:04:19     all   25.97    0.00    1.20    0.00    0.00    0.00    0.00    0.00    0.00   72.83
09:04:20     all   23.78    0.00    1.50    0.00    0.00    0.00    0.00    0.00    0.00   74.71
09:04:21     all   23.58    0.00    1.29    0.00    0.00    0.00    0.00    0.00    0.00   75.13
09:04:22     all   28.05    0.00    1.51    0.00    0.00    0.01    0.00    0.00    0.00   70.43
09:04:23     all   29.39    0.00    1.42    0.00    0.00    0.00    0.00    0.00    0.00   69.19
09:04:24     all   29.38    0.00    1.78    0.00    0.00    0.00    0.00    0.00    0.00   68.84
09:04:25     all   30.94    0.00    1.34    0.00    0.00    0.01    0.00    0.00    0.00   67.71
09:04:26     all   34.70    0.00    2.10    0.00    0.00    0.00    0.00    0.00    0.00   63.19
09:04:27     all   44.60    0.00    1.78    0.00    0.00    0.00    0.00    0.00    0.00   53.62
09:04:28     all   46.51    0.00    2.85    0.00    0.00    0.00    0.00    0.00    0.00   50.63
09:04:29     all   44.70    0.00    2.73    0.00    0.00    0.00    0.00    0.00    0.00   52.57
09:04:30     all   44.00    0.00    4.69    0.00    0.00    0.00    0.00    0.00    0.00   51.31
09:04:31     all   41.88    0.00    3.38    0.00    0.00    0.00    0.00    0.00    0.00   54.74
09:04:32     all   44.15    0.00    4.31    0.00    0.00    0.00    0.00    0.00    0.00   51.54
09:04:33     all   37.26    0.00    2.28    0.00    0.00    0.03    0.00    0.00    0.00   60.43
09:04:34     all   24.84    0.00    2.06    0.00    0.00    0.00    0.00    0.00    0.00   73.10
09:04:35     all   13.94    0.00    2.37    0.00    0.00    0.00    0.00    0.00    0.00   83.70
09:04:36     all   26.65    0.00    1.32    0.00    0.00    0.00    0.00    0.00    0.00   72.02
09:04:37     all   28.90    0.00    1.36    0.00    0.00    0.00    0.00    0.00    0.00   69.73
09:04:38     all   27.23    0.00    1.17    0.00    0.00    0.00    0.00    0.00    0.00   71.60
09:04:39     all   29.74    0.00    1.42    0.00    0.00    0.00    0.00    0.00    0.00   68.84
09:04:40     all   34.38    0.00    1.84    0.00    0.00    0.00    0.00    0.00    0.00   63.78
09:04:41     all   28.98    0.00    2.38    0.00    0.00    0.00    0.00    0.00    0.00   68.64
09:04:42     all   21.83    0.00    1.22    0.00    0.00    0.00    0.00    0.00    0.00   76.94
09:04:43     all   21.23    0.00    1.76    0.00    0.00    0.00    0.00    0.00    0.00   77.02
09:04:44     all   23.11    0.03    1.53    0.00    0.00    0.01    0.00    0.00    0.00   75.32
09:04:45     all   22.27    0.00    1.32    0.00    0.00    0.00    0.00    0.00    0.00   76.40
09:04:46     all   24.12    0.00    0.89    0.00    0.00    0.00    0.00    0.00    0.00   74.99
09:04:47     all   35.76    0.00    1.46    0.00    0.00    0.01    0.00    0.00    0.00   62.76
09:04:48     all   37.30    0.00    1.51    0.00    0.00    0.00    0.00    0.00    0.00   61.20
09:04:49     all   37.35    0.00    0.79    0.00    0.00    0.00    0.00    0.00    0.00   61.85
09:04:50     all   37.92    0.00    1.42    0.00    0.00    0.00    0.00    0.00    0.00   60.66
09:04:51     all   39.77    0.00    1.59    0.00    0.00    0.00    0.00    0.00    0.00   58.64
09:04:52     all   44.57    0.00    1.81    0.00    0.00    0.00    0.00    0.00    0.00   53.62
09:04:53     all   44.77    0.00    2.26    0.01    0.00    0.03    0.00    0.00    0.00   52.93
09:04:54     all   33.44    0.00    1.39    0.00    0.00    0.00    0.00    0.00    0.00   65.17
09:04:55     all   36.28    0.00    1.63    0.00    0.00    0.00    0.00    0.00    0.00   62.09
09:04:56     all   35.48    0.00    1.55    0.00    0.00    0.00    0.00    0.00    0.00   62.97
09:04:57     all   35.34    0.00    1.67    0.00    0.00    0.00    0.00    0.00    0.00   62.98
09:04:58     all   31.42    0.00    1.54    0.00    0.00    0.00    0.00    0.00    0.00   67.03
09:04:59     all   22.74    0.00    1.31    0.00    0.00    0.00    0.00    0.00    0.00   75.95
09:05:00     all   21.47    0.00    1.99    0.00    0.00    0.00    0.00    0.00    0.00   76.54
09:05:01     all   26.35    0.00    1.74    0.00    0.00    0.00    0.00    0.00    0.00   71.91
09:05:02     all   28.92    0.00    2.34    0.00    0.00    0.01    0.00    0.00    0.00   68.73
09:05:03     all   27.56    0.00    1.60    0.00    0.00    0.00    0.00    0.00    0.00   70.84
09:05:04     all   31.68    0.00    1.49    0.00    0.00    0.01    0.00    0.00    0.00   66.82
09:05:05     all   38.67    0.00    1.63    0.00    0.00    0.00    0.00    0.00    0.00   59.70
09:05:06     all   22.51    0.00    1.59    0.00    0.00    0.00    0.00    0.00    0.00   75.90
09:05:07     all   28.30    0.00    1.67    0.00    0.00    0.00    0.00    0.00    0.00   70.02
09:05:08     all   43.94    0.00    2.26    0.00    0.00    0.00    0.00    0.00    0.00   53.80
09:05:09     all   41.78    0.03    2.34    0.00    0.00    0.00    0.00    0.00    0.00   55.85
09:05:10     all   45.19    0.00    3.22    0.00    0.00    0.00    0.00    0.00    0.00   51.59
09:05:11     all   42.78    0.00    2.69    0.00    0.00    0.01    0.00    0.00    0.00   54.52
09:05:12     all   44.98    0.00    1.88    0.00    0.00    0.01    0.00    0.00    0.00   53.13
09:05:13     all   38.38    0.00    1.99    0.00    0.00    0.00    0.00    0.00    0.00   59.63
09:05:14     all   37.23    0.00    2.25    0.00    0.00    0.00    0.00    0.00    0.00   60.52
09:05:15     all   34.83    0.00    1.70    0.00    0.00    0.00    0.00    0.00    0.00   63.47
09:05:16     all   28.30    0.00    1.69    0.00    0.00    0.00    0.00    0.00    0.00   70.01
09:05:17     all   31.48    0.00    1.77    0.00    0.00    0.00    0.00    0.00    0.00   66.75
09:05:18     all   29.22    0.00    1.54    0.00    0.00    0.00    0.00    0.00    0.00   69.24
09:05:19     all   34.14    0.00    1.59    0.00    0.00    0.00    0.00    0.00    0.00   64.27
09:05:20     all   35.19    0.00    1.52    0.00    0.00    0.00    0.00    0.00    0.00   63.29
09:05:21     all   33.09    0.00    2.02    0.00    0.00    0.01    0.00    0.00    0.00   64.88
09:05:22     all   34.70    0.00    2.09    0.01    0.00    0.01    0.00    0.00    0.00   63.18
09:05:23     all   36.04    0.00    1.92    0.00    0.00    0.00    0.00    0.00    0.00   62.04
09:05:24     all   39.83    0.00    1.81    0.00    0.00    0.00    0.00    0.00    0.00   58.36
09:05:25     all   34.88    0.00    2.48    0.00    0.00    0.00    0.00    0.00    0.00   62.64
09:05:26     all   37.43    0.00    2.48    0.00    0.00    0.00    0.00    0.00    0.00   60.09
09:05:27     all   45.51    0.00    2.78    0.00    0.00    0.00    0.00    0.00    0.00   51.70
09:05:28     all   44.33    0.00    2.63    0.00    0.00    0.00    0.00    0.00    0.00   53.04
09:05:29     all   41.22    0.00    2.27    0.00    0.00    0.00    0.00    0.00    0.00   56.51
09:05:30     all   35.37    0.00    2.63    0.00    0.00    0.00    0.00    0.00    0.00   62.00
09:05:31     all   38.84    0.00    2.30    0.00    0.00    0.00    0.00    0.00    0.00   58.86
09:05:32     all   42.73    0.00    2.02    0.00    0.00    0.01    0.00    0.00    0.00   55.24
09:05:33     all   37.47    0.00    2.59    0.00    0.00    0.00    0.00    0.00    0.00   59.94
09:05:34     all   42.61    0.00    2.49    0.00    0.00    0.00    0.00    0.00    0.00   54.90
09:05:35     all   37.92    0.00    3.02    0.01    0.00    0.00    0.00    0.00    0.00   59.04
09:05:36     all   38.44    0.00    2.74    0.00    0.00    0.00    0.00    0.00    0.00   58.82
09:05:37     all   35.77    0.00    2.69    0.00    0.00    0.00    0.00    0.00    0.00   61.55
09:05:38     all   22.43    0.00    2.45    0.00    0.00    0.00    0.00    0.00    0.00   75.12
09:05:39     all   20.19    0.00    2.71    0.00    0.00    0.00    0.00    0.00    0.00   77.10
09:05:40     all   29.98    0.00    2.03    0.00    0.00    0.00    0.00    0.00    0.00   67.99
09:05:41     all   36.13    0.00    2.40    0.00    0.00    0.01    0.00    0.00    0.00   61.46
09:05:42     all   34.86    0.00    2.52    0.00    0.00    0.00    0.00    0.00    0.00   62.62
09:05:43     all   39.72    0.00    2.90    0.00    0.00    0.00    0.00    0.00    0.00   57.38
09:05:44     all   38.90    0.00    3.17    0.00    0.00    0.01    0.00    0.00    0.00   57.92
09:05:45     all   41.45    0.00    2.91    0.01    0.00    0.00    0.00    0.00    0.00   55.62
09:05:46     all   34.00    0.00    3.14    0.00    0.00    0.00    0.00    0.00    0.00   62.86
09:05:47     all   36.26    0.00    3.33    0.00    0.00    0.00    0.00    0.00    0.00   60.41
09:05:48     all   36.65    0.00    2.49    0.00    0.00    0.00    0.00    0.00    0.00   60.85
09:05:49     all   37.63    0.00    2.86    0.00    0.00    0.00    0.00    0.00    0.00   59.51
09:05:50     all   44.77    0.01    3.40    0.00    0.00    0.00    0.00    0.00    0.00   51.81
09:05:51     all   49.29    0.00    2.97    0.00    0.00    0.00    0.00    0.00    0.00   47.74
09:05:52     all   50.10    0.00    3.25    0.00    0.00    0.00    0.00    0.00    0.00   46.64
09:05:53     all   45.15    0.00    2.95    0.00    0.00    0.00    0.00    0.00    0.00   51.90
09:05:54     all   35.07    0.00    2.94    0.00    0.00    0.00    0.00    0.00    0.00   61.99
09:05:55     all   41.79    0.00    3.42    0.00    0.00    0.00    0.00    0.00    0.00   54.80
09:05:56     all   41.22    0.00    3.34    0.00    0.00    0.01    0.00    0.00    0.00   55.43
09:05:57     all   38.07    0.00    3.10    0.00    0.00    0.01    0.00    0.00    0.00   58.81
09:05:58     all   28.87    0.00    2.16    0.00    0.00    0.00    0.00    0.00    0.00   68.97
09:05:59     all   25.57    0.00    2.38    0.00    0.00    0.00    0.00    0.00    0.00   72.04
09:06:00     all   31.60    0.00    1.99    0.00    0.00    0.00    0.00    0.00    0.00   66.41
09:06:01     all   29.37    0.00    2.12    0.00    0.00    0.00    0.00    0.00    0.00   68.51
09:06:02     all   37.62    0.00    2.10    0.00    0.00    0.00    0.00    0.00    0.00   60.27
09:06:03     all   30.44    0.00    1.95    0.00    0.00    0.00    0.00    0.00    0.00   67.61
09:06:04     all   40.89    0.00    2.20    0.00    0.00    0.00    0.00    0.00    0.00   56.92
09:06:05     all   41.99    0.00    2.21    0.00    0.00    0.00    0.00    0.00    0.00   55.79
09:06:06     all   33.76    0.00    2.07    0.00    0.00    0.00    0.00    0.00    0.00   64.17
09:06:07     all   43.89    0.00    2.35    0.00    0.00    0.01    0.00    0.00    0.00   53.74
09:06:08     all   45.33    0.00    2.46    0.00    0.00    0.00    0.00    0.00    0.00   52.21
09:06:09     all   41.47    0.00    2.44    0.00    0.00    0.01    0.00    0.00    0.00   56.08
09:06:10     all   42.18    0.00    2.02    0.00    0.00    0.00    0.00    0.00    0.00   55.80
09:06:11     all   43.27    0.00    2.26    0.00    0.00    0.01    0.00    0.00    0.00   54.46
09:06:12     all   42.17    0.01    2.50    0.00    0.00    0.00    0.00    0.00    0.00   55.32
09:06:13     all   42.21    0.00    3.30    0.00    0.00    0.00    0.00    0.00    0.00   54.48
09:06:14     all   35.88    0.00    3.05    0.00    0.00    0.00    0.00    0.00    0.00   61.07
09:06:15     all   38.15    0.00    3.22    0.00    0.00    0.00    0.00    0.00    0.00   58.64
09:06:16     all   35.66    0.00    3.40    0.00    0.00    0.01    0.00    0.00    0.00   60.93
09:06:17     all   34.87    0.00    3.17    0.03    0.00    0.00    0.00    0.00    0.00   61.93
09:06:18     all   40.69    0.00    3.13    0.00    0.00    0.00    0.00    0.00    0.00   56.18
09:06:19     all   44.52    0.00    3.06    0.00    0.00    0.00    0.00    0.00    0.00   52.42
09:06:20     all   45.21    0.00    2.37    0.00    0.00    0.00    0.00    0.00    0.00   52.42
09:06:21     all   41.76    0.00    2.71    0.00    0.00    0.00    0.00    0.00    0.00   55.52
09:06:22     all   46.79    0.00    2.90    0.00    0.00    0.00    0.00    0.00    0.00   50.31
09:06:23     all   41.21    0.00    3.14    0.00    0.00    0.00    0.00    0.00    0.00   55.65
09:06:24     all   40.39    0.00    2.88    0.00    0.00    0.00    0.00    0.00    0.00   56.73
09:06:25     all   38.14    0.00    3.07    0.00    0.00    0.00    0.00    0.00    0.00   58.79
09:06:26     all   35.45    0.00    3.75    0.00    0.00    0.00    0.00    0.00    0.00   60.81
09:06:27     all   45.26    0.00    3.64    0.00    0.00    0.00    0.00    0.00    0.00   51.11
09:06:28     all   43.89    0.00    4.38    0.00    0.00    0.00    0.00    0.00    0.00   51.73
09:06:29     all   41.94    0.00    5.00    0.00    0.00    0.00    0.00    0.00    0.00   53.06
09:06:30     all   45.29    0.00    4.46    0.00    0.00    0.00    0.00    0.00    0.00   50.25
09:06:31     all   47.37    0.00    3.98    0.00    0.00    0.01    0.00    0.00    0.00   48.64
09:06:32     all   49.16    0.00    5.13    0.00    0.00    0.00    0.00    0.00    0.00   45.71
09:06:33     all   50.51    0.00    3.57    0.00    0.00    0.01    0.00    0.00    0.00   45.91
09:06:34     all   42.14    0.00    4.18    0.00    0.00    0.00    0.00    0.00    0.00   53.68
09:06:35     all   42.02    0.00    3.97    0.00    0.00    0.00    0.00    0.00    0.00   54.01
09:06:36     all   48.54    0.00    4.09    0.00    0.00    0.00    0.00    0.00    0.00   47.36
09:06:37     all   44.85    0.00    4.58    0.00    0.00    0.01    0.00    0.00    0.00   50.56
09:06:38     all   45.92    0.00    4.04    0.00    0.00    0.00    0.00    0.00    0.00   50.03
09:06:39     all   44.46    0.00    4.55    0.00    0.00    0.00    0.00    0.00    0.00   50.98
09:06:40     all   45.32    0.00    4.93    0.00    0.00    0.01    0.00    0.00    0.00   49.74
09:06:41     all   45.20    0.00    5.43    0.00    0.00    0.00    0.00    0.00    0.00   49.37
09:06:42     all   42.95    0.00    5.10    0.00    0.00    0.00    0.00    0.00    0.00   51.95
09:06:43     all   46.78    0.00    4.67    0.00    0.00    0.01    0.00    0.00    0.00   48.54
09:06:44     all   48.59    0.00    5.18    0.01    0.00    0.00    0.00    0.00    0.00   46.22
09:06:45     all   43.60    0.00    5.28    0.00    0.00    0.00    0.00    0.00    0.00   51.13
09:06:46     all   44.89    0.00    4.83    0.00    0.00    0.00    0.00    0.00    0.00   50.28
09:06:47     all   34.55    0.00    4.51    0.00    0.00    0.00    0.00    0.00    0.00   60.94
09:06:48     all   42.81    0.00    3.73    0.00    0.00    0.00    0.00    0.00    0.00   53.46
09:06:49     all   49.35    0.00    3.51    0.00    0.00    0.00    0.00    0.00    0.00   47.14
09:06:50     all   44.23    0.00    3.90    0.00    0.00    0.00    0.00    0.00    0.00   51.87
09:06:51     all   45.63    0.00    3.76    0.00    0.00    0.00    0.00    0.00    0.00   50.61
09:06:52     all   48.36    0.00    3.82    0.00    0.00    0.00    0.00    0.00    0.00   47.83
09:06:53     all   51.29    0.00    4.23    0.00    0.00    0.00    0.00    0.00    0.00   44.48
09:06:54     all   44.29    0.00    4.05    0.00    0.00    0.00    0.00    0.00    0.00   51.65
09:06:55     all   41.32    0.00    3.62    0.00    0.00    0.00    0.00    0.00    0.00   55.06
09:06:56     all   48.09    0.00    4.01    0.01    0.00    0.01    0.00    0.00    0.00   47.88
09:06:57     all   47.06    0.00    4.53    0.00    0.00    0.00    0.00    0.00    0.00   48.41
09:06:58     all   44.66    0.00    3.66    0.00    0.00    0.00    0.00    0.00    0.00   51.68
09:06:59     all   34.43    0.00    3.57    0.00    0.00    0.00    0.00    0.00    0.00   62.00
09:07:00     all   32.40    0.00    3.27    0.00    0.00    0.00    0.00    0.00    0.00   64.33
09:07:01     all   26.93    0.00    2.83    0.00    0.00    0.01    0.00    0.00    0.00   70.23
09:07:02     all   14.54    0.00    2.14    0.00    0.00    0.00    0.00    0.00    0.00   83.31
09:07:03     all    9.17    0.00    1.60    0.00    0.00    0.00    0.00    0.00    0.00   89.23
09:07:04     all    7.42    0.00    1.68    0.00    0.00    0.00    0.00    0.00    0.00   90.90
09:07:05     all    7.43    0.00    1.68    0.00    0.00    0.01    0.00    0.00    0.00   90.87
09:07:06     all    7.14    0.00    1.39    0.01    0.00    0.00    0.00    0.00    0.00   91.45
09:07:07     all    7.23    0.00    1.00    0.00    0.00    0.01    0.00    0.00    0.00   91.75
09:07:08     all    5.24    0.00    0.92    0.00    0.00    0.00    0.00    0.00    0.00   93.84
09:07:09     all    4.57    0.03    1.17    0.00    0.00    0.00    0.00    0.00    0.00   94.23
09:07:10     all    4.75    0.00    1.31    0.00    0.00    0.00    0.00    0.00    0.00   93.94
09:07:11     all    4.59    0.00    1.17    0.00    0.00    0.00    0.00    0.00    0.00   94.24
09:07:12     all    4.76    0.00    1.04    0.00    0.00    0.00    0.00    0.00    0.00   94.19
09:07:13     all    5.06    0.00    0.99    0.00    0.00    0.00    0.00    0.00    0.00   93.95
09:07:14     all    4.88    0.00    0.96    0.00    0.00    0.00    0.00    0.00    0.00   94.17
09:07:15     all    4.44    0.00    0.57    0.00    0.00    0.00    0.00    0.00    0.00   94.99
09:07:16     all    2.09    0.00    0.39    0.01    0.00    0.00    0.00    0.00    0.00   97.51
09:07:17     all    1.56    0.00    0.47    0.00    0.00    0.00    0.00    0.00    0.00   97.97
09:07:18     all    1.31    0.00    0.29    0.00    0.00    0.00    0.00    0.00    0.00   98.40
09:07:19     all    1.40    0.00    0.40    0.00    0.00    0.00    0.00    0.00    0.00   98.19
09:07:20     all    1.43    0.00    0.42    0.00    0.00    0.00    0.00    0.00    0.00   98.15
09:07:21     all    1.26    0.00    0.35    0.00    0.00    0.00    0.00    0.00    0.00   98.39
09:07:22     all    1.47    0.00    0.33    0.00    0.00    0.00    0.00    0.00    0.00   98.19
09:07:23     all    1.47    0.00    0.35    0.00    0.00    0.00    0.00    0.00    0.00   98.18
09:07:24     all    1.36    0.00    0.26    0.00    0.00    0.00    0.00    0.00    0.00   98.37
09:07:25     all    1.50    0.00    0.46    0.00    0.00    0.00    0.00    0.00    0.00   98.04
Average:     all   31.04    0.00    2.21    0.00    0.00    0.00    0.00    0.00    0.00   66.75
