Linux 6.8.0-136-generic (856a17914eb3) 	08/10/26 	_x86_64_	(72 CPU)

16:33:25     CPU    %usr   %nice    %sys %iowait    %irq   %soft  %steal  %guest  %gnice   %idle
16:33:26     all    7.05    0.00    0.47    0.00    0.00    0.00    0.00    0.00    0.00   92.47
16:33:27     all    1.01    0.00    1.04    0.00    0.00    0.00    0.00    0.00    0.00   97.94
16:33:28     all    1.22    0.00    0.35    0.00    0.00    0.00    0.00    0.00    0.00   98.43
16:33:29     all    1.33    0.00    0.36    0.00    0.00    0.00    0.00    0.00    0.00   98.30
16:33:30     all    1.63    0.00    0.21    0.00    0.00    0.00    0.00    0.00    0.00   98.17
16:33:31     all    1.50    0.00    0.25    0.00    0.00    0.00    0.00    0.00    0.00   98.25
16:33:32     all    1.58    0.00    0.21    0.00    0.00    0.00    0.00    0.00    0.00   98.21
16:33:33     all    2.18    0.00    0.39    0.00    0.00    0.00    0.00    0.00    0.00   97.43
16:33:34     all    2.07    0.00    0.46    0.00    0.00    0.00    0.00    0.00    0.00   97.47
16:33:35     all    1.49    0.04    0.19    0.00    0.00    0.00    0.00    0.00    0.00   98.28
16:33:36     all    1.61    0.00    0.25    0.00    0.00    0.00    0.00    0.00    0.00   98.14
16:33:37     all    1.44    0.00    0.21    0.00    0.00    0.00    0.00    0.00    0.00   98.35
16:33:38     all    1.67    0.00    0.32    0.00    0.00    0.00    0.00    0.00    0.00   98.01
16:33:39     all    1.62    0.00    0.26    0.00    0.00    0.00    0.00    0.00    0.00   98.11
16:33:40     all    1.49    0.00    0.29    0.00    0.00    0.00    0.00    0.00    0.00   98.22
16:33:41     all    1.94    0.00    0.32    0.00    0.00    0.00    0.00    0.00    0.00   97.74
16:33:42     all    1.58    0.00    0.24    0.00    0.00    0.00    0.00    0.00    0.00   98.18
16:33:43     all    1.46    0.00    0.17    0.00    0.00    0.00    0.00    0.00    0.00   98.37
16:33:44     all    1.50    0.01    0.21    0.00    0.00    0.00    0.00    0.00    0.00   98.28
16:33:45     all    1.61    0.00    0.24    0.00    0.00    0.00    0.00    0.00    0.00   98.15
16:33:46     all    1.61    0.00    0.26    0.00    0.00    0.00    0.00    0.00    0.00   98.12
16:33:47     all    1.54    0.00    0.14    0.00    0.00    0.00    0.00    0.00    0.00   98.32
16:33:48     all    1.60    0.00    0.19    0.00    0.00    0.00    0.00    0.00    0.00   98.21
16:33:49     all    1.46    0.01    0.22    0.00    0.00    0.00    0.00    0.00    0.00   98.30
16:33:50     all    1.51    0.00    0.26    0.00    0.00    0.00    0.00    0.00    0.00   98.22
16:33:51     all    1.60    0.00    0.19    0.00    0.00    0.00    0.00    0.00    0.00   98.21
16:33:52     all    1.54    0.00    0.19    0.00    0.00    0.00    0.00    0.00    0.00   98.26
16:33:53     all    1.51    0.00    0.24    0.00    0.00    0.00    0.00    0.00    0.00   98.25
16:33:54     all    1.97    0.00    0.40    0.00    0.00    0.00    0.00    0.00    0.00   97.62
16:33:55     all    5.53    0.00    0.85    0.00    0.00    0.00    0.00    0.00    0.00   93.62
16:33:56     all   21.02    0.00    2.59    0.00    0.00    0.01    0.00    0.00    0.00   76.37
16:33:57     all   22.12    0.00    2.13    0.00    0.00    0.00    0.00    0.00    0.00   75.75
16:33:58     all   19.03    0.00    1.77    0.01    0.00    0.00    0.00    0.00    0.00   79.18
16:33:59     all   34.88    0.00    5.97    0.00    0.00    0.00    0.00    0.00    0.00   59.14
16:34:00     all   31.84    0.00    4.77    0.00    0.00    0.01    0.00    0.00    0.00   63.37
16:34:01     all   29.53    0.00    4.08    0.00    0.00    0.00    0.00    0.00    0.00   66.39
16:34:02     all   30.92    0.00    2.99    0.00    0.00    0.03    0.00    0.00    0.00   66.06
16:34:03     all   31.48    0.00    3.13    0.00    0.00    0.00    0.00    0.00    0.00   65.39
16:34:04     all   29.76    0.00    2.42    0.00    0.00    0.00    0.00    0.00    0.00   67.82
16:34:05     all   32.76    0.00    1.69    0.00    0.00    0.00    0.00    0.00    0.00   65.56
16:34:06     all   22.85    0.00    1.09    0.00    0.00    0.00    0.00    0.00    0.00   76.06
16:34:07     all   23.21    0.00    1.20    0.00    0.00    0.00    0.00    0.00    0.00   75.59
16:34:08     all   22.23    0.00    1.14    0.00    0.00    0.00    0.00    0.00    0.00   76.63
16:34:09     all   31.85    0.00    1.20    0.00    0.00    0.01    0.00    0.00    0.00   66.94
16:34:10     all   37.07    0.00    4.11    0.00    0.00    0.00    0.00    0.00    0.00   58.82
16:34:11     all   26.19    0.00    4.02    0.00    0.00    0.00    0.00    0.00    0.00   69.80
16:34:12     all   24.38    0.00    4.60    0.00    0.00    0.00    0.00    0.00    0.00   71.03
16:34:13     all   27.36    0.00    5.35    0.00    0.00    0.00    0.00    0.00    0.00   67.29
16:34:14     all   26.09    0.00    5.05    0.00    0.00    0.00    0.00    0.00    0.00   68.86
16:34:15     all   24.95    0.00    3.75    0.00    0.00    0.00    0.00    0.00    0.00   71.30
16:34:16     all   26.37    0.00    4.05    0.00    0.00    0.00    0.00    0.00    0.00   69.58
16:34:17     all   37.69    0.00    5.58    0.00    0.00    0.00    0.00    0.00    0.00   56.73
16:34:18     all   37.94    0.00    5.87    0.00    0.00    0.03    0.00    0.00    0.00   56.16
16:34:19     all   37.06    0.00    7.97    0.00    0.00    0.00    0.00    0.00    0.00   54.98
16:34:20     all   39.51    0.00    9.34    0.00    0.00    0.00    0.00    0.00    0.00   51.15
16:34:21     all   39.25    0.00   10.44    0.00    0.00    0.00    0.00    0.00    0.00   50.31
16:34:22     all   35.70    0.00    9.58    0.00    0.00    0.01    0.00    0.00    0.00   54.71
16:34:23     all   33.18    0.00    7.47    0.00    0.00    0.00    0.00    0.00    0.00   59.35
16:34:24     all   28.69    0.00    8.11    0.00    0.00    0.00    0.00    0.00    0.00   63.20
16:34:25     all   28.29    0.00    5.88    0.00    0.00    0.01    0.00    0.00    0.00   65.81
16:34:26     all   29.60    0.00    7.27    0.00    0.00    0.00    0.00    0.00    0.00   63.13
16:34:27     all   23.36    0.00    6.45    0.00    0.00    0.00    0.00    0.00    0.00   70.19
16:34:28     all   23.05    0.00    6.34    0.00    0.00    0.00    0.00    0.00    0.00   70.61
16:34:29     all   20.50    0.00    5.06    0.00    0.00    0.01    0.00    0.00    0.00   74.42
16:34:30     all   24.65    0.00    6.06    0.00    0.00    0.00    0.00    0.00    0.00   69.29
16:34:31     all   25.04    0.00    5.40    0.00    0.00    0.00    0.00    0.00    0.00   69.56
16:34:32     all   23.16    0.00    5.40    0.00    0.00    0.00    0.00    0.00    0.00   71.43
16:34:33     all   31.39    0.00    5.51    0.00    0.00    0.00    0.00    0.00    0.00   63.09
16:34:34     all   31.84    0.00    5.26    0.00    0.00    0.00    0.00    0.00    0.00   62.90
16:34:35     all   37.62    0.00    5.94    0.00    0.00    0.01    0.00    0.00    0.00   56.43
16:34:36     all   33.10    0.00    6.43    0.00    0.00    0.00    0.00    0.00    0.00   60.48
16:34:37     all   32.84    0.00    7.66    0.00    0.00    0.00    0.00    0.00    0.00   59.50
16:34:38     all   38.64    0.00    8.74    0.00    0.00    0.00    0.00    0.00    0.00   52.62
16:34:39     all   35.61    0.00    7.93    0.00    0.00    0.00    0.00    0.00    0.00   56.46
16:34:40     all   27.79    0.00    7.11    0.00    0.00    0.00    0.00    0.00    0.00   65.10
16:34:41     all   26.59    0.00    7.03    0.00    0.00    0.00    0.00    0.00    0.00   66.38
16:34:42     all   18.83    0.01    5.07    0.00    0.00    0.01    0.00    0.00    0.00   76.07
16:34:43     all   26.94    0.00    6.46    0.00    0.00    0.00    0.00    0.00    0.00   66.60
16:34:44     all   21.61    0.00    5.72    0.00    0.00    0.01    0.00    0.00    0.00   72.66
16:34:45     all   22.81    0.00    5.27    0.00    0.00    0.01    0.00    0.00    0.00   71.91
16:34:46     all   20.30    0.00    6.55    0.00    0.00    0.00    0.00    0.00    0.00   73.16
16:34:47     all   23.01    0.00    6.22    0.00    0.00    0.01    0.00    0.00    0.00   70.75
16:34:48     all   25.29    0.00    6.62    0.00    0.00    0.00    0.00    0.00    0.00   68.10
16:34:49     all   32.99    0.00    7.59    0.00    0.00    0.00    0.00    0.00    0.00   59.43
16:34:50     all   30.53    0.00    7.27    0.00    0.00    0.00    0.00    0.00    0.00   62.20
16:34:51     all   30.39    0.00    6.86    0.00    0.00    0.00    0.00    0.00    0.00   62.75
16:34:52     all   31.98    0.00    7.59    0.00    0.00    0.00    0.00    0.00    0.00   60.44
16:34:53     all   35.29    0.00    8.51    0.00    0.00    0.00    0.00    0.00    0.00   56.20
16:34:54     all   37.34    0.00   10.52    0.00    0.00    0.01    0.00    0.00    0.00   52.13
16:34:55     all   32.62    0.00   10.39    0.00    0.00    0.00    0.00    0.00    0.00   56.98
16:34:56     all   38.05    0.00    9.90    0.00    0.00    0.00    0.00    0.00    0.00   52.05
16:34:57     all   35.07    0.00   11.20    0.00    0.00    0.00    0.00    0.00    0.00   53.73
16:34:58     all   31.25    0.00   10.18    0.01    0.00    0.01    0.00    0.00    0.00   58.54
16:34:59     all   33.06    0.00    8.15    0.00    0.00    0.00    0.00    0.00    0.00   58.79
16:35:00     all   34.46    0.00    9.59    0.00    0.00    0.01    0.00    0.00    0.00   55.93
16:35:01     all   35.11    0.00    9.85    0.00    0.00    0.00    0.00    0.00    0.00   55.04
16:35:02     all   38.08    0.00   11.93    0.00    0.00    0.03    0.00    0.00    0.00   49.96
16:35:03     all   35.43    0.00    9.93    0.00    0.00    0.00    0.00    0.00    0.00   54.63
16:35:04     all   33.26    0.00   10.31    0.00    0.00    0.03    0.00    0.00    0.00   56.40
16:35:05     all   37.75    0.00   10.81    0.00    0.00    0.00    0.00    0.00    0.00   51.44
16:35:06     all   38.55    0.00   12.13    0.00    0.00    0.00    0.00    0.00    0.00   49.32
16:35:07     all   37.76    0.00   11.20    0.00    0.00    0.00    0.00    0.00    0.00   51.04
16:35:08     all   38.48    0.00   11.52    0.00    0.00    0.01    0.00    0.00    0.00   49.99
16:35:09     all   37.80    0.00   12.59    0.00    0.00    0.00    0.00    0.00    0.00   49.61
16:35:10     all   37.99    0.00   12.16    0.00    0.00    0.00    0.00    0.00    0.00   49.85
16:35:11     all   38.01    0.00   12.30    0.00    0.00    0.01    0.00    0.00    0.00   49.68
16:35:12     all   38.12    0.00   12.14    0.00    0.00    0.00    0.00    0.00    0.00   49.75
16:35:13     all   36.52    0.00   12.66    0.01    0.00    0.00    0.00    0.00    0.00   50.81
16:35:14     all   36.62    0.00   12.73    0.00    0.00    0.00    0.00    0.00    0.00   50.65
16:35:15     all   36.61    0.00   12.66    0.00    0.00    0.01    0.00    0.00    0.00   50.72
16:35:16     all   37.63    0.00   12.18    0.00    0.00    0.00    0.00    0.00    0.00   50.19
16:35:17     all   38.54    0.00   11.93    0.00    0.00    0.00    0.00    0.00    0.00   49.53
16:35:18     all   36.75    0.01   12.46    0.00    0.00    0.00    0.00    0.00    0.00   50.78
16:35:19     all   37.35    0.00   12.73    0.00    0.00    0.01    0.00    0.00    0.00   49.90
16:35:20     all   37.43    0.00   12.44    0.00    0.00    0.01    0.00    0.00    0.00   50.11
16:35:21     all   30.85    0.00   10.96    0.00    0.00    0.00    0.00    0.00    0.00   58.19
16:35:22     all   37.38    0.00   12.58    0.00    0.00    0.01    0.00    0.00    0.00   50.03
16:35:23     all   35.45    0.00   13.48    0.00    0.00    0.00    0.00    0.00    0.00   51.07
16:35:24     all   33.59    0.00   11.40    0.00    0.00    0.00    0.00    0.00    0.00   55.01
16:35:25     all   36.38    0.00   11.79    0.00    0.00    0.00    0.00    0.00    0.00   51.82
16:35:26     all   35.44    0.00   11.86    0.00    0.00    0.00    0.00    0.00    0.00   52.70
16:35:27     all   34.44    0.00   11.07    0.00    0.00    0.01    0.00    0.00    0.00   54.47
16:35:28     all   36.57    0.00   11.45    0.00    0.00    0.00    0.00    0.00    0.00   51.98
16:35:29     all   36.26    0.00   12.41    0.00    0.00    0.01    0.00    0.00    0.00   51.31
16:35:30     all   34.40    0.00   11.17    0.00    0.00    0.00    0.00    0.00    0.00   54.43
16:35:31     all   38.31    0.00   11.56    0.00    0.00    0.00    0.00    0.00    0.00   50.13
16:35:32     all   39.11    0.00   11.12    0.00    0.00    0.01    0.00    0.00    0.00   49.76
16:35:33     all   39.56    0.00   11.28    0.00    0.00    0.01    0.00    0.00    0.00   49.15
16:35:34     all   36.57    0.00   13.23    0.00    0.00    0.01    0.00    0.00    0.00   50.19
16:35:35     all   36.23    0.03   13.82    0.00    0.00    0.00    0.00    0.00    0.00   49.92
16:35:36     all   36.64    0.00   12.29    0.00    0.00    0.01    0.00    0.00    0.00   51.06
16:35:37     all   34.12    0.00   11.59    0.00    0.00    0.00    0.00    0.00    0.00   54.30
16:35:38     all   37.12    0.00   12.99    0.00    0.00    0.00    0.00    0.00    0.00   49.89
16:35:39     all   40.39    0.00   11.75    0.00    0.00    0.00    0.00    0.00    0.00   47.86
16:35:40     all   38.53    0.00   12.51    0.00    0.00    0.01    0.00    0.00    0.00   48.94
16:35:41     all   38.45    0.00   11.74    0.00    0.00    0.00    0.00    0.00    0.00   49.81
16:35:42     all   35.96    0.00   12.54    0.00    0.00    0.00    0.00    0.00    0.00   51.49
16:35:43     all   33.04    0.00   12.20    0.00    0.00    0.00    0.00    0.00    0.00   54.76
16:35:44     all   35.43    0.00   12.36    0.00    0.00    0.00    0.00    0.00    0.00   52.22
16:35:45     all   37.30    0.00   11.85    0.00    0.00    0.00    0.00    0.00    0.00   50.85
16:35:46     all   38.07    0.00   10.63    0.00    0.00    0.01    0.00    0.00    0.00   51.29
16:35:47     all   36.49    0.00   12.47    0.00    0.00    0.00    0.00    0.00    0.00   51.04
16:35:48     all   36.29    0.01   11.69    0.00    0.00    0.00    0.00    0.00    0.00   52.01
16:35:49     all   34.02    0.00   10.32    0.00    0.00    0.00    0.00    0.00    0.00   55.67
16:35:50     all   38.16    0.00   11.40    0.00    0.00    0.03    0.00    0.00    0.00   50.42
16:35:51     all   38.87    0.00   11.32    0.00    0.00    0.00    0.00    0.00    0.00   49.81
16:35:52     all   38.20    0.00   10.83    0.00    0.00    0.00    0.00    0.00    0.00   50.97
16:35:53     all   35.59    0.00   10.38    0.00    0.00    0.00    0.00    0.00    0.00   54.03
16:35:54     all   34.35    0.00    9.60    0.00    0.00    0.00    0.00    0.00    0.00   56.06
16:35:55     all   40.27    0.00    9.17    0.00    0.00    0.03    0.00    0.00    0.00   50.54
16:35:56     all   41.25    0.00    9.16    0.00    0.00    0.01    0.00    0.00    0.00   49.58
16:35:57     all   37.63    0.00   10.23    0.00    0.00    0.03    0.00    0.00    0.00   52.11
16:35:58     all   38.50    0.00    9.60    0.00    0.00    0.01    0.00    0.00    0.00   51.89
16:35:59     all   40.80    0.00    9.37    0.00    0.00    0.00    0.00    0.00    0.00   49.83
16:36:00     all   37.43    0.00   11.35    0.00    0.00    0.01    0.00    0.00    0.00   51.21
16:36:01     all   38.29    0.00   11.76    0.00    0.00    0.01    0.00    0.00    0.00   49.94
16:36:02     all   38.00    0.00   10.51    0.00    0.00    0.01    0.00    0.00    0.00   51.48
16:36:03     all   39.44    0.00    8.67    0.00    0.00    0.00    0.00    0.00    0.00   51.88
16:36:04     all   38.46    0.00   10.74    0.00    0.00    0.00    0.00    0.00    0.00   50.80
16:36:05     all   39.11    0.00   11.37    0.00    0.00    0.00    0.00    0.00    0.00   49.53
16:36:06     all   34.81    0.00   12.36    0.00    0.00    0.00    0.00    0.00    0.00   52.83
16:36:07     all   39.53    0.00    9.81    0.00    0.00    0.01    0.00    0.00    0.00   50.65
16:36:08     all   40.23    0.00   10.09    0.00    0.00    0.00    0.00    0.00    0.00   49.68
16:36:09     all   39.68    0.00   10.56    0.00    0.00    0.00    0.00    0.00    0.00   49.76
16:36:10     all   38.92    0.00   10.22    0.00    0.00    0.00    0.00    0.00    0.00   50.86
16:36:11     all   38.13    0.00   12.21    0.00    0.00    0.01    0.00    0.00    0.00   49.65
16:36:12     all   37.58    0.00   11.80    0.01    0.00    0.00    0.00    0.00    0.00   50.60
16:36:13     all   36.50    0.00   10.60    0.00    0.00    0.00    0.00    0.00    0.00   52.90
16:36:14     all   37.46    0.00   11.31    0.00    0.00    0.01    0.00    0.00    0.00   51.22
16:36:15     all   39.41    0.00   11.77    0.00    0.00    0.01    0.00    0.00    0.00   48.81
16:36:16     all   37.79    0.00   11.79    0.00    0.00    0.01    0.00    0.00    0.00   50.40
16:36:17     all   38.28    0.00   10.79    0.00    0.00    0.00    0.00    0.00    0.00   50.94
16:36:18     all   39.43    0.00   11.41    0.00    0.00    0.00    0.00    0.00    0.00   49.16
16:36:19     all   35.81    0.00   10.95    0.00    0.00    0.01    0.00    0.00    0.00   53.23
16:36:20     all   37.96    0.00   11.09    0.00    0.00    0.00    0.00    0.00    0.00   50.95
16:36:21     all   37.46    0.00   10.74    0.00    0.00    0.00    0.00    0.00    0.00   51.81
16:36:22     all   40.05    0.00    9.62    0.00    0.00    0.00    0.00    0.00    0.00   50.33
16:36:23     all   39.03    0.00   10.63    0.01    0.00    0.00    0.00    0.00    0.00   50.33
16:36:24     all   39.65    0.00   10.37    0.00    0.00    0.01    0.00    0.00    0.00   49.97
16:36:25     all   38.41    0.00   11.13    0.00    0.00    0.00    0.00    0.00    0.00   50.46
16:36:26     all   38.22    0.00   11.22    0.00    0.00    0.00    0.00    0.00    0.00   50.56
16:36:27     all   37.97    0.00   10.62    0.00    0.00    0.00    0.00    0.00    0.00   51.41
16:36:28     all   37.79    0.00   10.77    0.00    0.00    0.00    0.00    0.00    0.00   51.44
16:36:29     all   38.87    0.00   10.81    0.00    0.00    0.01    0.00    0.00    0.00   50.31
16:36:30     all   38.76    0.00   11.11    0.00    0.00    0.00    0.00    0.00    0.00   50.13
16:36:31     all   36.09    0.00    9.85    0.00    0.00    0.00    0.00    0.00    0.00   54.05
16:36:32     all   34.33    0.00    9.92    0.00    0.00    0.01    0.00    0.00    0.00   55.74
16:36:33     all   38.39    0.00    8.74    0.00    0.00    0.00    0.00    0.00    0.00   52.87
16:36:34     all   37.46    0.00   10.69    0.00    0.00    0.01    0.00    0.00    0.00   51.83
16:36:35     all   37.10    0.00   10.86    0.00    0.00    0.01    0.00    0.00    0.00   52.02
16:36:36     all   38.02    0.00   10.24    0.00    0.00    0.00    0.00    0.00    0.00   51.74
16:36:37     all   33.80    0.00    9.38    0.00    0.00    0.00    0.00    0.00    0.00   56.82
16:36:38     all   38.03    0.00   10.28    0.00    0.00    0.01    0.00    0.00    0.00   51.68
16:36:39     all   40.47    0.00    9.35    0.00    0.00    0.01    0.00    0.00    0.00   50.17
16:36:40     all   39.20    0.00    9.66    0.00    0.00    0.00    0.00    0.00    0.00   51.14
16:36:41     all   36.74    0.00   10.60    0.00    0.00    0.01    0.00    0.00    0.00   52.65
16:36:42     all   38.63    0.00    9.73    0.00    0.00    0.01    0.00    0.00    0.00   51.63
16:36:43     all   36.37    0.01   10.09    0.00    0.00    0.00    0.00    0.00    0.00   53.52
16:36:44     all   36.61    0.00    9.69    0.00    0.00    0.00    0.00    0.00    0.00   53.70
16:36:45     all   35.51    0.00    8.31    0.00    0.00    0.00    0.00    0.00    0.00   56.18
16:36:46     all   35.95    0.00    8.89    0.00    0.00    0.00    0.00    0.00    0.00   55.16
16:36:47     all   36.82    0.00    7.95    0.00    0.00    0.01    0.00    0.00    0.00   55.22
16:36:48     all   34.82    0.00    9.21    0.00    0.00    0.00    0.00    0.00    0.00   55.97
16:36:49     all   38.03    0.00    9.33    0.00    0.00    0.00    0.00    0.00    0.00   52.64
16:36:50     all   34.36    0.00    9.48    0.00    0.00    0.00    0.00    0.00    0.00   56.16
16:36:51     all   28.43    0.00    7.90    0.00    0.00    0.00    0.00    0.00    0.00   63.67
16:36:52     all   32.16    0.00    7.63    0.01    0.00    0.00    0.00    0.00    0.00   60.20
16:36:53     all   40.44    0.00    8.55    0.00    0.00    0.00    0.00    0.00    0.00   51.01
16:36:54     all   36.45    0.00    9.66    0.00    0.00    0.01    0.00    0.00    0.00   53.87
16:36:55     all   35.38    0.00    7.86    0.01    0.00    0.01    0.00    0.00    0.00   56.72
16:36:56     all   35.92    0.00    8.34    0.00    0.00    0.00    0.00    0.00    0.00   55.74
16:36:57     all   31.90    0.00    7.31    0.00    0.00    0.00    0.00    0.00    0.00   60.79
16:36:58     all   31.25    0.00    7.98    0.00    0.00    0.00    0.00    0.00    0.00   60.77
16:36:59     all   29.17    0.00    6.41    0.00    0.00    0.01    0.00    0.00    0.00   64.40
16:37:00     all   33.75    0.00    8.16    0.00    0.00    0.01    0.00    0.00    0.00   58.08
16:37:01     all   25.90    0.00    6.42    0.00    0.00    0.00    0.00    0.00    0.00   67.67
16:37:02     all   31.02    0.01    7.51    0.00    0.00    0.01    0.00    0.00    0.00   61.45
16:37:03     all   32.37    0.00    7.01    0.00    0.00    0.00    0.00    0.00    0.00   60.62
16:37:04     all   37.48    0.00    6.70    0.00    0.00    0.01    0.00    0.00    0.00   55.80
16:37:05     all   33.91    0.00    7.48    0.00    0.00    0.00    0.00    0.00    0.00   58.61
16:37:06     all   33.54    0.00    6.37    0.00    0.00    0.00    0.00    0.00    0.00   60.09
16:37:07     all   31.51    0.00    6.26    0.00    0.00    0.00    0.00    0.00    0.00   62.23
16:37:08     all   28.77    0.00    6.28    0.00    0.00    0.00    0.00    0.00    0.00   64.95
16:37:09     all   32.73    0.00    6.58    0.00    0.00    0.00    0.00    0.00    0.00   60.68
16:37:10     all   30.29    0.00    6.59    0.00    0.00    0.01    0.00    0.00    0.00   63.11
16:37:11     all   32.07    0.00    6.72    0.00    0.00    0.00    0.00    0.00    0.00   61.21
16:37:12     all   34.95    0.00    6.52    0.00    0.00    0.00    0.00    0.00    0.00   58.53
16:37:13     all   34.79    0.00    7.15    0.01    0.00    0.00    0.00    0.00    0.00   58.04
16:37:14     all   33.84    0.01    6.31    0.00    0.00    0.00    0.00    0.00    0.00   59.84
16:37:15     all   35.90    0.00    7.88    0.00    0.00    0.00    0.00    0.00    0.00   56.22
16:37:16     all   37.06    0.00    8.61    0.00    0.00    0.00    0.00    0.00    0.00   54.33
16:37:17     all   37.38    0.00    9.92    0.00    0.00    0.00    0.00    0.00    0.00   52.71
16:37:18     all   35.09    0.00    9.61    0.00    0.00    0.00    0.00    0.00    0.00   55.30
16:37:19     all   37.74    0.00    8.06    0.00    0.00    0.01    0.00    0.00    0.00   54.19
16:37:20     all   29.39    0.00    6.27    0.00    0.00    0.00    0.00    0.00    0.00   64.34
16:37:21     all   33.78    0.00    6.37    0.00    0.00    0.00    0.00    0.00    0.00   59.85
16:37:22     all   32.44    0.00    7.36    0.00    0.00    0.00    0.00    0.00    0.00   60.20
16:37:23     all   33.10    0.00    7.08    0.00    0.00    0.01    0.00    0.00    0.00   59.80
16:37:24     all   33.64    0.00    6.70    0.00    0.00    0.00    0.00    0.00    0.00   59.66
16:37:25     all   31.78    0.00    7.96    0.00    0.00    0.00    0.00    0.00    0.00   60.26
16:37:26     all   34.01    0.00    7.76    0.00    0.00    0.01    0.00    0.00    0.00   58.22
16:37:27     all   29.46    0.00    6.39    0.00    0.00    0.00    0.00    0.00    0.00   64.15
16:37:28     all   35.30    0.00    7.22    0.00    0.00    0.00    0.00    0.00    0.00   57.48
16:37:29     all   34.41    0.00    7.06    0.00    0.00    0.00    0.00    0.00    0.00   58.53
16:37:30     all   31.00    0.00    5.46    0.00    0.00    0.00    0.00    0.00    0.00   63.54
16:37:31     all   31.98    0.00    6.43    0.00    0.00    0.00    0.00    0.00    0.00   61.59
16:37:32     all   35.30    0.00    8.36    0.00    0.00    0.01    0.00    0.00    0.00   56.33
16:37:33     all   33.70    0.00    7.42    0.00    0.00    0.00    0.00    0.00    0.00   58.88
16:37:34     all   28.91    0.00    7.77    0.00    0.00    0.01    0.00    0.00    0.00   63.31
16:37:35     all   26.13    0.06    7.08    0.00    0.00    0.00    0.00    0.00    0.00   66.73
16:37:36     all   32.30    0.00    7.56    0.00    0.00    0.03    0.00    0.00    0.00   60.11
16:37:37     all   26.01    0.00    6.43    0.00    0.00    0.00    0.00    0.00    0.00   67.56
16:37:38     all   30.53    0.00    6.42    0.00    0.00    0.00    0.00    0.00    0.00   63.05
16:37:39     all   30.01    0.00    6.60    0.00    0.00    0.01    0.00    0.00    0.00   63.38
16:37:40     all   28.27    0.01    6.46    0.00    0.00    0.00    0.00    0.00    0.00   65.26
16:37:41     all   31.93    0.00    6.26    0.00    0.00    0.01    0.00    0.00    0.00   61.79
16:37:42     all   32.62    0.00    5.98    0.00    0.00    0.00    0.00    0.00    0.00   61.40
16:37:43     all   33.06    0.00    6.86    0.00    0.00    0.00    0.00    0.00    0.00   60.08
16:37:44     all   35.02    0.00    7.12    0.00    0.00    0.03    0.00    0.00    0.00   57.83
16:37:45     all   30.95    0.00    7.41    0.00    0.00    0.01    0.00    0.00    0.00   61.63
16:37:46     all   29.10    0.00    6.80    0.01    0.00    0.00    0.00    0.00    0.00   64.08
16:37:47     all   34.09    0.00    6.84    0.00    0.00    0.00    0.00    0.00    0.00   59.07
16:37:48     all   36.38    0.00    8.25    0.00    0.00    0.00    0.00    0.00    0.00   55.36
16:37:49     all   33.17    0.00    7.63    0.00    0.00    0.01    0.00    0.00    0.00   59.19
16:37:50     all   25.64    0.00    5.75    0.00    0.00    0.00    0.00    0.00    0.00   68.61
16:37:51     all   32.31    0.00    6.82    0.00    0.00    0.00    0.00    0.00    0.00   60.87
16:37:52     all   33.19    0.00    8.33    0.00    0.00    0.01    0.00    0.00    0.00   58.47
16:37:53     all   36.13    0.00    7.45    0.00    0.00    0.00    0.00    0.00    0.00   56.42
16:37:54     all   30.43    0.00    7.31    0.00    0.00    0.00    0.00    0.00    0.00   62.26
16:37:55     all   32.92    0.00    6.95    0.00    0.00    0.01    0.00    0.00    0.00   60.11
16:37:56     all   33.78    0.00    7.53    0.00    0.00    0.00    0.00    0.00    0.00   58.69
16:37:57     all   29.82    0.00    6.69    0.00    0.00    0.00    0.00    0.00    0.00   63.50
16:37:58     all   31.40    0.00    6.66    0.00    0.00    0.00    0.00    0.00    0.00   61.94
16:37:59     all   34.29    0.00    8.00    0.00    0.00    0.00    0.00    0.00    0.00   57.71
16:38:00     all   33.43    0.00    8.23    0.00    0.00    0.00    0.00    0.00    0.00   58.34
16:38:01     all   36.93    0.00    9.23    0.00    0.00    0.01    0.00    0.00    0.00   53.82
16:38:02     all   30.58    0.00    8.24    0.00    0.00    0.00    0.00    0.00    0.00   61.18
16:38:03     all   34.54    0.00    7.28    0.00    0.00    0.00    0.00    0.00    0.00   58.18
16:38:04     all   36.27    0.00    7.02    0.00    0.00    0.00    0.00    0.00    0.00   56.71
16:38:05     all   34.16    0.00    7.06    0.00    0.00    0.00    0.00    0.00    0.00   58.78
16:38:06     all   33.82    0.00    7.01    0.00    0.00    0.01    0.00    0.00    0.00   59.16
16:38:07     all   33.16    0.00    6.48    0.01    0.00    0.00    0.00    0.00    0.00   60.35
16:38:08     all   35.14    0.00    7.58    0.00    0.00    0.00    0.00    0.00    0.00   57.29
16:38:09     all   36.58    0.00    8.51    0.00    0.00    0.00    0.00    0.00    0.00   54.92
16:38:10     all   34.96    0.00    8.66    0.00    0.00    0.01    0.00    0.00    0.00   56.36
16:38:11     all   35.85    0.00    8.56    0.00    0.00    0.01    0.00    0.00    0.00   55.58
16:38:12     all   39.62    0.00    9.04    0.00    0.00    0.03    0.00    0.00    0.00   51.31
16:38:13     all   36.64    0.00    8.96    0.00    0.00    0.01    0.00    0.00    0.00   54.39
16:38:14     all   37.09    0.00    8.99    0.00    0.00    0.00    0.00    0.00    0.00   53.92
16:38:15     all   34.41    0.00    8.62    0.00    0.00    0.01    0.00    0.00    0.00   56.96
16:38:16     all   38.47    0.00    8.77    0.00    0.00    0.00    0.00    0.00    0.00   52.76
16:38:17     all   35.54    0.00    8.28    0.00    0.00    0.01    0.00    0.00    0.00   56.17
16:38:18     all   35.91    0.00    8.89    0.01    0.00    0.00    0.00    0.00    0.00   55.18
16:38:19     all   33.32    0.00    8.70    0.00    0.00    0.00    0.00    0.00    0.00   57.98
16:38:20     all   35.55    0.00    7.71    0.00    0.00    0.00    0.00    0.00    0.00   56.75
16:38:21     all   38.24    0.00    9.14    0.00    0.00    0.01    0.00    0.00    0.00   52.61
16:38:22     all   38.40    0.00    9.07    0.00    0.00    0.01    0.00    0.00    0.00   52.51
16:38:23     all   36.75    0.00   10.19    0.00    0.00    0.00    0.00    0.00    0.00   53.06
16:38:24     all   34.56    0.00    8.75    0.00    0.00    0.01    0.00    0.00    0.00   56.68
16:38:25     all   30.57    0.00    7.27    0.00    0.00    0.00    0.00    0.00    0.00   62.16
16:38:26     all   31.14    0.00    7.75    0.00    0.00    0.00    0.00    0.00    0.00   61.12
16:38:27     all   32.09    0.00    8.60    0.00    0.00    0.00    0.00    0.00    0.00   59.31
16:38:28     all   30.70    0.00    7.06    0.00    0.00    0.00    0.00    0.00    0.00   62.24
16:38:29     all   30.18    0.00    6.72    0.00    0.00    0.01    0.00    0.00    0.00   63.09
16:38:30     all   31.85    0.00    5.28    0.00    0.00    0.00    0.00    0.00    0.00   62.87
16:38:31     all   30.85    0.00    6.08    0.00    0.00    0.00    0.00    0.00    0.00   63.07
16:38:32     all   32.46    0.00    5.88    0.00    0.00    0.00    0.00    0.00    0.00   61.66
16:38:33     all   33.23    0.00    6.51    0.00    0.00    0.00    0.00    0.00    0.00   60.26
16:38:34     all   29.36    0.00    6.26    0.00    0.00    0.01    0.00    0.00    0.00   64.37
16:38:35     all   31.35    0.00    5.90    0.00    0.00    0.00    0.00    0.00    0.00   62.75
16:38:36     all   32.01    0.00    7.15    0.00    0.00    0.00    0.00    0.00    0.00   60.84
16:38:37     all   35.07    0.00    7.62    0.00    0.00    0.00    0.00    0.00    0.00   57.31
16:38:38     all   33.98    0.00    7.49    0.00    0.00    0.00    0.00    0.00    0.00   58.53
16:38:39     all   34.24    0.00    7.75    0.00    0.00    0.01    0.00    0.00    0.00   58.00
16:38:40     all   37.24    0.00    7.77    0.00    0.00    0.00    0.00    0.00    0.00   54.99
16:38:41     all   31.36    0.00    6.75    0.00    0.00    0.00    0.00    0.00    0.00   61.89
16:38:42     all   27.66    0.00    6.66    0.00    0.00    0.00    0.00    0.00    0.00   65.68
16:38:43     all   33.59    0.00    6.51    0.00    0.00    0.00    0.00    0.00    0.00   59.90
16:38:44     all   33.79    0.00    6.42    0.00    0.00    0.00    0.00    0.00    0.00   59.79
16:38:45     all   27.30    0.00    5.70    0.00    0.00    0.00    0.00    0.00    0.00   67.00
16:38:46     all   28.99    0.00    5.64    0.00    0.00    0.00    0.00    0.00    0.00   65.37
16:38:47     all   33.64    0.00    6.66    0.00    0.00    0.01    0.00    0.00    0.00   59.69
16:38:48     all   31.70    0.00    6.18    0.00    0.00    0.01    0.00    0.00    0.00   62.10
16:38:49     all   35.67    0.00    6.54    0.00    0.00    0.00    0.00    0.00    0.00   57.79
16:38:50     all   25.68    0.00    5.62    0.00    0.00    0.00    0.00    0.00    0.00   68.70
16:38:51     all   28.02    0.00    6.07    0.00    0.00    0.00    0.00    0.00    0.00   65.91
16:38:52     all   32.98    0.00    6.56    0.00    0.00    0.01    0.00    0.00    0.00   60.45
16:38:53     all   37.38    0.00    8.73    0.00    0.00    0.01    0.00    0.00    0.00   53.88
16:38:54     all   25.98    0.00    5.46    0.00    0.00    0.00    0.00    0.00    0.00   68.56
16:38:55     all   32.03    0.00    7.20    0.00    0.00    0.00    0.00    0.00    0.00   60.77
16:38:56     all   28.42    0.00    5.11    0.00    0.00    0.00    0.00    0.00    0.00   66.47
16:38:57     all   29.67    0.00    5.10    0.00    0.00    0.00    0.00    0.00    0.00   65.23
16:38:58     all   31.70    0.00    5.93    0.01    0.00    0.00    0.00    0.00    0.00   62.36
16:38:59     all   32.49    0.00    8.10    0.00    0.00    0.00    0.00    0.00    0.00   59.41
16:39:00     all   33.77    0.01    7.69    0.00    0.00    0.01    0.00    0.00    0.00   58.51
16:39:01     all   25.73    0.00    5.54    0.00    0.00    0.00    0.00    0.00    0.00   68.73
16:39:02     all   33.86    0.00    7.36    0.00    0.00    0.01    0.00    0.00    0.00   58.76
16:39:03     all   33.27    0.00    8.23    0.00    0.00    0.01    0.00    0.00    0.00   58.49
16:39:04     all   33.34    0.00    9.00    0.00    0.00    0.01    0.00    0.00    0.00   57.65
16:39:05     all   29.77    0.00    7.23    0.00    0.00    0.00    0.00    0.00    0.00   63.00
16:39:06     all   32.84    0.00    9.84    0.00    0.00    0.01    0.00    0.00    0.00   57.31
16:39:07     all   33.78    0.00    9.85    0.00    0.00    0.01    0.00    0.00    0.00   56.36
16:39:08     all   25.20    0.00    6.17    0.00    0.00    0.00    0.00    0.00    0.00   68.63
16:39:09     all   29.24    0.00    6.60    0.00    0.00    0.00    0.00    0.00    0.00   64.16
16:39:10     all   32.99    0.00    6.72    0.00    0.00    0.00    0.00    0.00    0.00   60.29
16:39:11     all   30.50    0.00    6.94    0.00    0.00    0.01    0.00    0.00    0.00   62.55
16:39:12     all   28.47    0.00    6.73    0.00    0.00    0.00    0.00    0.00    0.00   64.80
16:39:13     all   32.93    0.00    7.23    0.00    0.00    0.00    0.00    0.00    0.00   59.84
16:39:14     all   30.83    0.00    7.48    0.00    0.00    0.00    0.00    0.00    0.00   61.69
16:39:15     all   36.73    0.00    7.52    0.00    0.00    0.00    0.00    0.00    0.00   55.75
16:39:16     all   32.80    0.00    8.02    0.00    0.00    0.00    0.00    0.00    0.00   59.17
16:39:17     all   32.66    0.00    6.91    0.00    0.00    0.01    0.00    0.00    0.00   60.42
16:39:18     all   33.29    0.00    7.73    0.00    0.00    0.00    0.00    0.00    0.00   58.99
16:39:19     all   30.19    0.00    7.64    0.00    0.00    0.00    0.00    0.00    0.00   62.17
16:39:20     all   31.04    0.00    6.28    0.00    0.00    0.00    0.00    0.00    0.00   62.68
16:39:21     all   30.68    0.00    6.30    0.00    0.00    0.00    0.00    0.00    0.00   63.02
16:39:22     all   33.81    0.00    6.05    0.00    0.00    0.01    0.00    0.00    0.00   60.12
16:39:23     all   35.07    0.00    7.76    0.00    0.00    0.01    0.00    0.00    0.00   57.16
16:39:24     all   29.77    0.00    6.77    0.00    0.00    0.00    0.00    0.00    0.00   63.46
16:39:25     all   28.37    0.00    6.21    0.00    0.00    0.00    0.00    0.00    0.00   65.42
16:39:26     all   30.44    0.00    7.32    0.00    0.00    0.01    0.00    0.00    0.00   62.22
16:39:27     all   31.28    0.00    8.52    0.00    0.00    0.01    0.00    0.00    0.00   60.19
16:39:28     all   27.93    0.00    7.00    0.00    0.00    0.00    0.00    0.00    0.00   65.07
16:39:29     all   24.21    0.00    5.57    0.00    0.00    0.00    0.00    0.00    0.00   70.21
16:39:30     all   31.05    0.00    6.66    0.01    0.00    0.00    0.00    0.00    0.00   62.28
16:39:31     all   30.68    0.00    7.04    0.00    0.00    0.01    0.00    0.00    0.00   62.27
16:39:32     all   28.27    0.00    6.82    0.00    0.00    0.00    0.00    0.00    0.00   64.91
16:39:33     all   31.04    0.00    7.53    0.00    0.00    0.00    0.00    0.00    0.00   61.43
16:39:34     all   35.44    0.00    8.79    0.00    0.00    0.00    0.00    0.00    0.00   55.77
16:39:35     all   23.98    0.01    6.76    0.00    0.00    0.00    0.00    0.00    0.00   69.24
16:39:36     all   32.68    0.01    6.39    0.00    0.00    0.01    0.00    0.00    0.00   60.91
16:39:37     all   38.13    0.00    9.13    0.00    0.00    0.01    0.00    0.00    0.00   52.72
16:39:38     all   34.18    0.00    8.29    0.00    0.00    0.01    0.00    0.00    0.00   57.52
16:39:39     all   33.07    0.00    7.50    0.00    0.00    0.00    0.00    0.00    0.00   59.42
16:39:40     all   36.33    0.00    8.21    0.00    0.00    0.01    0.00    0.00    0.00   55.45
16:39:41     all   29.94    0.00    7.36    0.00    0.00    0.00    0.00    0.00    0.00   62.70
16:39:42     all   27.59    0.00    7.41    0.00    0.00    0.00    0.00    0.00    0.00   65.01
16:39:43     all   26.52    0.00    6.56    0.00    0.00    0.00    0.00    0.00    0.00   66.93
16:39:44     all   35.00    0.00    7.68    0.00    0.00    0.00    0.00    0.00    0.00   57.32
16:39:45     all   29.00    0.00    6.04    0.00    0.00    0.01    0.00    0.00    0.00   64.95
16:39:46     all   33.31    0.00    7.53    0.00    0.00    0.00    0.00    0.00    0.00   59.16
16:39:47     all   27.36    0.00    6.47    0.00    0.00    0.00    0.00    0.00    0.00   66.18
16:39:48     all   25.58    0.00    5.62    0.00    0.00    0.00    0.00    0.00    0.00   68.80
16:39:49     all   33.76    0.00    5.07    0.00    0.00    0.01    0.00    0.00    0.00   61.16
16:39:50     all   32.14    0.00    5.94    0.00    0.00    0.03    0.00    0.00    0.00   61.89
16:39:51     all   27.28    0.00    4.79    0.00    0.00    0.00    0.00    0.00    0.00   67.93
16:39:52     all   32.42    0.00    5.56    0.00    0.00    0.00    0.00    0.00    0.00   62.01
16:39:53     all   31.82    0.00    7.30    0.00    0.00    0.00    0.00    0.00    0.00   60.88
16:39:54     all   30.17    0.00    7.17    0.00    0.00    0.01    0.00    0.00    0.00   62.65
16:39:55     all   34.25    0.00    8.17    0.00    0.00    0.00    0.00    0.00    0.00   57.58
16:39:56     all   34.44    0.00    6.88    0.00    0.00    0.00    0.00    0.00    0.00   58.69
16:39:57     all   29.40    0.00    5.87    0.00    0.00    0.00    0.00    0.00    0.00   64.73
16:39:58     all   34.61    0.00    6.32    0.00    0.00    0.00    0.00    0.00    0.00   59.06
16:39:59     all   33.59    0.00    7.46    0.00    0.00    0.00    0.00    0.00    0.00   58.95
16:40:00     all   30.10    0.00    6.01    0.00    0.00    0.01    0.00    0.00    0.00   63.88
16:40:01     all   31.83    0.00    6.46    0.00    0.00    0.00    0.00    0.00    0.00   61.72
16:40:02     all   35.25    0.00    7.94    0.00    0.00    0.00    0.00    0.00    0.00   56.80
16:40:03     all   34.48    0.00    7.42    0.00    0.00    0.00    0.00    0.00    0.00   58.10
16:40:04     all   37.35    0.00    6.79    0.00    0.00    0.01    0.00    0.00    0.00   55.85
16:40:05     all   37.90    0.00    8.58    0.00    0.00    0.00    0.00    0.00    0.00   53.52
16:40:06     all   31.10    0.00    7.31    0.00    0.00    0.00    0.00    0.00    0.00   61.60
16:40:07     all   29.71    0.00    5.71    0.00    0.00    0.00    0.00    0.00    0.00   64.58
16:40:08     all   38.44    0.00    7.86    0.00    0.00    0.01    0.00    0.00    0.00   53.68
16:40:09     all   35.38    0.00    9.52    0.00    0.00    0.00    0.00    0.00    0.00   55.10
16:40:10     all   32.13    0.00    6.47    0.00    0.00    0.00    0.00    0.00    0.00   61.41
16:40:11     all   32.68    0.01    7.13    0.00    0.00    0.00    0.00    0.00    0.00   60.17
16:40:12     all   27.02    0.00    6.69    0.00    0.00    0.00    0.00    0.00    0.00   66.29
16:40:13     all   33.23    0.00    7.09    0.00    0.00    0.00    0.00    0.00    0.00   59.67
16:40:14     all   26.80    0.00    7.34    0.00    0.00    0.00    0.00    0.00    0.00   65.86
16:40:15     all   30.65    0.00    7.07    0.00    0.00    0.01    0.00    0.00    0.00   62.27
16:40:16     all   30.28    0.00    6.45    0.00    0.00    0.00    0.00    0.00    0.00   63.26
16:40:17     all   31.51    0.00    7.21    0.00    0.00    0.00    0.00    0.00    0.00   61.29
16:40:18     all   35.04    0.00    7.45    0.00    0.00    0.00    0.00    0.00    0.00   57.51
16:40:19     all   32.40    0.00    7.16    0.00    0.00    0.00    0.00    0.00    0.00   60.45
16:40:20     all   28.65    0.00    6.51    0.00    0.00    0.00    0.00    0.00    0.00   64.84
16:40:21     all   28.70    0.00    6.00    0.00    0.00    0.00    0.00    0.00    0.00   65.30
16:40:22     all   29.81    0.00    7.01    0.00    0.00    0.00    0.00    0.00    0.00   63.18
16:40:23     all   33.86    0.00    9.01    0.00    0.00    0.01    0.00    0.00    0.00   57.12
16:40:24     all   34.27    0.00    8.13    0.00    0.00    0.00    0.00    0.00    0.00   57.61
16:40:25     all   29.61    0.00    6.50    0.00    0.00    0.00    0.00    0.00    0.00   63.88
16:40:26     all   25.70    0.00    5.43    0.00    0.00    0.00    0.00    0.00    0.00   68.88
16:40:27     all   28.68    0.00    6.64    0.00    0.00    0.00    0.00    0.00    0.00   64.69
16:40:28     all   24.65    0.00    6.68    0.00    0.00    0.00    0.00    0.00    0.00   68.67
16:40:29     all   28.92    0.00    6.44    0.00    0.00    0.00    0.00    0.00    0.00   64.65
16:40:30     all   26.53    0.00    5.63    0.01    0.00    0.01    0.00    0.00    0.00   67.81
16:40:31     all   33.49    0.00    6.68    0.00    0.00    0.00    0.00    0.00    0.00   59.83
16:40:32     all   32.50    0.00    6.77    0.00    0.00    0.00    0.00    0.00    0.00   60.73
16:40:33     all   24.92    0.00    5.38    0.00    0.00    0.01    0.00    0.00    0.00   69.69
16:40:34     all   31.35    0.00    6.22    0.00    0.00    0.00    0.00    0.00    0.00   62.43
16:40:35     all   28.54    0.00    6.32    0.00    0.00    0.00    0.00    0.00    0.00   65.14
16:40:36     all   30.41    0.00    5.81    0.00    0.00    0.00    0.00    0.00    0.00   63.78
16:40:37     all   31.56    0.00    5.55    0.00    0.00    0.00    0.00    0.00    0.00   62.89
16:40:38     all   33.99    0.00    7.42    0.00    0.00    0.00    0.00    0.00    0.00   58.59
16:40:39     all   33.17    0.00    7.47    0.00    0.00    0.01    0.00    0.00    0.00   59.35
16:40:40     all   28.84    0.01    6.73    0.00    0.00    0.01    0.00    0.00    0.00   64.41
16:40:41     all   30.04    0.00    6.74    0.00    0.00    0.00    0.00    0.00    0.00   63.22
16:40:42     all   31.01    0.00    6.86    0.00    0.00    0.00    0.00    0.00    0.00   62.13
16:40:43     all   31.81    0.00    6.97    0.00    0.00    0.01    0.00    0.00    0.00   61.21
16:40:44     all   29.67    0.00    6.73    0.00    0.00    0.00    0.00    0.00    0.00   63.61
16:40:45     all   31.08    0.00    6.79    0.00    0.00    0.00    0.00    0.00    0.00   62.13
16:40:46     all   30.27    0.00    7.42    0.00    0.00    0.01    0.00    0.00    0.00   62.30
16:40:47     all   29.24    0.00    7.34    0.00    0.00    0.00    0.00    0.00    0.00   63.42
16:40:48     all   35.98    0.00    8.33    0.00    0.00    0.01    0.00    0.00    0.00   55.68
16:40:49     all   35.50    0.00    9.68    0.00    0.00    0.01    0.00    0.00    0.00   54.81
16:40:50     all   31.64    0.00    8.39    0.00    0.00    0.00    0.00    0.00    0.00   59.97
16:40:51     all   28.54    0.00    6.67    0.00    0.00    0.00    0.00    0.00    0.00   64.79
16:40:52     all   24.92    0.00    5.42    0.00    0.00    0.00    0.00    0.00    0.00   69.66
16:40:53     all   30.75    0.00    5.90    0.00    0.00    0.00    0.00    0.00    0.00   63.35
16:40:54     all   32.82    0.00    7.59    0.00    0.00    0.00    0.00    0.00    0.00   59.59
16:40:55     all   33.02    0.00    8.11    0.00    0.00    0.03    0.00    0.00    0.00   58.84
16:40:56     all   24.91    0.00    5.97    0.00    0.00    0.00    0.00    0.00    0.00   69.12
16:40:57     all   29.03    0.00    6.30    0.00    0.00    0.00    0.00    0.00    0.00   64.67
16:40:58     all   34.97    0.00    7.12    0.00    0.00    0.00    0.00    0.00    0.00   57.90
16:40:59     all   34.74    0.00    7.99    0.00    0.00    0.00    0.00    0.00    0.00   57.27
16:41:00     all   23.79    0.00    6.38    0.00    0.00    0.00    0.00    0.00    0.00   69.83
16:41:01     all   31.39    0.00    5.84    0.00    0.00    0.00    0.00    0.00    0.00   62.77
16:41:02     all   34.09    0.00    5.54    0.00    0.00    0.03    0.00    0.00    0.00   60.34
16:41:03     all   30.98    0.00    7.61    0.00    0.00    0.01    0.00    0.00    0.00   61.39
16:41:04     all   30.78    0.00    5.57    0.00    0.00    0.00    0.00    0.00    0.00   63.65
16:41:05     all   25.92    0.00    6.07    0.00    0.00    0.00    0.00    0.00    0.00   68.00
16:41:06     all   32.93    0.00    6.54    0.00    0.00    0.00    0.00    0.00    0.00   60.54
16:41:07     all   34.67    0.00    7.57    0.00    0.00    0.00    0.00    0.00    0.00   57.76
16:41:08     all   32.97    0.00    7.21    0.00    0.00    0.00    0.00    0.00    0.00   59.82
16:41:09     all   33.68    0.00    7.22    0.00    0.00    0.01    0.00    0.00    0.00   59.09
16:41:10     all   36.58    0.00    6.96    0.00    0.00    0.00    0.00    0.00    0.00   56.45
16:41:11     all   34.67    0.00    8.08    0.00    0.00    0.00    0.00    0.00    0.00   57.25
16:41:12     all   35.23    0.00    8.76    0.00    0.00    0.00    0.00    0.00    0.00   56.01
16:41:13     all   40.11    0.00    9.45    0.01    0.00    0.00    0.00    0.00    0.00   50.42
16:41:14     all   34.95    0.00    9.02    0.00    0.00    0.00    0.00    0.00    0.00   56.03
16:41:15     all   33.62    0.00    7.99    0.00    0.00    0.00    0.00    0.00    0.00   58.40
16:41:16     all   34.21    0.00    8.98    0.00    0.00    0.01    0.00    0.00    0.00   56.79
16:41:17     all   12.93    0.00    4.14    0.00    0.00    0.00    0.00    0.00    0.00   82.92
16:41:18     all    9.37    0.00    3.57    0.00    0.00    0.00    0.00    0.00    0.00   87.06
16:41:19     all    7.45    0.00    2.95    0.00    0.00    0.00    0.00    0.00    0.00   89.60
16:41:20     all    7.80    0.00    2.35    0.00    0.00    0.00    0.00    0.00    0.00   89.85
16:41:21     all    7.23    0.00    2.90    0.00    0.00    0.00    0.00    0.00    0.00   89.87
16:41:22     all    7.12    0.00    2.99    0.00    0.00    0.00    0.00    0.00    0.00   89.90
16:41:23     all    6.28    0.00    1.88    0.00    0.00    0.00    0.00    0.00    0.00   91.84
16:41:24     all    3.52    0.00    1.18    0.00    0.00    0.00    0.00    0.00    0.00   95.30
16:41:25     all    2.89    0.00    0.84    0.00    0.00    0.00    0.00    0.00    0.00   96.27
16:41:26     all    2.32    0.00    0.78    0.00    0.00    0.00    0.00    0.00    0.00   96.90
16:41:27     all    1.49    0.00    0.54    0.00    0.00    0.00    0.00    0.00    0.00   97.97
16:41:28     all    0.03    0.00    0.13    0.00    0.00    0.00    0.00    0.00    0.00   99.85
16:41:29     all    0.25    0.00    0.11    0.00    0.00    0.00    0.00    0.00    0.00   99.64
16:41:30     all    0.32    0.00    0.21    0.00    0.00    0.00    0.00    0.00    0.00   99.47
16:41:31     all    0.08    0.00    0.15    0.00    0.00    0.00    0.00    0.00    0.00   99.76
16:41:32     all    0.32    0.00    0.18    0.00    0.00    0.00    0.00    0.00    0.00   99.50
16:41:33     all    0.49    0.00    0.31    0.00    0.00    0.00    0.00    0.00    0.00   99.21
16:41:34     all    0.28    0.00    0.39    0.00    0.00    0.00    0.00    0.00    0.00   99.33
16:41:35     all    0.56    0.01    0.22    0.00    0.00    0.00    0.00    0.00    0.00   99.21
16:41:36     all    0.54    0.00    0.21    0.00    0.00    0.00    0.00    0.00    0.00   99.25
16:41:37     all    0.60    0.00    0.40    0.00    0.00    0.00    0.00    0.00    0.00   99.00
16:41:38     all    0.22    0.00    0.13    0.00    0.00    0.00    0.00    0.00    0.00   99.65
16:41:39     all    0.26    0.00    0.12    0.00    0.00    0.00    0.00    0.00    0.00   99.61
16:41:40     all    0.04    0.00    0.11    0.00    0.00    0.00    0.00    0.00    0.00   99.85
16:41:41     all    0.32    0.00    0.11    0.01    0.00    0.00    0.00    0.00    0.00   99.56
16:41:42     all    0.42    0.00    0.22    0.00    0.00    0.00    0.00    0.00    0.00   99.36
16:41:43     all    0.47    0.00    0.28    0.00    0.00    0.00    0.00    0.00    0.00   99.25
16:41:44     all    0.28    0.00    0.11    0.00    0.00    0.00    0.00    0.00    0.00   99.61
16:41:45     all    0.26    0.00    0.11    0.00    0.00    0.00    0.00    0.00    0.00   99.62
16:41:46     all    0.06    0.00    0.14    0.00    0.00    0.00    0.00    0.00    0.00   99.81
16:41:47     all    0.43    0.00    0.28    0.00    0.00    0.00    0.00    0.00    0.00   99.29
16:41:48     all    0.32    0.00    0.24    0.00    0.00    0.00    0.00    0.00    0.00   99.44
16:41:49     all    0.08    0.00    0.19    0.00    0.00    0.00    0.00    0.00    0.00   99.72
16:41:50     all    0.28    0.00    0.11    0.00    0.00    0.00    0.00    0.00    0.00   99.61
16:41:51     all    0.28    0.00    0.18    0.00    0.00    0.00    0.00    0.00    0.00   99.54
16:41:52     all    0.10    0.00    0.18    0.00    0.00    0.00    0.00    0.00    0.00   99.72
16:41:53     all    0.29    0.00    0.15    0.00    0.00    0.00    0.00    0.00    0.00   99.56
16:41:54     all    0.26    0.00    0.17    0.00    0.00    0.00    0.00    0.00    0.00   99.57
16:41:55     all    0.64    0.00    0.32    0.00    0.00    0.00    0.00    0.00    0.00   99.04
16:41:56     all    0.99    0.00    1.07    0.00    0.00    0.00    0.00    0.00    0.00   97.94
16:41:57     all    0.32    0.00    1.17    0.00    0.00    0.00    0.00    0.00    0.00   98.51
16:41:58     all    0.56    0.00    0.28    0.00    0.00    0.00    0.00    0.00    0.00   99.17
16:41:59     all    0.35    0.00    0.13    0.00    0.00    0.00    0.00    0.00    0.00   99.53
16:42:00     all    0.58    0.00    0.26    0.00    0.00    0.00    0.00    0.00    0.00   99.15
16:42:01     all    0.06    0.00    0.04    0.00    0.00    0.00    0.00    0.00    0.00   99.90
16:42:02     all    0.35    0.00    0.18    0.00    0.00    0.00    0.00    0.00    0.00   99.47
16:42:03     all    0.24    0.00    0.13    0.00    0.00    0.00    0.00    0.00    0.00   99.64
16:42:04     all    0.01    0.00    0.06    0.00    0.00    0.00    0.00    0.00    0.00   99.93
16:42:05     all    0.38    0.00    0.15    0.00    0.00    0.00    0.00    0.00    0.00   99.47
16:42:06     all    0.37    0.00    0.36    0.00    0.00    0.00    0.00    0.00    0.00   99.26
16:42:07     all    0.13    0.00    0.18    0.00    0.00    0.00    0.00    0.00    0.00   99.69
16:42:08     all    0.24    0.00    0.10    0.00    0.00    0.00    0.00    0.00    0.00   99.67
16:42:09     all    0.26    0.00    0.10    0.00    0.00    0.00    0.00    0.00    0.00   99.64
16:42:10     all    0.08    0.00    0.07    0.00    0.00    0.00    0.00    0.00    0.00   99.85
16:42:11     all    0.32    0.00    0.13    0.00    0.00    0.00    0.00    0.00    0.00   99.56
16:42:12     all    0.29    0.00    0.13    0.00    0.00    0.00    0.00    0.00    0.00   99.58
16:42:13     all    0.14    0.00    0.11    0.01    0.00    0.00    0.00    0.00    0.00   99.74
16:42:14     all    0.22    0.00    0.13    0.00    0.00    0.00    0.00    0.00    0.00   99.65
16:42:15     all    0.28    0.00    0.07    0.00    0.00    0.00    0.00    0.00    0.00   99.65
16:42:16     all    0.01    0.00    0.11    0.00    0.00    0.00    0.00    0.00    0.00   99.88
16:42:17     all    0.25    0.00    0.11    0.00    0.00    0.00    0.00    0.00    0.00   99.64
16:42:18     all    0.39    0.00    0.14    0.00    0.00    0.00    0.00    0.00    0.00   99.47
16:42:19     all    0.15    0.00    0.17    0.00    0.00    0.00    0.00    0.00    0.00   99.68
16:42:20     all    1.25    0.00    0.36    0.00    0.00    0.00    0.00    0.00    0.00   98.39
16:42:21     all    0.44    0.00    0.32    0.00    0.00    0.00    0.00    0.00    0.00   99.24
16:42:22     all    0.36    0.00    0.44    0.00    0.00    0.00    0.00    0.00    0.00   99.19
16:42:23     all    0.42    0.00    0.22    0.00    0.00    0.00    0.00    0.00    0.00   99.36
16:42:24     all    0.28    0.00    0.08    0.00    0.00    0.00    0.00    0.00    0.00   99.64
16:42:25     all    0.01    0.00    0.07    0.00    0.00    0.00    0.00    0.00    0.00   99.92
Average:     all   27.26    0.00    6.59    0.00    0.00    0.00    0.00    0.00    0.00   66.15
