Linux 6.8.0-136-generic (856a17914eb3) 	08/10/26 	_x86_64_	(72 CPU)

06:31:28     CPU    %usr   %nice    %sys %iowait    %irq   %soft  %steal  %guest  %gnice   %idle
06:31:29     all   11.63    0.00    0.53    0.00    0.00    0.00    0.00    0.00    0.00   87.84
06:31:30     all    1.17    0.00    0.82    0.00    0.00    0.00    0.00    0.00    0.00   98.01
06:31:31     all    1.58    0.00    0.38    0.00    0.00    0.00    0.00    0.00    0.00   98.04
06:31:32     all    1.40    0.00    0.14    0.00    0.00    0.00    0.00    0.00    0.00   98.46
06:31:33     all    1.36    0.01    0.47    0.00    0.00    0.00    0.00    0.00    0.00   98.15
06:31:34     all    1.56    0.00    0.29    0.00    0.00    0.00    0.00    0.00    0.00   98.15
06:31:35     all    1.38    0.00    0.14    0.00    0.00    0.00    0.00    0.00    0.00   98.48
06:31:36     all   11.08    0.00    2.93    0.00    0.00    0.00    0.00    0.00    0.00   85.98
06:31:37     all   14.75    0.00    0.93    0.00    0.00    0.00    0.00    0.00    0.00   84.32
06:31:38     all   13.60    0.00    0.77    0.00    0.00    0.00    0.00    0.00    0.00   85.63
06:31:39     all   15.24    0.00    0.61    0.00    0.00    0.00    0.00    0.00    0.00   84.15
06:31:40     all   16.58    0.00    0.46    0.01    0.00    0.00    0.00    0.00    0.00   82.95
06:31:41     all   25.83    0.00    1.95    0.00    0.00    0.00    0.00    0.00    0.00   72.22
06:31:42     all   18.21    0.00    1.68    0.00    0.00    0.00    0.00    0.00    0.00   80.11
06:31:43     all   20.10    0.00    1.49    0.00    0.00    0.00    0.00    0.00    0.00   78.41
06:31:44     all   18.81    0.00    1.31    0.00    0.00    0.00    0.00    0.00    0.00   79.88
06:31:45     all   20.01    0.00    1.41    0.00    0.00    0.01    0.00    0.00    0.00   78.57
06:31:46     all   16.94    0.00    1.36    0.00    0.00    0.01    0.00    0.00    0.00   81.69
06:31:47     all   15.74    0.00    1.11    0.00    0.00    0.01    0.00    0.00    0.00   83.13
06:31:48     all   16.41    0.00    0.63    0.00    0.00    0.01    0.00    0.00    0.00   82.95
06:31:49     all   17.33    0.00    0.69    0.00    0.00    0.00    0.00    0.00    0.00   81.97
06:31:50     all   17.06    0.00    0.68    0.00    0.00    0.03    0.00    0.00    0.00   82.23
06:31:51     all   16.67    0.00    0.86    0.00    0.00    0.01    0.00    0.00    0.00   82.46
06:31:52     all   13.09    0.00    0.65    0.00    0.00    0.01    0.00    0.00    0.00   86.24
06:31:53     all   15.61    0.00    0.44    0.00    0.00    0.00    0.00    0.00    0.00   83.94
06:31:54     all   16.17    0.00    0.42    0.00    0.00    0.01    0.00    0.00    0.00   83.39
06:31:55     all   18.16    0.00    0.31    0.00    0.00    0.03    0.00    0.00    0.00   81.50
06:31:56     all   21.87    0.00    0.39    0.00    0.00    0.01    0.00    0.00    0.00   77.73
06:31:57     all   23.62    0.00    0.54    0.00    0.00    0.01    0.00    0.00    0.00   75.83
06:31:58     all   22.67    0.00    0.50    0.00    0.00    0.01    0.00    0.00    0.00   76.82
06:31:59     all   16.08    0.00    0.29    0.00    0.00    0.03    0.00    0.00    0.00   83.60
06:32:00     all   16.80    0.00    0.49    0.00    0.00    0.01    0.00    0.00    0.00   82.70
06:32:01     all   14.74    0.00    0.45    0.00    0.00    0.01    0.00    0.00    0.00   84.80
06:32:02     all   22.30    0.00    0.46    0.00    0.00    0.03    0.00    0.00    0.00   77.21
06:32:03     all   22.76    0.00    0.64    0.00    0.00    0.00    0.00    0.00    0.00   76.60
06:32:04     all   27.97    0.00    0.60    0.00    0.00    0.01    0.00    0.00    0.00   71.42
06:32:05     all   18.61    0.00    1.16    0.00    0.00    0.00    0.00    0.00    0.00   80.23
06:32:06     all   17.86    0.00    1.59    0.00    0.00    0.00    0.00    0.00    0.00   80.55
06:32:07     all   15.20    0.00    1.25    0.00    0.00    0.00    0.00    0.00    0.00   83.55
06:32:08     all   14.56    0.00    0.86    0.00    0.00    0.01    0.00    0.00    0.00   84.56
06:32:09     all   15.19    0.00    0.79    0.00    0.00    0.00    0.00    0.00    0.00   84.01
06:32:10     all   14.25    0.00    1.03    0.00    0.00    0.00    0.00    0.00    0.00   84.72
06:32:11     all   13.73    0.00    1.11    0.00    0.00    0.00    0.00    0.00    0.00   85.16
06:32:12     all   18.23    0.00    1.21    0.00    0.00    0.00    0.00    0.00    0.00   80.55
06:32:13     all   16.82    0.00    0.90    0.00    0.00    0.00    0.00    0.00    0.00   82.28
06:32:14     all   17.27    0.00    0.95    0.00    0.00    0.00    0.00    0.00    0.00   81.78
06:32:15     all   18.26    0.00    0.96    0.00    0.00    0.00    0.00    0.00    0.00   80.78
06:32:16     all   18.21    0.00    0.93    0.00    0.00    0.00    0.00    0.00    0.00   80.86
06:32:17     all   25.37    0.00    1.57    0.00    0.00    0.00    0.00    0.00    0.00   73.05
06:32:18     all   19.30    0.00    1.73    0.00    0.00    0.00    0.00    0.00    0.00   78.97
06:32:19     all   25.59    0.00    2.29    0.00    0.00    0.00    0.00    0.00    0.00   72.12
06:32:20     all   21.17    0.00    2.46    0.00    0.00    0.00    0.00    0.00    0.00   76.37
06:32:21     all   21.81    0.00    1.77    0.00    0.00    0.00    0.00    0.00    0.00   76.42
06:32:22     all   19.76    0.00    1.96    0.00    0.00    0.00    0.00    0.00    0.00   78.28
06:32:23     all   24.84    0.00    2.84    0.00    0.00    0.00    0.00    0.00    0.00   72.33
06:32:24     all   25.01    0.00    3.35    0.00    0.00    0.00    0.00    0.00    0.00   71.64
06:32:25     all   18.87    0.00    2.26    0.00    0.00    0.01    0.00    0.00    0.00   78.86
06:32:26     all   23.59    0.00    2.16    0.00    0.00    0.01    0.00    0.00    0.00   74.24
06:32:27     all   18.83    0.00    1.74    0.00    0.00    0.00    0.00    0.00    0.00   79.43
06:32:28     all   10.20    0.00    2.03    0.00    0.00    0.00    0.00    0.00    0.00   87.77
06:32:29     all    8.16    0.00    1.20    0.01    0.00    0.00    0.00    0.00    0.00   90.63
06:32:30     all   15.11    0.00    2.18    0.00    0.00    0.00    0.00    0.00    0.00   82.70
06:32:31     all   21.21    0.00    2.16    0.00    0.00    0.00    0.00    0.00    0.00   76.63
06:32:32     all   14.10    0.00    1.45    0.00    0.00    0.00    0.00    0.00    0.00   84.45
06:32:33     all   16.71    0.00    1.28    0.00    0.00    0.01    0.00    0.00    0.00   82.00
06:32:34     all   10.88    0.00    1.31    0.00    0.00    0.00    0.00    0.00    0.00   87.82
06:32:35     all   17.99    0.00    2.30    0.00    0.00    0.00    0.00    0.00    0.00   79.71
06:32:36     all   14.72    0.00    1.70    0.00    0.00    0.00    0.00    0.00    0.00   83.59
06:32:37     all    7.87    0.00    1.39    0.00    0.00    0.00    0.00    0.00    0.00   90.74
06:32:38     all    5.83    0.00    0.95    0.00    0.00    0.00    0.00    0.00    0.00   93.23
06:32:39     all    3.02    0.00    0.32    0.00    0.00    0.00    0.00    0.00    0.00   96.66
06:32:40     all    0.89    0.00    0.97    0.00    0.00    0.00    0.00    0.00    0.00   98.14
06:32:41     all    0.54    0.00    1.28    0.01    0.00    0.00    0.00    0.00    0.00   98.17
06:32:42     all    7.53    0.00    1.36    0.00    0.00    0.00    0.00    0.00    0.00   91.11
06:32:43     all    4.46    0.00    0.38    0.00    0.00    0.00    0.00    0.00    0.00   95.16
06:32:44     all    1.29    0.00    0.54    0.00    0.00    0.00    0.00    0.00    0.00   98.17
06:32:45     all    1.55    0.00    0.19    0.00    0.00    0.00    0.00    0.00    0.00   98.25
06:32:46     all    1.60    0.00    0.19    0.00    0.00    0.00    0.00    0.00    0.00   98.21
06:32:47     all    1.96    0.01    0.38    0.00    0.00    0.00    0.00    0.00    0.00   97.65
06:32:48     all    1.61    0.00    0.19    0.00    0.00    0.01    0.00    0.00    0.00   98.18
06:32:49     all    1.58    0.00    0.19    0.00    0.00    0.00    0.00    0.00    0.00   98.22
06:32:50     all    1.44    0.00    0.15    0.00    0.00    0.00    0.00    0.00    0.00   98.40
06:32:51     all    1.60    0.00    0.86    0.00    0.00    0.00    0.00    0.00    0.00   97.54
06:32:52     all    1.49    0.00    0.17    0.00    0.00    0.00    0.00    0.00    0.00   98.35
06:32:53     all    1.38    0.00    0.14    0.00    0.00    0.00    0.00    0.00    0.00   98.49
06:32:54     all    1.57    0.00    0.14    0.00    0.00    0.00    0.00    0.00    0.00   98.29
06:32:55     all    1.56    0.00    0.22    0.00    0.00    0.00    0.00    0.00    0.00   98.22
06:32:56     all    1.47    0.00    0.25    0.00    0.00    0.00    0.00    0.00    0.00   98.28
06:32:57     all    1.53    0.00    0.17    0.00    0.00    0.00    0.00    0.00    0.00   98.31
06:32:58     all   24.60    0.00    8.51    0.00    0.00    0.00    0.00    0.00    0.00   66.89
06:32:59     all   30.43    0.00    0.68    0.00    0.00    0.00    0.00    0.00    0.00   68.89
06:33:00     all   52.77    0.00    3.80    0.00    0.00    0.00    0.00    0.00    0.00   43.43
06:33:01     all   50.36    0.00    3.96    0.00    0.00    0.00    0.00    0.00    0.00   45.68
06:33:02     all   31.13    0.00    1.92    0.00    0.00    0.00    0.00    0.00    0.00   66.95
06:33:03     all   29.42    0.00    1.50    0.00    0.00    0.00    0.00    0.00    0.00   69.08
06:33:04     all   29.92    0.00    1.16    0.00    0.00    0.00    0.00    0.00    0.00   68.92
06:33:05     all   27.38    0.00    0.68    0.00    0.00    0.00    0.00    0.00    0.00   71.94
06:33:06     all   27.09    0.00    0.71    0.00    0.00    0.00    0.00    0.00    0.00   72.20
06:33:07     all   28.22    0.00    0.33    0.00    0.00    0.00    0.00    0.00    0.00   71.45
06:33:08     all   35.35    0.00    0.51    0.00    0.00    0.01    0.00    0.00    0.00   64.12
Average:     all   15.35    0.00    1.14    0.00    0.00    0.00    0.00    0.00    0.00   83.50
