Linux 6.8.0-136-generic (856a17914eb3) 	08/10/26 	_x86_64_	(72 CPU)

06:32:42     CPU    %usr   %nice    %sys %iowait    %irq   %soft  %steal  %guest  %gnice   %idle
06:32:43     all   11.36    0.00    0.36    0.00    0.00    0.00    0.00    0.00    0.00   88.28
06:32:44     all    1.32    0.00    0.58    0.00    0.00    0.00    0.00    0.00    0.00   98.10
06:32:45     all    1.53    0.00    0.19    0.00    0.00    0.00    0.00    0.00    0.00   98.28
06:32:46     all    1.56    0.00    0.21    0.00    0.00    0.00    0.00    0.00    0.00   98.24
06:32:47     all    1.88    0.00    0.32    0.00    0.00    0.00    0.00    0.00    0.00   97.81
06:32:48     all    1.78    0.01    0.25    0.00    0.00    0.01    0.00    0.00    0.00   97.94
06:32:49     all    1.39    0.00    0.19    0.00    0.00    0.00    0.00    0.00    0.00   98.42
06:32:50     all    1.65    0.00    0.15    0.00    0.00    0.00    0.00    0.00    0.00   98.19
06:32:51     all    1.58    0.00    0.87    0.00    0.00    0.00    0.00    0.00    0.00   97.54
06:32:52     all    1.35    0.00    0.17    0.00    0.00    0.00    0.00    0.00    0.00   98.49
06:32:53     all    1.53    0.00    0.13    0.00    0.00    0.00    0.00    0.00    0.00   98.35
06:32:54     all    1.56    0.00    0.14    0.00    0.00    0.00    0.00    0.00    0.00   98.30
06:32:55     all    1.42    0.00    0.22    0.00    0.00    0.00    0.00    0.00    0.00   98.36
06:32:56     all    1.61    0.00    0.26    0.00    0.00    0.00    0.00    0.00    0.00   98.12
06:32:57     all    1.54    0.00    0.14    0.00    0.00    0.00    0.00    0.00    0.00   98.32
06:32:58     all   21.40    0.00    8.47    0.00    0.00    0.00    0.00    0.00    0.00   70.13
06:32:59     all   28.55    0.00    0.59    0.00    0.00    0.00    0.00    0.00    0.00   70.86
06:33:00     all   52.05    0.00    3.53    0.00    0.00    0.00    0.00    0.00    0.00   44.42
06:33:01     all   51.07    0.00    4.07    0.00    0.00    0.00    0.00    0.00    0.00   44.87
06:33:02     all   32.19    0.00    2.02    0.00    0.00    0.00    0.00    0.00    0.00   65.79
06:33:03     all   30.80    0.00    1.60    0.00    0.00    0.00    0.00    0.00    0.00   67.60
06:33:04     all   30.04    0.00    1.12    0.00    0.00    0.00    0.00    0.00    0.00   68.85
06:33:05     all   27.31    0.00    0.78    0.00    0.00    0.00    0.00    0.00    0.00   71.91
06:33:06     all   26.56    0.00    0.74    0.00    0.00    0.00    0.00    0.00    0.00   72.71
06:33:07     all   27.83    0.00    0.31    0.00    0.00    0.00    0.00    0.00    0.00   71.86
06:33:08     all   34.21    0.00    0.50    0.00    0.00    0.01    0.00    0.00    0.00   65.27
06:33:09     all   39.52    0.00    0.53    0.00    0.00    0.01    0.00    0.00    0.00   59.94
06:33:10     all   30.91    0.00    0.72    0.01    0.00    0.00    0.00    0.00    0.00   68.35
06:33:11     all   25.37    0.00    0.66    0.00    0.00    0.00    0.00    0.00    0.00   73.98
06:33:12     all   31.77    0.00    0.56    0.00    0.00    0.00    0.00    0.00    0.00   67.67
06:33:13     all   54.49    0.00    0.99    0.00    0.00    0.00    0.00    0.00    0.00   44.52
06:33:14     all   53.11    0.00    2.19    0.00    0.00    0.00    0.00    0.00    0.00   44.70
06:33:15     all   44.55    0.00    2.54    0.00    0.00    0.03    0.00    0.00    0.00   52.89
06:33:16     all   30.55    0.00    2.44    0.00    0.00    0.00    0.00    0.00    0.00   67.01
06:33:17     all   31.36    0.00    2.77    0.00    0.00    0.00    0.00    0.00    0.00   65.87
06:33:18     all   36.70    0.00    2.03    0.00    0.00    0.00    0.00    0.00    0.00   61.26
06:33:19     all   35.36    0.00    1.89    0.01    0.00    0.00    0.00    0.00    0.00   62.73
06:33:20     all   46.73    0.00    2.13    0.00    0.00    0.01    0.00    0.00    0.00   51.13
06:33:21     all   44.69    0.00    2.84    0.00    0.00    0.01    0.00    0.00    0.00   52.46
06:33:22     all   44.64    0.00    3.55    0.00    0.00    0.00    0.00    0.00    0.00   51.81
06:33:23     all   47.20    0.00    3.80    0.00    0.00    0.00    0.00    0.00    0.00   49.00
06:33:24     all   46.52    0.01    3.93    0.00    0.00    0.01    0.00    0.00    0.00   49.52
06:33:25     all   43.00    0.00    3.26    0.00    0.00    0.00    0.00    0.00    0.00   53.74
06:33:26     all   38.08    0.00    3.47    0.00    0.00    0.01    0.00    0.00    0.00   58.44
06:33:27     all   35.28    0.00    3.66    0.00    0.00    0.00    0.00    0.00    0.00   61.06
06:33:28     all   32.05    0.00    3.35    0.00    0.00    0.00    0.00    0.00    0.00   64.60
06:33:29     all   30.03    0.00    2.17    0.00    0.00    0.00    0.00    0.00    0.00   67.80
06:33:30     all   25.30    0.00    3.38    0.00    0.00    0.00    0.00    0.00    0.00   71.33
06:33:31     all   30.82    0.00    3.54    0.00    0.00    0.00    0.00    0.00    0.00   65.64
06:33:32     all   25.73    0.00    3.01    0.01    0.00    0.00    0.00    0.00    0.00   71.25
06:33:33     all   23.80    0.00    2.84    0.00    0.00    0.00    0.00    0.00    0.00   73.36
06:33:34     all   26.59    0.00    2.42    0.00    0.00    0.00    0.00    0.00    0.00   71.00
06:33:35     all   29.09    0.00    2.32    0.00    0.00    0.00    0.00    0.00    0.00   68.59
06:33:36     all   26.63    0.00    1.69    0.00    0.00    0.00    0.00    0.00    0.00   71.69
06:33:37     all   26.38    0.00    1.77    0.00    0.00    0.00    0.00    0.00    0.00   71.85
06:33:38     all   37.39    0.00    1.87    0.00    0.00    0.00    0.00    0.00    0.00   60.74
06:33:39     all   26.78    0.00    2.24    0.00    0.00    0.00    0.00    0.00    0.00   70.98
06:33:40     all   29.25    0.00    2.38    0.00    0.00    0.00    0.00    0.00    0.00   68.37
06:33:41     all   33.49    0.00    2.30    0.00    0.00    0.00    0.00    0.00    0.00   64.22
06:33:42     all   25.31    0.00    2.78    0.00    0.00    0.00    0.00    0.00    0.00   71.91
06:33:43     all   34.34    0.00    2.00    0.00    0.00    0.00    0.00    0.00    0.00   63.66
06:33:44     all   35.76    0.00    1.42    0.00    0.00    0.00    0.00    0.00    0.00   62.82
06:33:45     all   36.36    0.00    1.69    0.00    0.00    0.01    0.00    0.00    0.00   61.94
06:33:46     all   28.83    0.00    2.25    0.00    0.00    0.01    0.00    0.00    0.00   68.91
06:33:47     all   37.86    0.00    2.95    0.00    0.00    0.01    0.00    0.00    0.00   59.17
06:33:48     all   39.83    0.00    2.02    0.00    0.00    0.00    0.00    0.00    0.00   58.15
06:33:49     all   36.91    0.00    1.71    0.00    0.00    0.00    0.00    0.00    0.00   61.38
06:33:50     all   36.34    0.00    1.94    0.00    0.00    0.01    0.00    0.00    0.00   61.71
06:33:51     all   36.84    0.00    2.13    0.00    0.00    0.00    0.00    0.00    0.00   61.03
06:33:52     all   36.66    0.00    1.64    0.00    0.00    0.00    0.00    0.00    0.00   61.69
06:33:53     all   41.25    0.00    2.84    0.00    0.00    0.01    0.00    0.00    0.00   55.89
06:33:54     all   35.97    0.00    2.65    0.00    0.00    0.00    0.00    0.00    0.00   61.38
06:33:55     all   27.03    0.00    2.73    0.00    0.00    0.00    0.00    0.00    0.00   70.24
06:33:56     all   28.21    0.00    2.92    0.00    0.00    0.00    0.00    0.00    0.00   68.87
06:33:57     all   35.03    0.00    2.53    0.00    0.00    0.01    0.00    0.00    0.00   62.42
06:33:58     all   20.10    0.00    1.02    0.00    0.00    0.00    0.00    0.00    0.00   78.88
06:33:59     all   10.53    0.00    1.20    0.00    0.00    0.00    0.00    0.00    0.00   88.27
06:34:00     all   10.37    0.00    0.93    0.00    0.00    0.00    0.00    0.00    0.00   88.69
06:34:01     all    9.74    0.00    1.38    0.00    0.00    0.00    0.00    0.00    0.00   88.88
06:34:02     all    9.64    0.00    1.25    0.00    0.00    0.00    0.00    0.00    0.00   89.11
06:34:03     all    7.99    0.00    0.89    0.00    0.00    0.00    0.00    0.00    0.00   91.12
06:34:04     all    2.36    0.00    1.22    0.00    0.00    0.00    0.00    0.00    0.00   96.41
06:34:05     all    1.46    0.00    0.31    0.00    0.00    0.00    0.00    0.00    0.00   98.24
06:34:06     all    1.21    0.00    0.24    0.00    0.00    0.00    0.00    0.00    0.00   98.55
06:34:07     all    1.46    0.00    0.39    0.00    0.00    0.00    0.00    0.00    0.00   98.15
06:34:08     all    1.44    0.00    0.40    0.00    0.00    0.00    0.00    0.00    0.00   98.15
06:34:09     all    1.22    0.00    0.39    0.00    0.00    0.00    0.00    0.00    0.00   98.39
06:34:10     all    1.54    0.00    0.17    0.00    0.00    0.00    0.00    0.00    0.00   98.29
06:34:11     all    1.06    0.00    0.92    0.00    0.00    0.00    0.00    0.00    0.00   98.03
06:34:12     all    0.47    0.00    1.25    0.00    0.00    0.00    0.00    0.00    0.00   98.28
06:34:13     all    0.46    0.00    1.61    0.00    0.00    0.00    0.00    0.00    0.00   97.93
06:34:14     all   11.22    0.00    0.79    0.00    0.00    0.00    0.00    0.00    0.00   87.99
06:34:15     all    1.31    0.00    0.39    0.00    0.00    0.00    0.00    0.00    0.00   98.30
06:34:16     all    1.21    0.00    0.54    0.00    0.00    0.01    0.00    0.00    0.00   98.24
06:34:17     all    2.03    0.00    0.29    0.00    0.00    0.00    0.00    0.00    0.00   97.68
06:34:18     all    1.18    0.00    0.53    0.00    0.00    0.00    0.00    0.00    0.00   98.29
06:34:19     all    1.57    0.00    0.13    0.00    0.00    0.00    0.00    0.00    0.00   98.30
06:34:20     all    1.64    0.00    0.19    0.00    0.00    0.00    0.00    0.00    0.00   98.17
06:34:21     all   13.53    0.00    9.22    0.00    0.00    0.00    0.00    0.00    0.00   77.25
06:34:22     all   14.44    0.00    0.38    0.00    0.00    0.00    0.00    0.00    0.00   85.18
Average:     all   22.38    0.00    1.69    0.00    0.00    0.00    0.00    0.00    0.00   75.92
