Linux 6.8.0-136-generic (856a17914eb3) 	08/10/26 	_x86_64_	(72 CPU)

11:51:38     CPU    %usr   %nice    %sys %iowait    %irq   %soft  %steal  %guest  %gnice   %idle
11:51:39     all   11.61    0.00    0.50    0.00    0.00    0.00    0.00    0.00    0.00   87.89
11:51:40     all    0.99    0.00    0.81    0.00    0.00    0.00    0.00    0.00    0.00   98.21
11:51:41     all    1.49    0.00    0.19    0.00    0.00    0.00    0.00    0.00    0.00   98.32
11:51:42     all    1.58    0.00    0.22    0.00    0.00    0.00    0.00    0.00    0.00   98.19
11:51:43     all    1.40    0.00    0.21    0.00    0.00    0.00    0.00    0.00    0.00   98.39
11:51:44     all    1.65    0.00    0.31    0.00    0.00    0.00    0.00    0.00    0.00   98.04
11:51:45     all    2.04    0.00    0.35    0.00    0.00    0.00    0.00    0.00    0.00   97.61
11:51:46     all    1.36    0.00    0.15    0.00    0.00    0.00    0.00    0.00    0.00   98.49
11:51:47     all    1.60    0.00    0.26    0.01    0.00    0.00    0.00    0.00    0.00   98.12
11:51:48     all    1.57    0.00    0.18    0.00    0.00    0.00    0.00    0.00    0.00   98.25
11:51:49     all    1.43    0.00    0.26    0.00    0.00    0.00    0.00    0.00    0.00   98.31
11:51:50     all    1.64    0.00    0.19    0.00    0.00    0.00    0.00    0.00    0.00   98.16
11:51:51     all    1.59    0.00    0.17    0.00    0.00    0.00    0.00    0.00    0.00   98.25
11:51:52     all    1.33    0.00    0.28    0.00    0.00    0.00    0.00    0.00    0.00   98.39
11:51:53     all    1.49    0.00    0.29    0.00    0.00    0.00    0.00    0.00    0.00   98.22
11:51:54     all    1.44    0.00    0.49    0.00    0.00    0.00    0.00    0.00    0.00   98.07
11:51:55     all    1.46    0.00    0.18    0.00    0.00    0.00    0.00    0.00    0.00   98.36
11:51:56     all    1.85    0.00    0.33    0.00    0.00    0.00    0.00    0.00    0.00   97.82
11:51:57     all    1.74    0.00    0.19    0.00    0.00    0.00    0.00    0.00    0.00   98.07
11:51:58     all    1.45    0.00    0.28    0.00    0.00    0.01    0.00    0.00    0.00   98.26
11:51:59     all    1.80    0.00    0.33    0.00    0.00    0.00    0.00    0.00    0.00   97.86
11:52:00     all    1.54    0.00    0.22    0.00    0.00    0.00    0.00    0.00    0.00   98.23
11:52:01     all    1.40    0.00    0.19    0.00    0.00    0.00    0.00    0.00    0.00   98.40
11:52:02     all    1.64    0.00    0.21    0.00    0.00    0.00    0.00    0.00    0.00   98.15
11:52:03     all    1.58    0.00    0.15    0.00    0.00    0.00    0.00    0.00    0.00   98.26
11:52:04     all    1.40    0.00    0.21    0.00    0.00    0.00    0.00    0.00    0.00   98.39
11:52:05     all    1.56    0.00    0.24    0.00    0.00    0.00    0.00    0.00    0.00   98.21
11:52:06     all    1.99    0.00    0.44    0.00    0.00    0.00    0.00    0.00    0.00   97.57
11:52:07     all   16.94    0.00    2.99    0.00    0.00    0.00    0.00    0.00    0.00   80.07
11:52:08     all   45.77    0.00    3.63    0.00    0.00    0.01    0.00    0.00    0.00   50.59
11:52:09     all   57.32    0.00    5.73    0.00    0.00    0.00    0.00    0.00    0.00   36.95
11:52:10     all   43.45    0.00    6.90    0.00    0.00    0.00    0.00    0.00    0.00   49.65
11:52:11     all   38.25    0.01    4.85    0.00    0.00    0.00    0.00    0.00    0.00   56.88
11:52:12     all   34.12    0.00    3.94    0.00    0.00    0.01    0.00    0.00    0.00   61.93
11:52:13     all   37.06    0.00    3.44    0.00    0.00    0.00    0.00    0.00    0.00   59.50
11:52:14     all   34.42    0.00    2.98    0.00    0.00    0.00    0.00    0.00    0.00   62.59
11:52:15     all   37.72    0.00    3.05    0.00    0.00    0.00    0.00    0.00    0.00   59.23
11:52:16     all   47.17    0.00    2.34    0.00    0.00    0.01    0.00    0.00    0.00   50.47
11:52:17     all   53.11    0.00    1.71    0.00    0.00    0.00    0.00    0.00    0.00   45.18
11:52:18     all   33.92    0.00    1.68    0.00    0.00    0.00    0.00    0.00    0.00   64.40
11:52:19     all   40.63    0.00    1.73    0.00    0.00    0.01    0.00    0.00    0.00   57.63
11:52:20     all   63.41    0.00    4.92    0.00    0.00    0.00    0.00    0.00    0.00   31.67
11:52:21     all   47.39    0.00   10.37    0.00    0.00    0.00    0.00    0.00    0.00   42.23
11:52:22     all   34.18    0.00    7.62    0.00    0.00    0.00    0.00    0.00    0.00   58.20
11:52:23     all   28.90    0.00    5.88    0.00    0.00    0.00    0.00    0.00    0.00   65.22
11:52:24     all   31.55    0.00    5.63    0.00    0.00    0.00    0.00    0.00    0.00   62.82
11:52:25     all   41.17    0.00   10.22    0.00    0.00    0.00    0.00    0.00    0.00   48.61
11:52:26     all   47.12    0.00    8.99    0.00    0.00    0.00    0.00    0.00    0.00   43.90
11:52:27     all   42.88    0.00    9.89    0.00    0.00    0.01    0.00    0.00    0.00   47.22
11:52:28     all   55.66    0.00   12.48    0.00    0.00    0.01    0.00    0.00    0.00   31.84
11:52:29     all   53.26    0.00   12.67    0.00    0.00    0.00    0.00    0.00    0.00   34.07
11:52:30     all   51.55    0.00   15.19    0.00    0.00    0.00    0.00    0.00    0.00   33.26
11:52:31     all   53.27    0.00   16.42    0.00    0.00    0.01    0.00    0.00    0.00   30.30
11:52:32     all   54.42    0.00   15.93    0.00    0.00    0.00    0.00    0.00    0.00   29.65
11:52:33     all   49.07    0.00   16.79    0.00    0.00    0.01    0.00    0.00    0.00   34.13
11:52:34     all   46.30    0.00   13.97    0.00    0.00    0.00    0.00    0.00    0.00   39.73
11:52:35     all   37.89    0.00   13.10    0.00    0.00    0.00    0.00    0.00    0.00   49.01
11:52:36     all   23.77    0.00    7.41    0.00    0.00    0.00    0.00    0.00    0.00   68.81
11:52:37     all   32.81    0.00    9.99    0.00    0.00    0.00    0.00    0.00    0.00   57.20
11:52:38     all   28.41    0.00    7.68    0.00    0.00    0.00    0.00    0.00    0.00   63.90
11:52:39     all   33.28    0.00    8.66    0.00    0.00    0.00    0.00    0.00    0.00   58.06
11:52:40     all   32.26    0.00    8.88    0.00    0.00    0.00    0.00    0.00    0.00   58.86
11:52:41     all   38.15    0.00   10.83    0.00    0.00    0.01    0.00    0.00    0.00   51.01
11:52:42     all   31.73    0.00    9.09    0.00    0.00    0.00    0.00    0.00    0.00   59.18
11:52:43     all   26.49    0.00    7.58    0.00    0.00    0.00    0.00    0.00    0.00   65.93
11:52:44     all   37.58    0.00    8.95    0.00    0.00    0.00    0.00    0.00    0.00   53.47
11:52:45     all   38.36    0.00    9.60    0.00    0.00    0.00    0.00    0.00    0.00   52.04
11:52:46     all   39.65    0.00   10.14    0.00    0.00    0.00    0.00    0.00    0.00   50.22
11:52:47     all   50.69    0.00   12.65    0.00    0.00    0.03    0.00    0.00    0.00   36.63
11:52:48     all   46.33    0.00   12.97    0.00    0.00    0.00    0.00    0.00    0.00   40.70
11:52:49     all   43.18    0.00    9.75    0.00    0.00    0.00    0.00    0.00    0.00   47.08
11:52:50     all   35.14    0.00    8.92    0.00    0.00    0.00    0.00    0.00    0.00   55.94
11:52:51     all   39.61    0.00   10.37    0.00    0.00    0.01    0.00    0.00    0.00   50.01
11:52:52     all   38.42    0.00   11.71    0.00    0.00    0.01    0.00    0.00    0.00   49.86
11:52:53     all   46.49    0.00   12.30    0.00    0.00    0.00    0.00    0.00    0.00   41.21
11:52:54     all   38.54    0.00   11.69    0.00    0.00    0.01    0.00    0.00    0.00   49.76
11:52:55     all   27.65    0.00    7.57    0.00    0.00    0.00    0.00    0.00    0.00   64.77
11:52:56     all   32.92    0.01    8.18    0.00    0.00    0.00    0.00    0.00    0.00   58.88
11:52:57     all   31.24    0.00    9.63    0.00    0.00    0.00    0.00    0.00    0.00   59.13
11:52:58     all   40.13    0.00   12.22    0.00    0.00    0.00    0.00    0.00    0.00   47.65
11:52:59     all   45.55    0.00   13.53    0.00    0.00    0.00    0.00    0.00    0.00   40.92
11:53:00     all   40.71    0.00   13.46    0.00    0.00    0.00    0.00    0.00    0.00   45.83
11:53:01     all   43.35    0.00   12.01    0.00    0.00    0.00    0.00    0.00    0.00   44.64
11:53:02     all   47.73    0.00   13.82    0.00    0.00    0.00    0.00    0.00    0.00   38.45
11:53:03     all   44.03    0.00   13.43    0.00    0.00    0.00    0.00    0.00    0.00   42.54
11:53:04     all   40.73    0.00   13.31    0.00    0.00    0.00    0.00    0.00    0.00   45.96
11:53:05     all   42.39    0.00   13.48    0.00    0.00    0.00    0.00    0.00    0.00   44.13
11:53:06     all   45.59    0.00   14.35    0.00    0.00    0.00    0.00    0.00    0.00   40.06
11:53:07     all   44.35    0.00   15.57    0.00    0.00    0.00    0.00    0.00    0.00   40.08
11:53:08     all   43.49    0.00   14.56    0.00    0.00    0.00    0.00    0.00    0.00   41.95
11:53:09     all   37.12    0.00   14.98    0.00    0.00    0.01    0.00    0.00    0.00   47.89
11:53:10     all   46.31    0.00   16.78    0.00    0.00    0.00    0.00    0.00    0.00   36.91
11:53:11     all   46.82    0.00   15.83    0.00    0.00    0.00    0.00    0.00    0.00   37.35
11:53:12     all   42.71    0.00   14.57    0.00    0.00    0.00    0.00    0.00    0.00   42.72
11:53:13     all   39.59    0.00   14.23    0.00    0.00    0.00    0.00    0.00    0.00   46.18
11:53:14     all   42.55    0.00   14.86    0.00    0.00    0.00    0.00    0.00    0.00   42.59
11:53:15     all   44.70    0.00   17.30    0.00    0.00    0.01    0.00    0.00    0.00   37.99
11:53:16     all   35.33    0.00   18.15    0.00    0.00    0.00    0.00    0.00    0.00   46.53
11:53:17     all   43.67    0.00   16.57    0.00    0.00    0.00    0.00    0.00    0.00   39.76
11:53:18     all   43.08    0.00   15.66    0.00    0.00    0.01    0.00    0.00    0.00   41.24
11:53:19     all   46.46    0.00   19.24    0.00    0.00    0.01    0.00    0.00    0.00   34.28
11:53:20     all   47.43    0.00   19.65    0.00    0.00    0.00    0.00    0.00    0.00   32.93
11:53:21     all   50.19    0.00   20.16    0.00    0.00    0.00    0.00    0.00    0.00   29.66
11:53:22     all   44.30    0.01   17.13    0.00    0.00    0.00    0.00    0.00    0.00   38.56
11:53:23     all   43.10    0.00   14.75    0.00    0.00    0.00    0.00    0.00    0.00   42.15
11:53:24     all   47.40    0.00   15.65    0.00    0.00    0.01    0.00    0.00    0.00   36.93
11:53:25     all   44.14    0.00   18.31    0.00    0.00    0.00    0.00    0.00    0.00   37.55
11:53:26     all   46.82    0.00   18.26    0.00    0.00    0.00    0.00    0.00    0.00   34.92
11:53:27     all   44.22    0.00   17.35    0.00    0.00    0.00    0.00    0.00    0.00   38.42
11:53:28     all   44.99    0.00   19.70    0.00    0.00    0.00    0.00    0.00    0.00   35.30
11:53:29     all   47.18    0.00   20.34    0.00    0.00    0.01    0.00    0.00    0.00   32.47
11:53:30     all   42.89    0.00   18.10    0.00    0.00    0.00    0.00    0.00    0.00   39.01
11:53:31     all   43.88    0.00   17.24    0.00    0.00    0.00    0.00    0.00    0.00   38.88
11:53:32     all   37.81    0.00   14.38    0.00    0.00    0.00    0.00    0.00    0.00   47.81
11:53:33     all   44.71    0.00   14.87    0.00    0.00    0.01    0.00    0.00    0.00   40.41
11:53:34     all   48.32    0.00   18.03    0.00    0.00    0.00    0.00    0.00    0.00   33.65
11:53:35     all   48.79    0.00   17.44    0.00    0.00    0.00    0.00    0.00    0.00   33.77
11:53:36     all   33.81    0.00   13.83    0.00    0.00    0.00    0.00    0.00    0.00   52.35
11:53:37     all   40.08    0.00   14.32    0.00    0.00    0.00    0.00    0.00    0.00   45.60
11:53:38     all   36.74    0.00   12.73    0.00    0.00    0.00    0.00    0.00    0.00   50.53
11:53:39     all   41.38    0.00   13.52    0.00    0.00    0.01    0.00    0.00    0.00   45.08
11:53:40     all   38.68    0.00   12.94    0.00    0.00    0.00    0.00    0.00    0.00   48.38
11:53:41     all   44.10    0.00   15.65    0.00    0.00    0.00    0.00    0.00    0.00   40.25
11:53:42     all   47.40    0.00   17.70    0.00    0.00    0.00    0.00    0.00    0.00   34.90
11:53:43     all   38.18    0.00   16.22    0.00    0.00    0.00    0.00    0.00    0.00   45.60
11:53:44     all   47.32    0.00   18.27    0.00    0.00    0.01    0.00    0.00    0.00   34.40
11:53:45     all   49.81    0.00   18.83    0.00    0.00    0.01    0.00    0.00    0.00   31.34
11:53:46     all   54.82    0.00   16.78    0.00    0.00    0.00    0.00    0.00    0.00   28.40
11:53:47     all   49.66    0.00   20.80    0.01    0.00    0.01    0.00    0.00    0.00   29.51
11:53:48     all   55.21    0.00   19.63    0.00    0.00    0.00    0.00    0.00    0.00   25.16
11:53:49     all   48.90    0.00   17.65    0.00    0.00    0.00    0.00    0.00    0.00   33.45
11:53:50     all   50.59    0.00   19.33    0.00    0.00    0.00    0.00    0.00    0.00   30.09
11:53:51     all   40.94    0.00   16.60    0.00    0.00    0.03    0.00    0.00    0.00   42.43
11:53:52     all   42.66    0.01   17.15    0.00    0.00    0.00    0.00    0.00    0.00   40.17
11:53:53     all   38.03    0.00   17.03    0.00    0.00    0.01    0.00    0.00    0.00   44.92
11:53:54     all   42.92    0.00   18.13    0.00    0.00    0.00    0.00    0.00    0.00   38.95
11:53:55     all   46.28    0.00   21.63    0.00    0.00    0.01    0.00    0.00    0.00   32.07
11:53:56     all   50.03    0.00   22.03    0.00    0.00    0.01    0.00    0.00    0.00   27.92
11:53:57     all   46.14    0.00   20.31    0.00    0.00    0.01    0.00    0.00    0.00   33.53
11:53:58     all   44.89    0.01   16.68    0.00    0.00    0.01    0.00    0.00    0.00   38.40
11:53:59     all   48.82    0.00   21.96    0.00    0.00    0.00    0.00    0.00    0.00   29.22
11:54:00     all   52.85    0.00   20.08    0.00    0.00    0.03    0.00    0.00    0.00   27.04
11:54:01     all   53.58    0.00   20.58    0.00    0.00    0.01    0.00    0.00    0.00   25.82
11:54:02     all   51.35    0.00   20.45    0.00    0.00    0.00    0.00    0.00    0.00   28.20
11:54:03     all   48.93    0.01   22.56    0.00    0.00    0.00    0.00    0.00    0.00   28.49
11:54:04     all   49.21    0.00   20.79    0.00    0.00    0.00    0.00    0.00    0.00   30.00
11:54:05     all   47.08    0.00   22.64    0.00    0.00    0.00    0.00    0.00    0.00   30.28
11:54:06     all   50.31    0.00   22.18    0.01    0.00    0.00    0.00    0.00    0.00   27.50
11:54:07     all   50.13    0.00   22.20    0.00    0.00    0.01    0.00    0.00    0.00   27.65
11:54:08     all   49.39    0.00   21.56    0.00    0.00    0.00    0.00    0.00    0.00   29.04
11:54:09     all   49.56    0.00   22.58    0.00    0.00    0.00    0.00    0.00    0.00   27.86
11:54:10     all   43.26    0.00   22.77    0.00    0.00    0.01    0.00    0.00    0.00   33.96
11:54:11     all   48.26    0.00   20.98    0.00    0.00    0.00    0.00    0.00    0.00   30.76
11:54:12     all   47.79    0.00   22.56    0.00    0.00    0.01    0.00    0.00    0.00   29.64
11:54:13     all   49.15    0.00   22.22    0.00    0.00    0.00    0.00    0.00    0.00   28.64
11:54:14     all   50.64    0.00   21.17    0.00    0.00    0.00    0.00    0.00    0.00   28.19
11:54:15     all   50.77    0.00   21.90    0.00    0.00    0.01    0.00    0.00    0.00   27.32
11:54:16     all   45.22    0.00   21.42    0.00    0.00    0.00    0.00    0.00    0.00   33.36
11:54:17     all   51.36    0.00   20.36    0.00    0.00    0.00    0.00    0.00    0.00   28.27
11:54:18     all   47.15    0.00   21.31    0.00    0.00    0.00    0.00    0.00    0.00   31.55
11:54:19     all   51.06    0.00   20.86    0.00    0.00    0.00    0.00    0.00    0.00   28.08
11:54:20     all   48.68    0.00   20.74    0.00    0.00    0.01    0.00    0.00    0.00   30.56
11:54:21     all   46.92    0.00   19.20    0.00    0.00    0.00    0.00    0.00    0.00   33.89
11:54:22     all   47.64    0.00   22.28    0.00    0.00    0.01    0.00    0.00    0.00   30.07
11:54:23     all   50.22    0.00   22.36    0.01    0.00    0.00    0.00    0.00    0.00   27.40
11:54:24     all   41.84    0.00   20.18    0.00    0.00    0.00    0.00    0.00    0.00   37.99
11:54:25     all   43.84    0.00   20.67    0.00    0.00    0.00    0.00    0.00    0.00   35.49
11:54:26     all   49.77    0.00   19.15    0.00    0.00    0.01    0.00    0.00    0.00   31.07
11:54:27     all   45.29    0.00   19.66    0.00    0.00    0.01    0.00    0.00    0.00   35.03
11:54:28     all   47.88    0.00   20.25    0.00    0.00    0.00    0.00    0.00    0.00   31.87
11:54:29     all   44.98    0.00   21.84    0.00    0.00    0.01    0.00    0.00    0.00   33.17
11:54:30     all   48.62    0.00   20.84    0.00    0.00    0.01    0.00    0.00    0.00   30.52
11:54:31     all   46.48    0.00   23.44    0.00    0.00    0.00    0.00    0.00    0.00   30.08
11:54:32     all   49.97    0.00   21.80    0.00    0.00    0.00    0.00    0.00    0.00   28.24
11:54:33     all   48.67    0.00   20.51    0.00    0.00    0.01    0.00    0.00    0.00   30.81
11:54:34     all   42.51    0.00   25.49    0.00    0.00    0.00    0.00    0.00    0.00   32.00
11:54:35     all   45.07    0.00   25.06    0.01    0.00    0.00    0.00    0.00    0.00   29.85
11:54:36     all   44.82    0.00   22.35    0.00    0.00    0.00    0.00    0.00    0.00   32.84
11:54:37     all   46.37    0.00   22.95    0.00    0.00    0.00    0.00    0.00    0.00   30.68
11:54:38     all   49.11    0.00   22.04    0.00    0.00    0.01    0.00    0.00    0.00   28.83
11:54:39     all   47.96    0.00   21.36    0.00    0.00    0.00    0.00    0.00    0.00   30.68
11:54:40     all   42.12    0.00   21.24    0.00    0.00    0.00    0.00    0.00    0.00   36.64
11:54:41     all   49.12    0.00   21.09    0.00    0.00    0.01    0.00    0.00    0.00   29.77
11:54:42     all   45.57    0.00   19.04    0.00    0.00    0.00    0.00    0.00    0.00   35.39
11:54:43     all   45.39    0.00   20.90    0.00    0.00    0.00    0.00    0.00    0.00   33.71
11:54:44     all   42.35    0.01   21.57    0.00    0.00    0.00    0.00    0.00    0.00   36.06
11:54:45     all   38.73    0.00   20.14    0.00    0.00    0.00    0.00    0.00    0.00   41.14
11:54:46     all   41.15    0.00   21.39    0.00    0.00    0.00    0.00    0.00    0.00   37.47
11:54:47     all   41.95    0.00   22.22    0.00    0.00    0.00    0.00    0.00    0.00   35.83
11:54:48     all   48.55    0.00   22.03    0.00    0.00    0.00    0.00    0.00    0.00   29.42
11:54:49     all   49.49    0.00   22.14    0.00    0.00    0.00    0.00    0.00    0.00   28.37
11:54:50     all   40.05    0.00   20.56    0.00    0.00    0.01    0.00    0.00    0.00   39.37
11:54:51     all   39.60    0.00   23.34    0.00    0.00    0.03    0.00    0.00    0.00   37.03
11:54:52     all   43.55    0.00   21.52    0.00    0.00    0.00    0.00    0.00    0.00   34.94
11:54:53     all   48.61    0.00   22.72    0.00    0.00    0.01    0.00    0.00    0.00   28.66
11:54:54     all   45.10    0.00   21.58    0.00    0.00    0.00    0.00    0.00    0.00   33.32
11:54:55     all   48.31    0.00   19.54    0.00    0.00    0.00    0.00    0.00    0.00   32.14
11:54:56     all   52.82    0.00   20.16    0.00    0.00    0.01    0.00    0.00    0.00   27.01
11:54:57     all   48.04    0.00   21.43    0.00    0.00    0.00    0.00    0.00    0.00   30.54
11:54:58     all   50.08    0.00   20.49    0.00    0.00    0.00    0.00    0.00    0.00   29.43
11:54:59     all   47.82    0.00   17.80    0.00    0.00    0.01    0.00    0.00    0.00   34.36
11:55:00     all   49.12    0.00   21.55    0.00    0.00    0.01    0.00    0.00    0.00   29.32
11:55:01     all   45.74    0.00   18.88    0.00    0.00    0.00    0.00    0.00    0.00   35.38
11:55:02     all   48.29    0.00   19.96    0.00    0.00    0.01    0.00    0.00    0.00   31.74
11:55:03     all   49.71    0.00   22.18    0.00    0.00    0.00    0.00    0.00    0.00   28.10
11:55:04     all   52.28    0.00   21.89    0.00    0.00    0.01    0.00    0.00    0.00   25.82
11:55:05     all   49.71    0.00   20.91    0.00    0.00    0.01    0.00    0.00    0.00   29.37
11:55:06     all   39.36    0.00   24.10    0.00    0.00    0.00    0.00    0.00    0.00   36.54
11:55:07     all   38.29    0.00   24.17    0.00    0.00    0.00    0.00    0.00    0.00   37.54
11:55:08     all   20.22    0.00   17.01    0.00    0.00    0.00    0.00    0.00    0.00   62.77
11:55:09     all   14.95    0.00    9.33    0.00    0.00    0.01    0.00    0.00    0.00   75.71
11:55:10     all   14.60    0.00    8.46    0.00    0.00    0.00    0.00    0.00    0.00   76.94
11:55:11     all   13.72    0.00    7.51    0.00    0.00    0.00    0.00    0.00    0.00   78.77
11:55:12     all   10.91    0.00    6.45    0.00    0.00    0.00    0.00    0.00    0.00   82.64
11:55:13     all   10.20    0.00    6.88    0.00    0.00    0.01    0.00    0.00    0.00   82.91
11:55:14     all   10.30    0.00    6.57    0.00    0.00    0.00    0.00    0.00    0.00   83.14
11:55:15     all    9.83    0.00    6.31    0.00    0.00    0.00    0.00    0.00    0.00   83.86
11:55:16     all    8.49    0.00    5.79    0.00    0.00    0.00    0.00    0.00    0.00   85.72
11:55:17     all    8.58    0.00    5.52    0.00    0.00    0.00    0.00    0.00    0.00   85.90
11:55:18     all    7.82    0.00    5.35    0.00    0.00    0.00    0.00    0.00    0.00   86.83
Average:     all   37.20    0.00   13.72    0.00    0.00    0.00    0.00    0.00    0.00   49.07
