Linux 6.8.0-136-generic (856a17914eb3) 	08/10/26 	_x86_64_	(72 CPU)

11:56:06     CPU    %usr   %nice    %sys %iowait    %irq   %soft  %steal  %guest  %gnice   %idle
11:56:07     all   11.56    0.00    0.40    0.00    0.00    0.00    0.00    0.00    0.00   88.04
11:56:08     all    1.10    0.00    0.89    0.00    0.00    0.00    0.00    0.00    0.00   98.01
11:56:09     all    1.54    0.00    0.19    0.00    0.00    0.00    0.00    0.00    0.00   98.26
11:56:10     all    1.60    0.00    0.22    0.00    0.00    0.00    0.00    0.00    0.00   98.18
11:56:11     all    1.53    0.00    0.31    0.00    0.00    0.00    0.00    0.00    0.00   98.17
11:56:12     all    1.54    0.00    0.22    0.00    0.00    0.00    0.00    0.00    0.00   98.23
11:56:13     all    1.60    0.00    0.19    0.00    0.00    0.00    0.00    0.00    0.00   98.21
11:56:14     all    1.40    0.00    0.15    0.00    0.00    0.00    0.00    0.00    0.00   98.44
11:56:15     all    1.56    0.00    0.22    0.00    0.00    0.00    0.00    0.00    0.00   98.22
11:56:16     all    2.12    0.00    0.46    0.00    0.00    0.00    0.00    0.00    0.00   97.42
11:56:17     all    1.35    0.00    0.21    0.00    0.00    0.00    0.00    0.00    0.00   98.44
11:56:18     all    1.58    0.00    0.17    0.00    0.00    0.00    0.00    0.00    0.00   98.25
11:56:19     all    1.56    0.00    0.22    0.00    0.00    0.00    0.00    0.00    0.00   98.22
11:56:20     all    1.35    0.00    0.21    0.00    0.00    0.00    0.00    0.00    0.00   98.44
11:56:21     all    1.66    0.00    0.29    0.00    0.00    0.00    0.00    0.00    0.00   98.05
11:56:22     all    1.40    0.00    0.54    0.00    0.00    0.00    0.00    0.00    0.00   98.06
11:56:23     all    1.35    0.00    0.32    0.00    0.00    0.00    0.00    0.00    0.00   98.33
11:56:24     all    1.71    0.00    0.44    0.00    0.00    0.00    0.00    0.00    0.00   97.85
11:56:25     all    1.57    0.00    0.19    0.00    0.00    0.00    0.00    0.00    0.00   98.24
11:56:26     all    1.39    0.00    0.22    0.00    0.00    0.00    0.00    0.00    0.00   98.39
11:56:27     all    1.67    0.00    0.29    0.00    0.00    0.00    0.00    0.00    0.00   98.04
11:56:28     all    1.57    0.00    0.25    0.00    0.00    0.00    0.00    0.00    0.00   98.18
11:56:29     all    1.31    0.00    0.19    0.00    0.00    0.00    0.00    0.00    0.00   98.50
11:56:30     all    1.61    0.00    0.17    0.00    0.00    0.00    0.00    0.00    0.00   98.22
11:56:31     all    1.63    0.00    0.21    0.00    0.00    0.00    0.00    0.00    0.00   98.17
11:56:32     all    1.39    0.00    0.22    0.00    0.00    0.00    0.00    0.00    0.00   98.39
11:56:33     all    1.65    0.00    0.24    0.00    0.00    0.00    0.00    0.00    0.00   98.11
11:56:34     all    1.64    0.00    0.22    0.00    0.00    0.00    0.00    0.00    0.00   98.14
11:56:35     all    8.80    0.00    1.84    0.00    0.00    0.00    0.00    0.00    0.00   89.36
11:56:36     all   37.81    0.00    3.37    0.00    0.00    0.00    0.00    0.00    0.00   58.82
11:56:37     all   45.28    0.00    2.91    0.00    0.00    0.00    0.00    0.00    0.00   51.80
11:56:38     all   54.64    0.00    8.50    0.00    0.00    0.01    0.00    0.00    0.00   36.85
11:56:39     all   40.11    0.00    5.51    0.00    0.00    0.01    0.00    0.00    0.00   54.36
11:56:40     all   37.74    0.00    5.25    0.00    0.00    0.00    0.00    0.00    0.00   57.01
11:56:41     all   41.58    0.00    3.82    0.00    0.00    0.00    0.00    0.00    0.00   54.60
11:56:42     all   37.68    0.00    3.62    0.00    0.00    0.01    0.00    0.00    0.00   58.69
11:56:43     all   34.71    0.00    3.38    0.00    0.00    0.00    0.00    0.00    0.00   61.91
11:56:44     all   45.32    0.00    2.66    0.00    0.00    0.01    0.00    0.00    0.00   52.01
11:56:45     all   49.62    0.00    1.83    0.00    0.00    0.00    0.00    0.00    0.00   48.55
11:56:46     all   34.45    0.00    1.52    0.00    0.00    0.00    0.00    0.00    0.00   64.03
11:56:47     all   34.93    0.00    1.52    0.00    0.00    0.00    0.00    0.00    0.00   63.55
11:56:48     all   60.80    0.00    4.01    0.00    0.00    0.01    0.00    0.00    0.00   35.17
11:56:49     all   45.18    0.00    9.73    0.00    0.00    0.00    0.00    0.00    0.00   45.10
11:56:50     all   29.61    0.00    6.49    0.00    0.00    0.00    0.00    0.00    0.00   63.90
11:56:51     all   26.05    0.00    5.15    0.00    0.00    0.00    0.00    0.00    0.00   68.80
11:56:52     all   25.94    0.00    4.87    0.00    0.00    0.00    0.00    0.00    0.00   69.18
11:56:53     all   34.49    0.00    7.22    0.00    0.00    0.00    0.00    0.00    0.00   58.29
11:56:54     all   39.81    0.00    8.51    0.01    0.00    0.00    0.00    0.00    0.00   51.66
11:56:55     all   37.67    0.00    7.85    0.00    0.00    0.00    0.00    0.00    0.00   54.48
11:56:56     all   46.37    0.00   10.22    0.00    0.00    0.00    0.00    0.00    0.00   43.42
11:56:57     all   53.16    0.00   12.57    0.00    0.00    0.01    0.00    0.00    0.00   34.26
11:56:58     all   55.44    0.00   14.98    0.00    0.00    0.00    0.00    0.00    0.00   29.57
11:56:59     all   51.63    0.00   16.41    0.00    0.00    0.01    0.00    0.00    0.00   31.95
11:57:00     all   56.26    0.00   16.34    0.00    0.00    0.00    0.00    0.00    0.00   27.40
11:57:01     all   48.18    0.00   15.52    0.00    0.00    0.00    0.00    0.00    0.00   36.30
11:57:02     all   42.74    0.00   13.14    0.00    0.00    0.00    0.00    0.00    0.00   44.12
11:57:03     all   30.91    0.00    8.65    0.00    0.00    0.01    0.00    0.00    0.00   60.42
11:57:04     all   38.68    0.00   10.83    0.00    0.00    0.00    0.00    0.00    0.00   50.49
11:57:05     all   24.02    0.00    7.49    0.00    0.00    0.00    0.00    0.00    0.00   68.48
11:57:06     all   33.91    0.00    8.88    0.00    0.00    0.00    0.00    0.00    0.00   57.21
11:57:07     all   26.26    0.00    7.94    0.00    0.00    0.00    0.00    0.00    0.00   65.80
11:57:08     all   33.47    0.00    8.25    0.00    0.00    0.00    0.00    0.00    0.00   58.28
11:57:09     all   29.05    0.00    7.98    0.00    0.00    0.00    0.00    0.00    0.00   62.97
11:57:10     all   29.08    0.00    9.25    0.00    0.00    0.00    0.00    0.00    0.00   61.67
11:57:11     all   35.47    0.00   11.02    0.00    0.00    0.00    0.00    0.00    0.00   53.51
11:57:12     all   30.02    0.00    8.86    0.00    0.00    0.01    0.00    0.00    0.00   61.11
11:57:13     all   30.26    0.00    8.12    0.00    0.00    0.00    0.00    0.00    0.00   61.62
11:57:14     all   34.03    0.00    7.39    0.00    0.00    0.00    0.00    0.00    0.00   58.58
11:57:15     all   46.93    0.00   10.89    0.00    0.00    0.00    0.00    0.00    0.00   42.18
11:57:16     all   37.52    0.00    8.08    0.00    0.00    0.01    0.00    0.00    0.00   54.39
11:57:17     all   45.56    0.00   10.91    0.00    0.00    0.01    0.00    0.00    0.00   43.52
11:57:18     all   39.86    0.00    8.99    0.00    0.00    0.00    0.00    0.00    0.00   51.15
11:57:19     all   46.45    0.00   10.99    0.00    0.00    0.00    0.00    0.00    0.00   42.55
11:57:20     all   40.56    0.00   12.56    0.00    0.00    0.00    0.00    0.00    0.00   46.89
11:57:21     all   39.86    0.01   11.72    0.00    0.00    0.00    0.00    0.00    0.00   48.41
11:57:22     all   31.97    0.00    9.83    0.00    0.00    0.00    0.00    0.00    0.00   58.20
11:57:23     all   30.72    0.00    9.01    0.00    0.00    0.00    0.00    0.00    0.00   60.26
11:57:24     all   26.39    0.00    7.57    0.00    0.00    0.03    0.00    0.00    0.00   66.01
11:57:25     all   29.91    0.00    8.02    0.00    0.00    0.00    0.00    0.00    0.00   62.06
11:57:26     all   36.20    0.00   10.27    0.00    0.00    0.00    0.00    0.00    0.00   53.53
11:57:27     all   37.91    0.00   13.78    0.00    0.00    0.01    0.00    0.00    0.00   48.30
11:57:28     all   39.00    0.00   11.03    0.00    0.00    0.00    0.00    0.00    0.00   49.97
11:57:29     all   40.10    0.00   10.11    0.00    0.00    0.00    0.00    0.00    0.00   49.79
11:57:30     all   33.86    0.00    8.50    0.00    0.00    0.00    0.00    0.00    0.00   57.64
11:57:31     all   47.01    0.00   11.91    0.00    0.00    0.00    0.00    0.00    0.00   41.08
11:57:32     all   44.07    0.00   12.99    0.00    0.00    0.01    0.00    0.00    0.00   42.93
11:57:33     all   43.99    0.00   14.72    0.01    0.00    0.00    0.00    0.00    0.00   41.28
11:57:34     all   43.84    0.00   15.04    0.00    0.00    0.00    0.00    0.00    0.00   41.12
11:57:35     all   35.27    0.00   11.58    0.00    0.00    0.00    0.00    0.00    0.00   53.15
11:57:36     all   36.15    0.00   10.98    0.00    0.00    0.00    0.00    0.00    0.00   52.87
11:57:37     all   33.17    0.00   11.38    0.00    0.00    0.00    0.00    0.00    0.00   55.45
11:57:38     all   40.58    0.00   11.96    0.00    0.00    0.00    0.00    0.00    0.00   47.45
11:57:39     all   44.15    0.00   12.58    0.00    0.00    0.00    0.00    0.00    0.00   43.27
11:57:40     all   41.26    0.00   11.80    0.00    0.00    0.00    0.00    0.00    0.00   46.94
11:57:41     all   42.53    0.00   13.97    0.00    0.00    0.01    0.00    0.00    0.00   43.48
11:57:42     all   48.96    0.00   15.48    0.00    0.00    0.00    0.00    0.00    0.00   35.56
11:57:43     all   50.12    0.00   19.00    0.00    0.00    0.00    0.00    0.00    0.00   30.88
11:57:44     all   49.18    0.00   20.17    0.00    0.00    0.01    0.00    0.00    0.00   30.63
11:57:45     all   46.29    0.01   16.26    0.00    0.00    0.00    0.00    0.00    0.00   37.44
11:57:46     all   46.82    0.00   16.83    0.00    0.00    0.01    0.00    0.00    0.00   36.33
11:57:47     all   47.08    0.00   15.63    0.00    0.00    0.00    0.00    0.00    0.00   37.29
11:57:48     all   41.34    0.00   15.16    0.00    0.00    0.00    0.00    0.00    0.00   43.51
11:57:49     all   47.59    0.00   16.88    0.00    0.00    0.00    0.00    0.00    0.00   35.53
11:57:50     all   48.44    0.00   16.62    0.00    0.00    0.00    0.00    0.00    0.00   34.93
11:57:51     all   38.01    0.00   14.65    0.00    0.00    0.00    0.00    0.00    0.00   47.35
11:57:52     all   35.78    0.00   12.39    0.00    0.00    0.00    0.00    0.00    0.00   51.83
11:57:53     all   28.26    0.00   10.61    0.00    0.00    0.01    0.00    0.00    0.00   61.11
11:57:54     all   44.31    0.00   14.49    0.00    0.00    0.00    0.00    0.00    0.00   41.20
11:57:55     all   49.13    0.00   15.58    0.00    0.00    0.00    0.00    0.00    0.00   35.29
11:57:56     all   49.16    0.00   17.42    0.00    0.00    0.00    0.00    0.00    0.00   33.42
11:57:57     all   49.68    0.00   19.67    0.00    0.00    0.01    0.00    0.00    0.00   30.64
11:57:58     all   53.94    0.00   20.72    0.00    0.00    0.03    0.00    0.00    0.00   25.32
11:57:59     all   50.63    0.00   17.92    0.00    0.00    0.00    0.00    0.00    0.00   31.45
11:58:00     all   47.61    0.01   17.28    0.00    0.00    0.00    0.00    0.00    0.00   35.10
11:58:01     all   47.77    0.00   16.82    0.00    0.00    0.00    0.00    0.00    0.00   35.41
11:58:02     all   47.99    0.00   17.54    0.00    0.00    0.00    0.00    0.00    0.00   34.47
11:58:03     all   50.81    0.00   20.07    0.00    0.00    0.01    0.00    0.00    0.00   29.11
11:58:04     all   49.64    0.00   18.57    0.01    0.00    0.00    0.00    0.00    0.00   31.77
11:58:05     all   45.77    0.00   17.58    0.00    0.00    0.01    0.00    0.00    0.00   36.64
11:58:06     all   45.11    0.00   19.98    0.00    0.00    0.00    0.00    0.00    0.00   34.91
11:58:07     all   46.69    0.00   17.68    0.00    0.00    0.00    0.00    0.00    0.00   35.63
11:58:08     all   45.79    0.00   18.91    0.00    0.00    0.03    0.00    0.00    0.00   35.27
11:58:09     all   41.58    0.00   16.63    0.00    0.00    0.00    0.00    0.00    0.00   41.80
11:58:10     all   46.98    0.00   17.47    0.00    0.00    0.00    0.00    0.00    0.00   35.55
11:58:11     all   41.85    0.00   16.83    0.00    0.00    0.00    0.00    0.00    0.00   41.31
11:58:12     all   37.40    0.00   15.10    0.00    0.00    0.00    0.00    0.00    0.00   47.51
11:58:13     all   47.40    0.00   18.70    0.00    0.00    0.01    0.00    0.00    0.00   33.89
11:58:14     all   42.51    0.00   17.91    0.00    0.00    0.00    0.00    0.00    0.00   39.58
11:58:15     all   46.26    0.00   21.94    0.00    0.00    0.00    0.00    0.00    0.00   31.80
11:58:16     all   41.76    0.00   17.16    0.00    0.00    0.01    0.00    0.00    0.00   41.06
11:58:17     all   44.89    0.00   19.67    0.00    0.00    0.00    0.00    0.00    0.00   35.43
11:58:18     all   50.13    0.00   19.25    0.00    0.00    0.00    0.00    0.00    0.00   30.62
11:58:19     all   53.44    0.00   20.46    0.00    0.00    0.01    0.00    0.00    0.00   26.09
11:58:20     all   52.39    0.00   20.11    0.00    0.00    0.00    0.00    0.00    0.00   27.50
11:58:21     all   47.84    0.00   19.35    0.00    0.00    0.03    0.00    0.00    0.00   32.78
11:58:22     all   49.81    0.00   21.12    0.00    0.00    0.00    0.00    0.00    0.00   29.07
11:58:23     all   50.70    0.00   20.14    0.00    0.00    0.00    0.00    0.00    0.00   29.15
11:58:24     all   51.89    0.00   19.33    0.00    0.00    0.00    0.00    0.00    0.00   28.78
11:58:25     all   48.54    0.00   22.78    0.00    0.00    0.01    0.00    0.00    0.00   28.66
11:58:26     all   47.85    0.00   22.80    0.00    0.00    0.00    0.00    0.00    0.00   29.35
11:58:27     all   41.25    0.00   19.02    0.00    0.00    0.00    0.00    0.00    0.00   39.73
11:58:28     all   36.45    0.00   19.47    0.00    0.00    0.00    0.00    0.00    0.00   44.08
11:58:29     all   45.06    0.00   22.79    0.00    0.00    0.01    0.00    0.00    0.00   32.14
11:58:30     all   36.70    0.00   18.39    0.00    0.00    0.00    0.00    0.00    0.00   44.91
11:58:31     all   43.41    0.00   19.11    0.00    0.00    0.00    0.00    0.00    0.00   37.48
11:58:32     all   50.22    0.00   19.14    0.00    0.00    0.00    0.00    0.00    0.00   30.64
11:58:33     all   46.53    0.00   18.63    0.01    0.00    0.01    0.00    0.00    0.00   34.81
11:58:34     all   50.37    0.00   21.07    0.00    0.00    0.00    0.00    0.00    0.00   28.56
11:58:35     all   50.26    0.00   22.62    0.01    0.00    0.00    0.00    0.00    0.00   27.10
11:58:36     all   49.09    0.00   22.83    0.00    0.00    0.00    0.00    0.00    0.00   28.07
11:58:37     all   46.06    0.00   23.76    0.00    0.00    0.00    0.00    0.00    0.00   30.17
11:58:38     all   45.80    0.00   26.53    0.00    0.00    0.00    0.00    0.00    0.00   27.67
11:58:39     all   41.37    0.00   22.14    0.00    0.00    0.00    0.00    0.00    0.00   36.50
11:58:40     all   40.01    0.00   22.22    0.00    0.00    0.01    0.00    0.00    0.00   37.76
11:58:41     all   32.02    0.00   17.62    0.00    0.00    0.00    0.00    0.00    0.00   50.36
11:58:42     all   35.12    0.00   20.00    0.00    0.00    0.00    0.00    0.00    0.00   44.89
11:58:43     all   49.19    0.00   20.97    0.00    0.00    0.00    0.00    0.00    0.00   29.83
11:58:44     all   49.39    0.01   23.90    0.01    0.00    0.00    0.00    0.00    0.00   26.67
11:58:45     all   46.01    0.00   22.84    0.00    0.00    0.01    0.00    0.00    0.00   31.13
11:58:46     all   46.75    0.00   24.41    0.00    0.00    0.01    0.00    0.00    0.00   28.83
11:58:47     all   49.94    0.00   21.91    0.00    0.00    0.01    0.00    0.00    0.00   28.14
11:58:48     all   49.19    0.00   22.58    0.00    0.00    0.00    0.00    0.00    0.00   28.22
11:58:49     all   48.72    0.00   23.24    0.00    0.00    0.00    0.00    0.00    0.00   28.04
11:58:50     all   45.09    0.00   20.23    0.00    0.00    0.00    0.00    0.00    0.00   34.68
11:58:51     all   46.47    0.00   19.91    0.00    0.00    0.00    0.00    0.00    0.00   33.62
11:58:52     all   53.40    0.00   21.11    0.00    0.00    0.00    0.00    0.00    0.00   25.48
11:58:53     all   48.84    0.00   21.70    0.00    0.00    0.01    0.00    0.00    0.00   29.45
11:58:54     all   44.86    0.00   20.68    0.00    0.00    0.00    0.00    0.00    0.00   34.46
11:58:55     all   48.32    0.00   22.47    0.00    0.00    0.01    0.00    0.00    0.00   29.20
11:58:56     all   50.15    0.00   21.96    0.00    0.00    0.03    0.00    0.00    0.00   27.87
11:58:57     all   51.22    0.00   21.44    0.00    0.00    0.01    0.00    0.00    0.00   27.32
11:58:58     all   45.80    0.00   23.91    0.00    0.00    0.00    0.00    0.00    0.00   30.28
11:58:59     all   43.69    0.00   25.72    0.00    0.00    0.00    0.00    0.00    0.00   30.59
11:59:00     all   40.96    0.00   23.87    0.00    0.00    0.01    0.00    0.00    0.00   35.15
11:59:01     all   44.25    0.01   21.97    0.00    0.00    0.01    0.00    0.00    0.00   33.76
11:59:02     all   46.06    0.00   24.29    0.00    0.00    0.01    0.00    0.00    0.00   29.63
11:59:03     all   48.63    0.00   23.32    0.00    0.00    0.01    0.00    0.00    0.00   28.04
11:59:04     all   46.04    0.00   23.79    0.00    0.00    0.00    0.00    0.00    0.00   30.17
11:59:05     all   44.89    0.00   24.23    0.00    0.00    0.00    0.00    0.00    0.00   30.88
11:59:06     all   48.86    0.00   22.35    0.00    0.00    0.00    0.00    0.00    0.00   28.79
11:59:07     all   45.31    0.00   24.42    0.00    0.00    0.01    0.00    0.00    0.00   30.26
11:59:08     all   43.78    0.00   26.83    0.00    0.00    0.00    0.00    0.00    0.00   29.39
11:59:09     all   47.66    0.00   22.38    0.00    0.00    0.00    0.00    0.00    0.00   29.96
11:59:10     all   39.78    0.00   25.50    0.00    0.00    0.00    0.00    0.00    0.00   34.72
11:59:11     all   43.37    0.00   23.60    0.00    0.00    0.01    0.00    0.00    0.00   33.02
11:59:12     all   41.73    0.00   25.16    0.00    0.00    0.00    0.00    0.00    0.00   33.10
11:59:13     all   41.01    0.00   24.49    0.00    0.00    0.00    0.00    0.00    0.00   34.51
11:59:14     all   41.97    0.00   25.84    0.00    0.00    0.00    0.00    0.00    0.00   32.18
11:59:15     all   44.20    0.00   24.92    0.00    0.00    0.01    0.00    0.00    0.00   30.86
11:59:16     all   37.50    0.00   27.58    0.00    0.00    0.00    0.00    0.00    0.00   34.92
11:59:17     all   41.29    0.00   25.20    0.00    0.00    0.03    0.00    0.00    0.00   33.49
11:59:18     all   48.27    0.00   24.11    0.00    0.00    0.00    0.00    0.00    0.00   27.62
11:59:19     all   43.05    0.00   24.33    0.00    0.00    0.01    0.00    0.00    0.00   32.60
11:59:20     all   40.37    0.00   26.33    0.00    0.00    0.01    0.00    0.00    0.00   33.29
11:59:21     all   43.75    0.00   25.22    0.00    0.00    0.00    0.00    0.00    0.00   31.03
11:59:22     all   42.47    0.00   27.95    0.00    0.00    0.00    0.00    0.00    0.00   29.58
11:59:23     all   43.18    0.00   23.00    0.00    0.00    0.00    0.00    0.00    0.00   33.82
11:59:24     all   42.02    0.00   23.60    0.00    0.00    0.00    0.00    0.00    0.00   34.38
11:59:25     all   45.29    0.00   24.13    0.00    0.00    0.01    0.00    0.00    0.00   30.56
11:59:26     all   43.71    0.00   24.40    0.00    0.00    0.00    0.00    0.00    0.00   31.89
11:59:27     all   47.14    0.00   21.90    0.00    0.00    0.00    0.00    0.00    0.00   30.95
11:59:28     all   45.76    0.00   23.32    0.00    0.00    0.00    0.00    0.00    0.00   30.92
11:59:29     all   41.51    0.00   22.73    0.01    0.00    0.01    0.00    0.00    0.00   35.73
11:59:30     all   44.84    0.00   24.66    0.00    0.00    0.00    0.00    0.00    0.00   30.50
11:59:31     all   42.63    0.00   25.65    0.00    0.00    0.00    0.00    0.00    0.00   31.72
11:59:32     all   50.24    0.00   20.73    0.00    0.00    0.01    0.00    0.00    0.00   29.02
11:59:33     all   44.73    0.00   21.72    0.00    0.00    0.00    0.00    0.00    0.00   33.55
11:59:34     all   45.02    0.00   25.02    0.00    0.00    0.00    0.00    0.00    0.00   29.96
11:59:35     all   43.97    0.00   23.80    0.00    0.00    0.00    0.00    0.00    0.00   32.23
11:59:36     all   28.35    0.00   21.36    0.00    0.00    0.00    0.00    0.00    0.00   50.29
11:59:37     all   20.18    0.00   13.96    0.00    0.00    0.00    0.00    0.00    0.00   65.86
11:59:38     all   17.20    0.00   11.79    0.00    0.00    0.00    0.00    0.00    0.00   71.00
11:59:39     all   14.92    0.00   10.93    0.00    0.00    0.00    0.00    0.00    0.00   74.16
11:59:40     all   15.34    0.00    8.30    0.00    0.00    0.00    0.00    0.00    0.00   76.37
11:59:41     all   14.76    0.00    7.37    0.01    0.00    0.01    0.00    0.00    0.00   77.84
11:59:42     all   11.13    0.00    6.11    0.00    0.00    0.00    0.00    0.00    0.00   82.76
11:59:43     all    9.88    0.00    5.92    0.00    0.00    0.00    0.00    0.00    0.00   84.20
11:59:44     all    8.34    0.00    4.64    0.00    0.00    0.00    0.00    0.00    0.00   87.02
11:59:45     all    6.63    0.00    3.50    0.00    0.00    0.00    0.00    0.00    0.00   89.87
11:59:46     all    6.53    0.00    3.61    0.00    0.00    0.00    0.00    0.00    0.00   89.85
Average:     all   36.26    0.00   14.10    0.00    0.00    0.00    0.00    0.00    0.00   49.64
