Linux 6.8.0-136-generic (856a17914eb3) 	08/10/26 	_x86_64_	(72 CPU)

15:56:36     CPU    %usr   %nice    %sys %iowait    %irq   %soft  %steal  %guest  %gnice   %idle
15:56:37     all   11.42    0.00    0.69    0.00    0.00    0.01    0.00    0.00    0.00   87.87
15:56:38     all    1.11    0.00    0.85    0.00    0.00    0.00    0.00    0.00    0.00   98.04
15:56:39     all    1.53    0.00    0.22    0.00    0.00    0.00    0.00    0.00    0.00   98.25
15:56:40     all    1.42    0.00    0.18    0.00    0.00    0.00    0.00    0.00    0.00   98.40
15:56:41     all    1.60    0.00    0.24    0.00    0.00    0.00    0.00    0.00    0.00   98.17
15:56:42     all    1.64    0.00    0.25    0.00    0.00    0.00    0.00    0.00    0.00   98.11
15:56:43     all    1.74    0.00    0.28    0.00    0.00    0.00    0.00    0.00    0.00   97.98
15:56:44     all    1.80    0.00    0.28    0.00    0.00    0.01    0.00    0.00    0.00   97.90
15:56:45     all    1.74    0.00    0.42    0.00    0.00    0.00    0.00    0.00    0.00   97.85
15:56:46     all    1.49    0.00    0.36    0.00    0.00    0.00    0.00    0.00    0.00   98.15
15:56:47     all    1.89    0.00    0.31    0.00    0.00    0.00    0.00    0.00    0.00   97.81
15:56:48     all    1.59    0.00    0.22    0.00    0.00    0.00    0.00    0.00    0.00   98.19
15:56:49     all    1.50    0.00    0.19    0.00    0.00    0.00    0.00    0.00    0.00   98.31
15:56:50     all    1.49    0.00    0.21    0.00    0.00    0.00    0.00    0.00    0.00   98.31
15:56:51     all    1.50    0.00    0.47    0.00    0.00    0.01    0.00    0.00    0.00   98.01
15:56:52     all    1.25    0.00    0.26    0.00    0.00    0.00    0.00    0.00    0.00   98.49
15:56:53     all    1.57    0.00    0.15    0.00    0.00    0.00    0.00    0.00    0.00   98.28
15:56:54     all    1.50    0.00    0.26    0.00    0.00    0.00    0.00    0.00    0.00   98.24
15:56:55     all    1.40    0.00    0.26    0.00    0.00    0.00    0.00    0.00    0.00   98.33
15:56:56     all    1.63    0.00    0.19    0.00    0.00    0.00    0.00    0.00    0.00   98.18
15:56:57     all    1.58    0.00    0.26    0.00    0.00    0.00    0.00    0.00    0.00   98.15
15:56:58     all    1.96    0.00    0.33    0.00    0.00    0.00    0.00    0.00    0.00   97.71
15:56:59     all    1.58    0.00    0.24    0.00    0.00    0.00    0.00    0.00    0.00   98.18
15:57:00     all    1.65    0.00    0.22    0.00    0.00    0.00    0.00    0.00    0.00   98.12
15:57:01     all    1.71    0.00    0.44    0.00    0.00    0.00    0.00    0.00    0.00   97.85
15:57:02     all    1.45    0.00    0.29    0.00    0.00    0.00    0.00    0.00    0.00   98.26
15:57:03     all    1.58    0.00    0.25    0.00    0.00    0.00    0.00    0.00    0.00   98.17
15:57:04     all    1.50    0.00    0.17    0.00    0.00    0.00    0.00    0.00    0.00   98.33
15:57:05     all   17.10    0.00    2.49    0.01    0.00    0.01    0.00    0.00    0.00   80.39
15:57:06     all   41.87    0.00    3.53    0.00    0.00    0.00    0.00    0.00    0.00   54.60
15:57:07     all   50.40    0.00    5.82    0.00    0.00    0.00    0.00    0.00    0.00   43.77
15:57:08     all   42.87    0.00    6.13    0.00    0.00    0.00    0.00    0.00    0.00   51.00
15:57:09     all   42.53    0.00    5.65    0.00    0.00    0.01    0.00    0.00    0.00   51.80
15:57:10     all   36.95    0.00    3.76    0.00    0.00    0.01    0.00    0.00    0.00   59.28
15:57:11     all   35.77    0.00    3.55    0.00    0.00    0.00    0.00    0.00    0.00   60.68
15:57:12     all   32.23    0.00    2.98    0.00    0.00    0.01    0.00    0.00    0.00   64.78
15:57:13     all   37.70    0.00    2.74    0.00    0.00    0.01    0.00    0.00    0.00   59.54
15:57:14     all   41.66    0.01    2.04    0.00    0.00    0.00    0.00    0.00    0.00   56.28
15:57:15     all   44.83    0.00    1.50    0.00    0.00    0.00    0.00    0.00    0.00   53.66
15:57:16     all   31.34    0.00    1.68    0.00    0.00    0.00    0.00    0.00    0.00   66.98
15:57:17     all   41.13    0.00    1.95    0.00    0.00    0.00    0.00    0.00    0.00   56.92
15:57:18     all   50.83    0.00    4.23    0.00    0.00    0.00    0.00    0.00    0.00   44.94
15:57:19     all   40.55    0.00    9.00    0.00    0.00    0.00    0.00    0.00    0.00   50.46
15:57:20     all   33.15    0.00    7.50    0.00    0.00    0.00    0.00    0.00    0.00   59.34
15:57:21     all   24.29    0.00    4.91    0.00    0.00    0.00    0.00    0.00    0.00   70.80
15:57:22     all   32.18    0.00    5.75    0.00    0.00    0.00    0.00    0.00    0.00   62.07
15:57:23     all   36.89    0.00    7.61    0.00    0.00    0.00    0.00    0.00    0.00   55.49
15:57:24     all   34.15    0.00    7.87    0.00    0.00    0.00    0.00    0.00    0.00   57.98
15:57:25     all   47.73    0.00   10.12    0.00    0.00    0.00    0.00    0.00    0.00   42.15
15:57:26     all   45.79    0.00   11.45    0.00    0.00    0.00    0.00    0.00    0.00   42.76
15:57:27     all   48.97    0.00   15.64    0.00    0.00    0.00    0.00    0.00    0.00   35.39
15:57:28     all   53.37    0.00   12.98    0.00    0.00    0.01    0.00    0.00    0.00   33.64
15:57:29     all   49.83    0.00   15.89    0.00    0.00    0.01    0.00    0.00    0.00   34.27
15:57:30     all   47.88    0.00   14.52    0.00    0.00    0.00    0.00    0.00    0.00   37.59
15:57:31     all   47.92    0.00   13.53    0.00    0.00    0.03    0.00    0.00    0.00   38.52
15:57:32     all   40.37    0.00   13.00    0.00    0.00    0.00    0.00    0.00    0.00   46.63
15:57:33     all   38.21    0.00   12.83    0.01    0.00    0.00    0.00    0.00    0.00   48.94
15:57:34     all   34.41    0.01   10.97    0.00    0.00    0.04    0.00    0.00    0.00   54.57
15:57:35     all   28.31    0.00    8.91    0.06    0.00    0.01    0.00    0.00    0.00   62.71
15:57:36     all   32.74    0.00   10.85    0.00    0.00    0.00    0.00    0.00    0.00   56.41
15:57:37     all   31.18    0.00    9.38    0.00    0.00    0.00    0.00    0.00    0.00   59.43
15:57:38     all   28.32    0.00    8.60    0.00    0.00    0.00    0.00    0.00    0.00   63.08
15:57:39     all   30.34    0.00    9.63    0.00    0.00    0.00    0.00    0.00    0.00   60.04
15:57:40     all   28.57    0.00    6.76    0.00    0.00    0.00    0.00    0.00    0.00   64.67
15:57:41     all   33.99    0.00    8.83    0.00    0.00    0.00    0.00    0.00    0.00   57.18
15:57:42     all   39.41    0.00   10.09    0.00    0.00    0.11    0.00    0.00    0.00   50.38
15:57:43     all   41.44    0.00   12.06    0.00    0.00    0.01    0.00    0.00    0.00   46.49
15:57:44     all   37.22    0.00    9.22    0.00    0.00    0.00    0.00    0.00    0.00   53.55
15:57:45     all   35.58    0.00    8.66    0.00    0.00    0.00    0.00    0.00    0.00   55.76
15:57:46     all   35.90    0.00    8.98    0.00    0.00    0.01    0.00    0.00    0.00   55.10
15:57:47     all   44.63    0.00    9.69    0.00    0.00    0.00    0.00    0.00    0.00   45.68
15:57:48     all   43.09    0.00   12.20    0.00    0.00    0.00    0.00    0.00    0.00   44.71
15:57:49     all   41.53    0.00   10.87    0.00    0.00    0.01    0.00    0.00    0.00   47.59
15:57:50     all   35.57    0.00   10.23    0.00    0.00    0.00    0.00    0.00    0.00   54.20
15:57:51     all   32.05    0.00    9.87    0.00    0.00    0.00    0.00    0.00    0.00   58.08
15:57:52     all   38.61    0.00   11.45    0.00    0.00    0.00    0.00    0.00    0.00   49.94
15:57:53     all   25.11    0.00    7.22    0.00    0.00    0.01    0.00    0.00    0.00   67.65
15:57:54     all   36.53    0.00   10.67    0.00    0.00    0.00    0.00    0.00    0.00   52.81
15:57:55     all   29.03    0.00    7.05    0.00    0.00    0.00    0.00    0.00    0.00   63.92
15:57:56     all   37.22    0.00   10.44    0.00    0.00    0.00    0.00    0.00    0.00   52.34
15:57:57     all   44.35    0.00   10.24    0.00    0.00    0.00    0.00    0.00    0.00   45.42
15:57:58     all   41.82    0.00   11.62    0.00    0.00    0.00    0.00    0.00    0.00   46.55
15:57:59     all   33.97    0.00    8.80    0.00    0.00    0.00    0.00    0.00    0.00   57.23
15:58:00     all   41.29    0.00   11.84    0.00    0.00    0.01    0.00    0.00    0.00   46.85
15:58:01     all   43.67    0.00   11.46    0.00    0.00    0.03    0.00    0.00    0.00   44.84
15:58:02     all   36.04    0.00   11.43    0.00    0.00    0.00    0.00    0.00    0.00   52.53
15:58:03     all   38.20    0.00   12.16    0.00    0.00    0.00    0.00    0.00    0.00   49.64
15:58:04     all   38.28    0.00   12.54    0.00    0.00    0.01    0.00    0.00    0.00   49.16
15:58:05     all   40.59    0.00   12.74    0.00    0.00    0.00    0.00    0.00    0.00   46.67
15:58:06     all   38.20    0.00   13.62    0.00    0.00    0.00    0.00    0.00    0.00   48.18
15:58:07     all   43.88    0.00   13.49    0.00    0.00    0.01    0.00    0.00    0.00   42.61
15:58:08     all   40.24    0.00   14.02    0.00    0.00    0.01    0.00    0.00    0.00   45.73
15:58:09     all   44.12    0.00   14.08    0.00    0.00    0.00    0.00    0.00    0.00   41.80
15:58:10     all   41.92    0.01   15.50    0.00    0.00    0.03    0.00    0.00    0.00   42.54
15:58:11     all   40.18    0.00   15.13    0.00    0.00    0.00    0.00    0.00    0.00   44.70
15:58:12     all   44.87    0.00   16.48    0.00    0.00    0.00    0.00    0.00    0.00   38.65
15:58:13     all   38.46    0.00   14.84    0.00    0.00    0.00    0.00    0.00    0.00   46.71
15:58:14     all   40.80    0.00   13.39    0.00    0.00    0.00    0.00    0.00    0.00   45.81
15:58:15     all   40.67    0.00   11.92    0.00    0.00    0.01    0.00    0.00    0.00   47.40
15:58:16     all   34.86    0.00   11.72    0.00    0.00    0.00    0.00    0.00    0.00   53.42
15:58:17     all   40.87    0.00   12.95    0.00    0.00    0.01    0.00    0.00    0.00   46.16
15:58:18     all   38.95    0.00   12.64    0.00    0.00    0.03    0.00    0.00    0.00   48.38
15:58:19     all   40.08    0.00   13.99    0.00    0.00    0.00    0.00    0.00    0.00   45.93
15:58:20     all   40.48    0.00   14.67    0.00    0.00    0.00    0.00    0.00    0.00   44.85
15:58:21     all   45.16    0.00   15.11    0.00    0.00    0.00    0.00    0.00    0.00   39.73
15:58:22     all   48.59    0.00   15.82    0.00    0.00    0.00    0.00    0.00    0.00   35.59
15:58:23     all   42.79    0.00   14.51    0.00    0.00    0.00    0.00    0.00    0.00   42.70
15:58:24     all   44.92    0.00   13.39    0.00    0.00    0.00    0.00    0.00    0.00   41.69
15:58:25     all   45.20    0.00   13.93    0.00    0.00    0.00    0.00    0.00    0.00   40.87
15:58:26     all   44.05    0.00   16.07    0.00    0.00    0.01    0.00    0.00    0.00   39.86
15:58:27     all   44.87    0.00   16.89    0.00    0.00    0.01    0.00    0.00    0.00   38.22
15:58:28     all   45.30    0.00   16.03    0.00    0.00    0.00    0.00    0.00    0.00   38.67
15:58:29     all   41.23    0.00   14.97    0.00    0.00    0.00    0.00    0.00    0.00   43.80
15:58:30     all   42.64    0.00   14.24    0.00    0.00    0.01    0.00    0.00    0.00   43.10
15:58:31     all   50.60    0.00   15.21    0.00    0.00    0.01    0.00    0.00    0.00   34.17
15:58:32     all   45.59    0.00   15.60    0.00    0.00    0.00    0.00    0.00    0.00   38.81
15:58:33     all   42.24    0.00   13.40    0.00    0.00    0.01    0.00    0.00    0.00   44.35
15:58:34     all   41.98    0.00   15.12    0.00    0.00    0.01    0.00    0.00    0.00   42.88
15:58:35     all   41.88    0.00   15.36    0.00    0.00    0.00    0.00    0.00    0.00   42.76
15:58:36     all   40.69    0.00   14.45    0.00    0.00    0.00    0.00    0.00    0.00   44.86
15:58:37     all   41.43    0.00   14.28    0.00    0.00    0.00    0.00    0.00    0.00   44.29
15:58:38     all   47.40    0.00   15.52    0.00    0.00    0.01    0.00    0.00    0.00   37.07
15:58:39     all   43.22    0.00   15.08    0.00    0.00    0.03    0.00    0.00    0.00   41.67
15:58:40     all   43.49    0.00   14.07    0.00    0.00    0.00    0.00    0.00    0.00   42.44
15:58:41     all   43.42    0.00   15.50    0.00    0.00    0.01    0.00    0.00    0.00   41.06
15:58:42     all   34.00    0.00   13.55    0.00    0.00    0.01    0.00    0.00    0.00   52.44
15:58:43     all   40.32    0.00   13.29    0.00    0.00    0.00    0.00    0.00    0.00   46.40
15:58:44     all   38.89    0.00   14.36    0.00    0.00    0.01    0.00    0.00    0.00   46.73
15:58:45     all   40.18    0.00   14.42    0.00    0.00    0.00    0.00    0.00    0.00   45.41
15:58:46     all   41.98    0.00   14.45    0.00    0.00    0.00    0.00    0.00    0.00   43.57
15:58:47     all   40.53    0.00   13.77    0.00    0.00    0.01    0.00    0.00    0.00   45.68
15:58:48     all   43.47    0.00   14.09    0.00    0.00    0.00    0.00    0.00    0.00   42.44
15:58:49     all   45.42    0.00   16.23    0.00    0.00    0.00    0.00    0.00    0.00   38.34
15:58:50     all   44.95    0.00   16.83    0.00    0.00    0.00    0.00    0.00    0.00   38.22
15:58:51     all   34.26    0.00   15.67    0.00    0.00    0.00    0.00    0.00    0.00   50.07
15:58:52     all   36.04    0.00   15.40    0.00    0.00    0.00    0.00    0.00    0.00   48.56
15:58:53     all   36.08    0.00   15.24    0.00    0.00    0.01    0.00    0.00    0.00   48.66
15:58:54     all   41.76    0.00   16.26    0.00    0.00    0.00    0.00    0.00    0.00   41.98
15:58:55     all   42.02    0.00   16.99    0.00    0.00    0.00    0.00    0.00    0.00   40.99
15:58:56     all   44.11    0.00   17.22    0.00    0.00    0.01    0.00    0.00    0.00   38.66
15:58:57     all   38.51    0.00   14.94    0.01    0.00    0.01    0.00    0.00    0.00   46.53
15:58:58     all   44.13    0.00   16.95    0.00    0.00    0.00    0.00    0.00    0.00   38.92
15:58:59     all   44.80    0.00   17.71    0.00    0.00    0.00    0.00    0.00    0.00   37.49
15:59:00     all   46.59    0.00   16.85    0.00    0.00    0.00    0.00    0.00    0.00   36.57
15:59:01     all   44.04    0.00   18.00    0.00    0.00    0.01    0.00    0.00    0.00   37.95
15:59:02     all   45.94    0.01   17.44    0.00    0.00    0.00    0.00    0.00    0.00   36.60
15:59:03     all   46.34    0.00   16.94    0.00    0.00    0.01    0.00    0.00    0.00   36.70
15:59:04     all   42.07    0.00   17.85    0.00    0.00    0.01    0.00    0.00    0.00   40.06
15:59:05     all   40.65    0.00   18.49    0.00    0.00    0.00    0.00    0.00    0.00   40.86
15:59:06     all   24.32    0.00   14.33    0.01    0.00    0.00    0.00    0.00    0.00   61.34
15:59:07     all   14.15    0.00    9.76    0.00    0.00    0.00    0.00    0.00    0.00   76.08
15:59:08     all   13.20    0.00    7.34    0.00    0.00    0.00    0.00    0.00    0.00   79.46
15:59:09     all   10.91    0.00    6.14    0.00    0.00    0.00    0.00    0.00    0.00   82.95
15:59:10     all    8.47    0.00    5.10    0.00    0.00    0.00    0.00    0.00    0.00   86.43
15:59:11     all    7.74    0.00    3.77    0.00    0.00    0.00    0.00    0.00    0.00   88.50
15:59:12     all    6.85    0.00    3.45    0.00    0.00    0.01    0.00    0.00    0.00   89.69
15:59:13     all    6.54    0.00    3.03    0.01    0.00    0.00    0.00    0.00    0.00   90.42
15:59:14     all    5.64    0.01    2.92    0.00    0.00    0.00    0.00    0.00    0.00   91.42
15:59:15     all    5.63    0.00    3.13    0.00    0.00    0.00    0.00    0.00    0.00   91.24
15:59:16     all    5.25    0.00    2.47    0.00    0.00    0.00    0.00    0.00    0.00   92.27
Average:     all   31.38    0.00    9.45    0.00    0.00    0.01    0.00    0.00    0.00   59.17
