Linux 6.8.0-136-generic (856a17914eb3) 	08/10/26 	_x86_64_	(72 CPU)

09:26:35     CPU    %usr   %nice    %sys %iowait    %irq   %soft  %steal  %guest  %gnice   %idle
09:26:36     all   11.52    0.00    0.39    0.00    0.00    0.00    0.00    0.00    0.00   88.09
09:26:37     all    1.32    0.00    0.74    0.00    0.00    0.00    0.00    0.00    0.00   97.95
09:26:38     all    1.35    0.00    0.18    0.00    0.00    0.00    0.00    0.00    0.00   98.47
09:26:39     all    1.79    0.00    0.38    0.00    0.00    0.00    0.00    0.00    0.00   97.83
09:26:40     all    1.84    0.00    0.26    0.00    0.00    0.00    0.00    0.00    0.00   97.90
09:26:41     all    1.42    0.00    0.22    0.00    0.00    0.00    0.00    0.00    0.00   98.36
09:26:42     all    1.63    0.00    0.29    0.00    0.00    0.00    0.00    0.00    0.00   98.08
09:26:43     all    1.63    0.00    0.13    0.01    0.00    0.00    0.00    0.00    0.00   98.24
09:26:44     all    1.24    0.00    0.63    0.00    0.00    0.00    0.00    0.00    0.00   98.14
09:26:45     all    1.72    0.00    0.49    0.00    0.00    0.00    0.00    0.00    0.00   97.79
09:26:46     all    1.97    0.01    0.29    0.00    0.00    0.00    0.00    0.00    0.00   97.72
09:26:47     all    1.38    0.00    0.15    0.01    0.00    0.00    0.00    0.00    0.00   98.46
09:26:48     all    1.56    0.00    0.26    0.00    0.00    0.00    0.00    0.00    0.00   98.18
09:26:49     all    1.71    0.00    0.25    0.00    0.00    0.00    0.00    0.00    0.00   98.04
09:26:50     all    1.36    0.00    0.25    0.00    0.00    0.00    0.00    0.00    0.00   98.39
09:26:51     all   19.33    0.00    3.62    0.00    0.00    0.00    0.00    0.00    0.00   77.05
09:26:52     all   30.26    0.00    1.37    0.00    0.00    0.03    0.00    0.00    0.00   68.34
09:26:53     all   38.90    0.00    1.51    0.00    0.00    0.00    0.00    0.00    0.00   59.59
09:26:54     all   38.61    0.00    2.84    0.00    0.00    0.03    0.00    0.00    0.00   58.52
09:26:55     all   34.81    0.00    1.63    0.00    0.00    0.00    0.00    0.00    0.00   63.56
09:26:56     all   32.03    0.00    1.42    0.00    0.00    0.00    0.00    0.00    0.00   66.55
09:26:57     all   28.22    0.00    1.15    0.00    0.00    0.01    0.00    0.00    0.00   70.61
09:26:58     all   29.33    0.00    0.86    0.00    0.00    0.00    0.00    0.00    0.00   69.80
09:26:59     all   28.68    0.00    0.78    0.00    0.00    0.00    0.00    0.00    0.00   70.54
09:27:00     all   26.55    0.00    0.68    0.00    0.00    0.01    0.00    0.00    0.00   72.75
09:27:01     all   26.96    0.00    0.89    0.00    0.00    0.00    0.00    0.00    0.00   72.15
09:27:02     all   28.77    0.00    0.60    0.00    0.00    0.00    0.00    0.00    0.00   70.63
09:27:03     all   37.52    0.00    0.77    0.00    0.00    0.00    0.00    0.00    0.00   61.71
09:27:04     all   39.45    0.00    0.71    0.00    0.00    0.00    0.00    0.00    0.00   59.84
09:27:05     all   29.19    0.00    0.64    0.00    0.00    0.00    0.00    0.00    0.00   70.17
09:27:06     all   26.69    0.00    0.54    0.00    0.00    0.00    0.00    0.00    0.00   72.77
09:27:07     all   39.35    0.00    0.63    0.00    0.00    0.00    0.00    0.00    0.00   60.02
09:27:08     all   44.08    0.00    1.63    0.00    0.00    0.00    0.00    0.00    0.00   54.29
09:27:09     all   32.43    0.00    1.50    0.00    0.00    0.01    0.00    0.00    0.00   66.05
09:27:10     all   28.91    0.00    1.29    0.00    0.00    0.00    0.00    0.00    0.00   69.79
09:27:11     all   24.91    0.00    1.71    0.00    0.00    0.01    0.00    0.00    0.00   73.36
09:27:12     all   23.34    0.00    0.96    0.00    0.00    0.00    0.00    0.00    0.00   75.70
09:27:13     all   30.38    0.00    1.18    0.00    0.00    0.00    0.00    0.00    0.00   68.44
09:27:14     all   34.18    0.00    1.60    0.00    0.00    0.00    0.00    0.00    0.00   64.21
09:27:15     all   36.56    0.00    1.70    0.00    0.00    0.00    0.00    0.00    0.00   61.74
09:27:16     all   45.18    0.00    2.19    0.00    0.00    0.00    0.00    0.00    0.00   52.63
09:27:17     all   44.71    0.00    2.77    0.00    0.00    0.01    0.00    0.00    0.00   52.51
09:27:18     all   46.30    0.00    2.53    0.00    0.00    0.00    0.00    0.00    0.00   51.17
09:27:19     all   47.98    0.00    3.49    0.00    0.00    0.00    0.00    0.00    0.00   48.53
09:27:20     all   43.99    0.00    2.78    0.00    0.00    0.00    0.00    0.00    0.00   53.22
09:27:21     all   42.84    0.00    3.91    0.00    0.00    0.00    0.00    0.00    0.00   53.26
09:27:22     all   42.79    0.00    2.72    0.00    0.00    0.00    0.00    0.00    0.00   54.49
09:27:23     all   31.05    0.00    2.95    0.00    0.00    0.00    0.00    0.00    0.00   66.00
09:27:24     all   40.40    0.00    2.85    0.00    0.00    0.00    0.00    0.00    0.00   56.75
09:27:25     all   32.17    0.00    2.01    0.00    0.00    0.01    0.00    0.00    0.00   65.81
09:27:26     all   27.56    0.00    2.04    0.00    0.00    0.00    0.00    0.00    0.00   70.40
09:27:27     all   28.79    0.00    1.82    0.00    0.00    0.00    0.00    0.00    0.00   69.39
09:27:28     all   30.42    0.00    1.33    0.00    0.00    0.00    0.00    0.00    0.00   68.25
09:27:29     all   28.00    0.00    1.42    0.00    0.00    0.00    0.00    0.00    0.00   70.58
09:27:30     all   32.62    0.00    1.80    0.00    0.00    0.00    0.00    0.00    0.00   65.58
09:27:31     all   31.23    0.00    1.74    0.00    0.00    0.00    0.00    0.00    0.00   67.03
09:27:32     all   18.04    0.00    1.34    0.00    0.00    0.00    0.00    0.00    0.00   80.62
09:27:33     all    2.22    0.00    1.54    0.00    0.00    0.00    0.00    0.00    0.00   96.23
09:27:34     all    0.44    0.00    1.33    0.00    0.00    0.00    0.00    0.00    0.00   98.22
09:27:35     all    0.51    0.00    1.54    0.00    0.00    0.00    0.00    0.00    0.00   97.94
09:27:36     all    0.49    0.00    0.29    0.00    0.00    0.00    0.00    0.00    0.00   99.22
09:27:37     all    0.04    0.00    0.10    0.00    0.00    0.00    0.00    0.00    0.00   99.86
09:27:38     all    0.25    0.00    0.10    0.00    0.00    0.00    0.00    0.00    0.00   99.65
09:27:39     all    0.26    0.00    0.08    0.00    0.00    0.00    0.00    0.00    0.00   99.65
09:27:40     all    0.10    0.00    0.12    0.00    0.00    0.00    0.00    0.00    0.00   99.78
09:27:41     all    0.25    0.00    0.06    0.00    0.00    0.00    0.00    0.00    0.00   99.69
09:27:42     all    0.26    0.00    0.08    0.00    0.00    0.00    0.00    0.00    0.00   99.65
09:27:43     all    0.10    0.00    0.14    0.00    0.00    0.00    0.00    0.00    0.00   99.76
09:27:44     all    0.22    0.00    0.13    0.00    0.00    0.00    0.00    0.00    0.00   99.65
09:27:45     all    0.32    0.00    0.15    0.00    0.00    0.00    0.00    0.00    0.00   99.53
09:27:46     all    0.08    0.00    0.07    0.00    0.00    0.00    0.00    0.00    0.00   99.85
09:27:47     all    0.51    0.00    0.25    0.00    0.00    0.00    0.00    0.00    0.00   99.24
09:27:48     all    0.83    0.00    0.25    0.00    0.00    0.00    0.00    0.00    0.00   98.92
09:27:49     all    0.22    0.00    0.46    0.00    0.00    0.00    0.00    0.00    0.00   99.32
09:27:50     all    0.76    0.00    0.29    0.00    0.00    0.00    0.00    0.00    0.00   98.94
09:27:51     all    0.26    0.00    0.06    0.00    0.00    0.00    0.00    0.00    0.00   99.68
09:27:52     all    0.10    0.00    0.10    0.00    0.00    0.00    0.00    0.00    0.00   99.81
09:27:53     all    0.65    0.00    0.19    0.00    0.00    0.00    0.00    0.00    0.00   99.15
09:27:54     all    0.32    0.00    0.15    0.00    0.00    0.00    0.00    0.00    0.00   99.53
09:27:55     all    0.13    0.00    0.14    0.00    0.00    0.00    0.00    0.00    0.00   99.74
Average:     all   18.06    0.00    1.06    0.00    0.00    0.00    0.00    0.00    0.00   80.88
